[-688.78627522 -688.78627522 -688.78627522 -669.46979556 -637.22240018
 -630.23903945 -632.01829514 -631.84016289 -626.61294261 -622.56800584
 -584.79615974 -541.57515997 -526.28665763 -511.70761221 -520.32631603
 -525.41937836 -487.62992387 -463.93437292 -481.43289637 -507.15048563
 -533.37638143 -555.53217808 -562.89254181 -570.751118   -575.66673886
 -580.31635566 -586.30239289 -583.69764797 -584.07420416 -586.90777086
 -591.58344975 -590.31661875 -588.86651494 -584.31583452 -575.32477117
 -574.71726417 -574.65192313 -568.79547772 -560.82261606 -558.36172054
 -550.5440777  -551.67678495 -570.69633993 -582.45926401 -578.74878323
 -577.21884231 -572.27247977 -561.05315054 -551.0845103  -555.11012675
 -532.9548288  -500.19783968 -473.34921558 -458.38671801 -466.40043184
 -490.62439646 -504.71751559 -483.47888827 -444.39996906 -416.8671648
 -399.62370212 -386.38270864 -385.16519995 -383.39753806 -384.98330899
 -395.99230571 -418.77114168 -457.32470435 -483.77623748 -504.04372617
 -528.79164316 -540.65006351 -551.86931706 -538.42168602 -522.66786693
 -448.61226029 -402.43898633 -369.25905284 -344.66150374 -339.85463812
 -346.07831078 -359.05054207 -381.68879324 -418.36043235 -420.71831465
 -424.75017461 -442.07019636 -473.71853136 -497.92432734 -506.76859196
 -491.96019232 -465.17211091 -437.62647912 -413.2618855  -397.00890665
 -387.43057862 -380.43159663 -380.62238321 -385.9156565  -408.89573003
 -445.31415138 -447.19537085 -423.64999171 -409.69861055 -421.76970501
 -419.1826116  -414.03111317 -411.38165538 -409.3948078  -414.430613
 -422.28955066 -424.77374399 -433.04412884 -446.13547807 -465.14243707
 -475.31350041 -484.97074072 -470.66571196 -461.73441981 -441.57787421
 -424.61966855 -418.46253573 -410.06992175 -388.25115153 -382.71710277
 -374.99583127 -377.52929647 -403.3008162  -459.34606275 -463.1819207
 -439.9941535  -419.92016908 -415.70034158 -424.28816359 -437.02014625
 -440.45332788 -446.48749249 -456.199764   -471.18489834 -502.91154768
 -529.02919748 -526.53979044 -503.98049804 -471.53438923 -433.62582792
 -409.06600013 -408.19708495 -408.03464406 -415.44119394 -406.8824911
 -393.70061839 -402.00970144 -413.57775853 -416.48277025 -425.32529479
 -428.100571   -430.9097125  -435.22341028 -434.61080277 -439.31763306
 -461.18909589 -489.88601763 -526.57760081 -556.87115288 -569.93956724
 -575.31507513 -578.29402867 -585.65440046 -584.42138745 -536.81083562
 -485.29836792 -466.27322472 -468.50906048 -469.49827148 -459.32997261
 -438.67905851 -410.49011659 -413.50676925 -440.46395341 -465.16639659
 -478.29950337 -484.89439749 -503.1128343  -518.09517306 -532.28948339
 -540.96679799 -539.20852945 -522.33438917 -497.1848617  -466.97402519
 -429.87511077 -392.30829396 -354.70737211 -323.12689886 -308.81494961
 -319.81825886 -352.89774577 -374.00354533 -379.19369336 -379.99436632
 -357.81709203 -332.19465306 -320.43687128 -326.46221055 -343.56717381
 -378.9869813  -429.87264729 -470.17166558 -487.60609967 -486.63019621
 -466.14457224 -422.76859046 -404.25126667 -412.07447614 -404.32696848
 -388.3992363  -378.71626581 -361.54220467 -342.4168798  -322.99744435
 -313.06503317 -310.50474306 -316.30880649 -331.84968353 -347.09096583
 -368.97444087 -394.5534279  -414.2314758  -427.66775065 -444.76417465
 -463.0923767  -468.68490328 -470.32691477 -474.63826469 -468.72789588
 -456.40792706 -445.68484909 -447.39262353 -428.61715068 -381.85005597
 -364.24888435 -365.21907851 -360.96263828 -359.06783141 -358.66550583
 -369.29240295 -407.6301673  -445.23327048 -473.62549897 -485.26567561
 -478.41107414 -472.86831898 -455.41667202 -446.24171206 -438.55204305
 -399.81546132 -365.24382582 -358.13728067 -356.59277509 -348.21840122
 -349.77612735],[ -3.37507799e-14  -3.37507799e-14  -3.37507799e-14   2.63709148e+01
   6.52259121e+01   6.96718753e+01   6.61280560e+01   6.62393452e+01
   7.06318469e+01   7.36328314e+01   9.90009794e+01   1.31272698e+02
   1.31825029e+02   1.26470100e+02   1.27011721e+02   1.13624367e+02
   1.07819539e+02   1.09225229e+02   1.10481377e+02   1.12876279e+02
   1.11597906e+02   1.04131855e+02   1.05443301e+02   1.03303998e+02
   1.01172695e+02   9.90562703e+01   9.52839287e+01   9.69278980e+01
   9.88294120e+01   1.00010393e+02   9.29157092e+01   9.13376737e+01
   9.44899225e+01   9.31690557e+01   9.65265906e+01   9.68751366e+01
   1.00475092e+02   1.05887444e+02   1.15997812e+02   1.19813122e+02
   1.21409379e+02   1.18180190e+02   1.02612330e+02   9.16387917e+01
   9.49179401e+01   1.02745656e+02   1.09624167e+02   1.13731249e+02
   1.17146128e+02   1.12014313e+02   1.31951099e+02   1.46249908e+02
   1.53774829e+02   1.62107038e+02   1.62202252e+02   1.57289558e+02
   1.55153888e+02   1.60550191e+02   1.80360005e+02   1.87476356e+02
   1.82007920e+02   1.92338997e+02   2.06435357e+02   2.17667146e+02
   2.23679993e+02   2.23343365e+02   2.16249225e+02   1.98634721e+02
   1.85806290e+02   1.74539191e+02   1.58745959e+02   1.50391187e+02
   1.34492746e+02   1.24333177e+02   1.12977028e+02   1.08872697e+02
   1.23859315e+02   1.55047719e+02   1.74071544e+02   1.76606106e+02
   1.85344824e+02   1.86970377e+02   1.82808881e+02   1.79862856e+02
   1.83232828e+02   1.80405879e+02   1.75944543e+02   1.62036561e+02
   1.59095364e+02   1.56217277e+02   1.62343037e+02   1.71978389e+02
   1.81878826e+02   1.93705217e+02   2.04500454e+02   2.13732648e+02
   2.24525605e+02   2.28017941e+02   2.30686203e+02   2.20309413e+02
   1.95402207e+02   1.80023130e+02   1.82753101e+02   1.81060962e+02
   1.70024329e+02   1.48170036e+02   1.30412847e+02   1.36001546e+02
   1.44699930e+02   1.39426821e+02   1.08519073e+02   6.66370927e+01
   3.48911374e+01   1.07599986e+01  -1.64877427e+01  -2.77485610e+01
  -3.67845312e+01  -2.39590457e+01  -1.22833166e+01  -2.81867490e+00
   8.64769110e+00   2.24575667e+01   5.78206018e+01   1.18001524e+02
   1.47723455e+02   1.55658128e+02   1.64414817e+02   1.67656085e+02
   1.55311984e+02   1.50528375e+02   1.56224780e+02   1.58249948e+02
   1.57432178e+02   1.51982293e+02   1.43074325e+02   1.34368073e+02
   1.25892889e+02   1.17448007e+02   1.12037883e+02   1.01129305e+02
   1.01319920e+02   1.07540715e+02   1.16370276e+02   1.30785237e+02
   1.45447938e+02   1.54329968e+02   1.60223981e+02   1.63670429e+02
   1.59612932e+02   1.56746474e+02   1.50202879e+02   1.32892198e+02
   1.09149247e+02   8.90991241e+01   7.09876745e+01   6.11794620e+01
   4.99462041e+01   4.34318068e+01   5.54000532e+01   6.83640545e+01
   7.61888803e+01   8.80302195e+01   9.42553163e+01   1.05551749e+02
   1.12705558e+02   1.09278757e+02   1.04707935e+02   9.75310982e+01
   9.33991631e+01   1.05768590e+02   1.28249216e+02   1.36272603e+02
   1.31251067e+02   1.10938231e+02   9.65698045e+01   9.79464977e+01
   1.07998425e+02   1.09243734e+02   1.05545941e+02   1.03115320e+02
   1.15357325e+02   1.35318027e+02   1.41012924e+02   1.41045394e+02
   1.35596359e+02   1.27448065e+02   1.24433273e+02   1.35661033e+02
   1.51977963e+02   1.69677609e+02   1.91763034e+02   2.12170294e+02
   2.20336110e+02   2.02187866e+02   1.89768722e+02   1.79744765e+02
   1.65370579e+02   1.44392485e+02   1.42580388e+02   1.47025227e+02
   1.53942712e+02   1.64485294e+02   1.70221904e+02   1.69064620e+02
   1.68057627e+02   1.54378869e+02   1.40888061e+02   1.31512358e+02
   1.23279026e+02   1.18752273e+02   1.11092369e+02   1.17148143e+02
   1.29032015e+02   1.21323844e+02   1.30710530e+02   1.64562624e+02
   1.84505286e+02   1.91339771e+02   1.93885791e+02   1.87090306e+02
   1.80900144e+02   1.70468965e+02   1.57182344e+02   1.45607856e+02
   1.38943100e+02   1.30096467e+02   1.15434388e+02   9.65199897e+01
   8.15140572e+01   6.89766102e+01   5.83923011e+01   5.17041853e+01
   5.39368700e+01   5.21663271e+01   4.32668762e+01   4.75523161e+01
   5.73009140e+01   6.45674664e+01   1.05487621e+02   1.51488902e+02
   1.67681023e+02   1.66562824e+02   1.57432727e+02   1.49555933e+02
   1.43469677e+02   1.24436605e+02   1.04834965e+02   9.03317081e+01
   7.66411318e+01   5.67622649e+01   4.09164894e+01   3.28810540e+01
   4.95588639e+01   5.41029335e+01   4.22493324e+01   5.19091307e+01
   6.71403015e+01   8.68465517e+01   1.11650282e+02   1.41589288e+02
   1.53520391e+02],[  3.10862447e-14   3.10862447e-14   3.10862447e-14   2.36678624e+01
   4.90157659e+01   4.88379885e+01   4.42640848e+01   4.39837695e+01
   4.37660402e+01   4.26643754e+01   2.97188264e+01   2.76083420e+01
   2.27300602e+01   7.28710401e+00   1.57010579e+01   7.84051809e+00
  -1.01055089e+01  -2.30313944e+01  -2.35762023e+01  -1.54791997e+01
  -4.28467144e+00   5.98486209e+00   1.25816605e+01   1.67993574e+01
   2.12363190e+01   2.45388088e+01   2.60992540e+01   2.40814695e+01
   2.54569391e+01   3.02372641e+01   2.52648832e+01   2.22440877e+01
   2.71058466e+01   2.33141200e+01   2.02221309e+01   1.98224737e+01
   2.20317598e+01   2.03610965e+01   2.71417899e+01   3.19671623e+01
   3.47769960e+01   3.09929840e+01   2.17634766e+01   1.50453520e+01
   1.64254892e+01   2.31093666e+01   2.89878914e+01   2.29011776e+01
   1.98407012e+01   1.57064022e+01   2.42668827e+01   2.50315971e+01
   1.90040353e+01   1.18166883e+01   1.10252640e+01   2.00175422e+01
   2.48983271e+01   9.18599453e+00   3.29116090e+00  -2.26967534e+00
  -1.01597150e+01  -7.50967448e+00  -3.28602913e+00   1.89594307e+00
   5.81637205e+00   1.41555211e+01   3.02069934e+01   4.74813310e+01
   5.32557074e+01   5.64127279e+01   5.82863435e+01   5.87946439e+01
   5.34527256e+01   3.93486488e+01   1.86690349e+01  -5.79056406e+01
  -7.43378963e+01  -6.53171481e+01  -7.48851765e+01  -8.26766252e+01
  -8.09701856e+01  -7.39349537e+01  -5.85511357e+01  -3.10381465e+01
  -3.17686259e+01  -3.57246414e+01  -2.25670444e+01  -8.53584561e+00
   1.56475324e+01   2.68997482e+01   2.12325812e+01   3.59875119e+00
  -1.67116093e+01  -3.30874917e+01  -3.94398429e+01  -4.24896950e+01
  -4.00689576e+01  -3.45732162e+01  -2.09770182e+01  -8.07205930e+00
   2.12150207e+00  -3.20110782e+00  -1.42330680e+01  -1.49992158e+01
  -4.94716847e+00  -1.14125178e+01  -2.86247296e+01  -2.82665859e+01
  -1.67886229e+01   4.07972338e+00   1.14891337e+01  -3.18626432e+00
  -1.26775189e+01  -1.90270304e+01  -2.51246947e+01  -2.46145398e+01
  -2.43489658e+01  -3.41787865e+01  -4.42863432e+01  -5.94562396e+01
  -7.08150943e+01  -7.17194077e+01  -5.56380069e+01  -3.65495187e+01
  -4.58384989e+01  -5.92466121e+01  -5.47534318e+01  -3.89905761e+01
  -1.46612002e+01  -2.22394694e+01  -3.49704459e+01  -4.11402229e+01
  -4.17036616e+01  -3.53012487e+01  -2.41507103e+01  -3.03411917e+01
  -3.09098883e+01  -1.63039646e+01  -1.73707402e-01   9.41721266e+00
   2.02735160e+01   1.69482852e+01   5.73928186e+00  -9.51807661e+00
  -2.71501153e+01  -3.69142652e+01  -3.18766593e+01  -2.69099933e+01
  -2.12544866e+01  -2.37164165e+01  -3.36091303e+01  -3.56782836e+01
  -3.96937869e+01  -4.35914331e+01  -4.23955182e+01  -4.74956437e+01
  -5.85570419e+01  -6.56102626e+01  -6.37109251e+01  -5.75790161e+01
  -4.65598808e+01  -2.99948305e+01  -1.17241455e+01   1.53516809e+01
   2.95155126e+01   3.02983846e+01   2.89221960e+01   2.60664664e+01
   2.16164734e+01   1.58978353e+00  -1.44538378e+01  -1.76536895e+01
  -1.32685698e+01  -1.88529899e+01  -2.44312122e+01  -3.68109602e+01
  -5.65847648e+01  -5.28833335e+01  -3.52280194e+01  -3.35127745e+01
  -2.86414407e+01  -5.07632237e+00   2.01081466e+01   3.37727457e+01
   3.92791837e+01   3.88781396e+01   3.55224920e+01   3.91589026e+01
   3.30466640e+01   2.92238247e+01   2.14360114e+01   7.06806539e+00
  -1.62188935e+01  -4.79431318e+01  -5.72613042e+01  -3.98977563e+01
  -1.71683849e+01  -1.72797455e+01  -1.31760558e+01  -1.42389239e+01
  -3.33274177e+01  -5.56113380e+01  -7.13321550e+01  -7.76130274e+01
  -7.04517568e+01  -5.32998594e+01  -1.50333458e+01   1.60676434e+01
   2.60584991e+01   2.56325797e+01   4.00043245e-01  -2.53281395e+01
  -1.93214836e+01  -3.85963189e+00   6.82092410e+00   1.62684540e+01
   1.75557758e+01   2.65330061e+00  -9.61636903e+00  -3.20806621e+01
  -4.68579652e+01  -6.00507426e+01  -6.19599514e+01  -6.01409402e+01
  -5.04322281e+01  -3.67943549e+01  -2.34994419e+01  -1.82804793e+01
  -1.74565861e+01  -1.87535988e+01  -2.08918084e+01  -2.84918206e+01
  -2.71535060e+01  -2.98138105e+01  -3.52686959e+01  -3.94514965e+01
  -3.99989802e+01  -3.48761028e+01  -1.01490162e+01   1.68954020e+00
   3.76786442e+00   9.55683451e+00   1.20229145e+01   1.68969112e+01
   2.04235030e+01   2.42261136e+01   2.23883508e+01   1.81497918e+01
   1.36877180e+01   9.29097141e+00  -4.74899224e+00  -8.06451592e+00
  -1.20605286e+01  -1.23472193e+01  -1.32375245e+01  -2.33808953e+01
  -2.01600941e+01  -9.18378508e+00  -6.55473897e-01   6.33762835e+00
   1.18282305e+01],[ -5.68434189e-14  -5.68434189e-14  -5.68434189e-14   1.95938544e+01
   3.21548661e+01   3.19756340e+01   2.91548270e+01   3.02070649e+01
   2.80262431e+01   2.52441809e+01   1.21265891e+01   1.09413125e+01
   2.04972972e+01   2.41618156e+01   2.09140983e+01   1.98893719e+01
   3.62841356e+01   3.97884987e+01   3.06129798e+01   1.76914155e+01
   1.10722092e+01   1.21473864e+01   1.04297366e+01   9.75078353e+00
   1.41565569e+01   1.51076800e+01   1.35925711e+01   1.30776493e+01
   1.04321046e+01   9.81094765e+00   8.60606465e+00   9.70982594e+00
   1.26046190e+01   1.60563625e+01   1.96588819e+01   1.74535458e+01
   1.25980161e+01   8.96111919e+00   1.03391159e+01   1.01969975e+01
   1.32350141e+01   1.35067102e+01   9.86867085e+00   5.81656705e+00
   5.00161743e+00   1.35258977e+00   4.88832404e+00   8.31269498e+00
   1.43831352e+01   1.05435919e+01   2.25870020e+01   3.64696968e+01
   4.13019540e+01   3.41539187e+01   2.62266447e+01   2.48092371e+01
   1.15814282e+01   5.09798303e+00   1.00005404e+01   1.45514334e+01
   3.24872768e+01   4.19810496e+01   2.98063468e+01   2.13725026e+01
   2.02190600e+01   2.24259680e+01   2.94028908e+01   3.71238062e+01
   3.15742709e+01   3.07263299e+01   2.75195643e+01   2.76027655e+01
   3.42149718e+01   4.10216680e+01   4.40610183e+01   3.92657118e+01
   4.15800040e+01   4.59171074e+01   3.80313650e+01   3.37129555e+01
   1.82475044e+01   6.83918521e+00   5.70564821e+00   7.60933767e-01
  -2.74748627e+00  -3.57839648e+00   7.47318963e+00   1.40776623e+01
   1.83419471e+01   2.38531936e+01   2.35262667e+01   1.55952712e+01
   3.53614048e+00  -1.43504839e+01  -2.99875130e+01  -4.39446091e+01
  -5.25536472e+01  -5.32871595e+01  -4.71481005e+01  -3.77554023e+01
  -2.38769641e+01  -7.51757842e+00  -1.17427539e-01   8.92164550e+00
   1.55582678e+01   3.01112381e+01   3.75651282e+01   3.98525310e+01
   4.24581579e+01   5.18541119e+01   8.29856540e+01   1.09104486e+02
   1.20387816e+02   1.22825816e+02   1.32422615e+02   1.38998373e+02
   1.43794946e+02   1.33431100e+02   1.22746416e+02   1.19782734e+02
   1.14267170e+02   1.07128266e+02   9.90920929e+01   7.37214876e+01
   4.48109354e+01   3.51565269e+01   3.66621874e+01   3.17205532e+01
   2.46722851e+01   1.61625937e+01   1.98127271e+01   3.09461095e+01
   3.82152471e+01   4.51285870e+01   5.10109161e+01   5.10372155e+01
   5.05113683e+01   5.43911899e+01   5.49451008e+01   4.54843283e+01
   3.17153164e+01   2.92557464e+01   3.49854955e+01   3.83694367e+01
   3.88520429e+01   4.22000073e+01   4.47137302e+01   4.22924543e+01
   4.17890124e+01   4.40833200e+01   5.88801551e+01   7.51425265e+01
   8.63000492e+01   1.02103491e+02   1.13669774e+02   1.15581558e+02
   1.08892651e+02   1.06982267e+02   9.08576290e+01   7.26783311e+01
   6.33019696e+01   5.08162360e+01   2.91661411e+01   1.47168896e+01
   7.06801760e+00   4.85346972e+00   4.76413113e+00   4.28567598e+00
   8.95117318e+00   2.96321561e+01   3.63587552e+01   3.94863927e+01
   5.07599425e+01   7.02444723e+01   8.56759474e+01   6.95103344e+01
   3.91546268e+01   3.16286490e+01   3.55173960e+01   3.03841349e+01
   2.32526811e+01   2.44905877e+01   2.93808513e+01   2.97455171e+01
   3.05298265e+01   3.16457935e+01   3.51452816e+01   4.18008597e+01
   3.51507300e+01   3.09798768e+01   2.08575415e+01   9.14337969e+00
   5.34270329e+00   9.15585341e+00   2.42026062e+01   4.08190024e+01
   4.15831888e+01   4.45121976e+01   5.01296060e+01   5.24402079e+01
   5.72905275e+01   5.00291392e+01   4.65328442e+01   4.72303981e+01
   5.24712700e+01   5.93047075e+01   5.84863875e+01   5.47718194e+01
   5.55220544e+01   5.29005400e+01   3.96318036e+01   2.16366678e+01
   2.08324965e+01   2.95705857e+01   4.45907587e+01   3.71777392e+01
   2.71024348e+01   1.46615942e+01   8.94519684e+00   9.61965642e+00
   1.61780354e+01   2.47803036e+01   3.72024089e+01   4.50116242e+01
   5.31452595e+01   5.73494717e+01   5.87960655e+01   6.24393580e+01
   6.47721214e+01   6.05363754e+01   5.60193930e+01   4.37696756e+01
   3.86941468e+01   3.80429410e+01   4.45607151e+01   3.52043444e+01
   2.78292206e+01   2.37618979e+01   2.25927386e+01   2.52764750e+01
   2.65778443e+01   2.19379622e+01   2.64834534e+01   2.99932441e+01
   2.98326825e+01   3.92599541e+01   5.01802984e+01   5.12930756e+01
   4.76790277e+01   5.22494950e+01   4.97764936e+01   5.13433443e+01
   3.91127238e+01   3.92819255e+01   4.44122587e+01   4.77813608e+01
   6.07164544e+01   5.93601594e+01   5.07104782e+01   3.92502313e+01
   3.39983960e+01],[  4.17443857e-14   4.17443857e-14   4.17443857e-14   1.47105059e+01
   1.94060383e+01   2.11600963e+01   1.99623164e+01   2.21033446e+01
   1.97231240e+01   1.63682834e+01   1.22498734e+01   8.59550799e+00
  -1.78592547e+00  -6.50982721e+00  -3.63184411e+00   3.27535052e+00
   1.54101352e+00   3.90948275e+00   1.27367810e+01   1.89503813e+01
   2.24446337e+01   2.32049417e+01   2.01743062e+01   1.94977962e+01
   2.00015708e+01   1.89927404e+01   1.49418093e+01   1.77019488e+01
   1.65706050e+01   1.48645989e+01   1.34748474e+01   1.41787770e+01
   1.19975521e+01   1.08882626e+01   1.34043353e+01   8.06606199e+00
   4.10076197e+00   5.66853831e+00   3.54021216e+00   1.88768457e+00
  -3.10982464e+00  -2.55170102e+00   6.85610857e+00   9.24197716e+00
   5.43678211e+00   1.64075015e+00   5.62654333e-01   8.09384481e+00
   1.20098413e+01   1.18145442e+01   3.08109357e+01   3.37639821e+01
   2.85384166e+01   2.99613712e+01   3.43701225e+01   3.54271749e+01
   1.17216271e+01   1.23621476e+01   1.85448163e+01   1.17432044e+01
   1.04050734e+01   1.52010380e+01   8.69142947e+00  -4.22379793e+00
  -6.83477136e+00  -3.73703987e+00  -2.15896222e+00   7.94734719e+00
   1.16294856e+01   1.76854127e+01   1.93394136e+01   2.19373607e+01
   2.56608605e+01   2.05391120e+01   1.76770506e+01   3.39352008e+01
   2.60398837e+01   2.70685885e+01   2.60031317e+01   2.01753899e+01
   1.25801646e+01   8.06621999e+00   1.04627907e+01   1.33002210e+01
   2.71419960e+01   3.65083009e+01   4.77604640e+01   5.29367342e+01
   4.45312658e+01   3.50288994e+01   3.31809858e+01   2.95204019e+01
   2.32329728e+01   1.15072555e+01  -6.25274478e+00  -1.47886817e+01
  -1.91092842e+01  -2.31109914e+01  -2.40978301e+01  -1.88737634e+01
  -1.36582761e+01  -1.26254684e+01  -1.59658279e+01  -2.21908729e+01
  -2.69538738e+01  -2.55926866e+01  -2.29977136e+01  -2.15574908e+01
  -2.63304279e+01  -3.56114356e+01  -4.17107363e+01  -4.62824107e+01
  -5.51865967e+01  -6.12320936e+01  -5.83654188e+01  -5.94251891e+01
  -5.61504184e+01  -5.47024891e+01  -5.27148128e+01  -4.96119011e+01
  -5.02164092e+01  -4.08270340e+01  -2.65376130e+01  -9.12082527e+00
   1.15920259e+01   2.02498160e+01   3.05376273e+01   3.72092098e+01
   4.30005279e+01   4.36553160e+01   4.88601696e+01   5.02255246e+01
   5.41830268e+01   5.63268446e+01   5.38798636e+01   5.18562679e+01
   5.12201637e+01   4.56860213e+01   3.19272862e+01   1.54089620e+01
  -1.71118308e+00  -1.93525845e+00   8.29663729e+00   1.74954068e+01
   2.26692199e+01   2.33311978e+01   2.80710711e+01   1.92676029e+01
   1.23068831e+01   7.28072546e+00   1.14058395e+01   1.20974114e+01
   7.07183592e-01  -4.43956565e+00  -9.19474091e+00  -1.15728383e+01
  -1.23875778e+01  -7.68947639e+00  -1.32630138e+01  -1.45578867e+01
  -5.93791472e-01   1.70898871e+01   1.53031991e+01   8.95730464e+00
   8.32089446e+00   6.79357426e+00   4.20443269e+00   4.15073281e+00
   7.92193771e+00   2.52557370e+01   3.28216810e+01   2.90256000e+01
   3.21123948e+01   3.59745901e+01   3.03920545e+01   1.62119944e+01
  -5.62715104e+00  -1.58693975e+01  -1.14961337e+01  -1.76661553e+00
   1.00067361e+01   1.30530686e+01   8.05584390e+00   5.49409180e+00
   9.32630863e+00   9.80121873e+00   1.07013730e+01   5.51237903e+00
   1.64193123e+00  -1.19860571e+01  -2.73554872e+01  -3.63609365e+01
  -3.96353523e+01  -4.02861351e+01  -3.18502166e+01  -2.61348616e+01
  -3.26849766e+01  -3.78462731e+01  -4.14362052e+01  -3.44403163e+01
  -2.63337893e+01  -2.27361391e+01  -1.08902227e+01   2.44077663e+00
   2.04652057e+01   3.44405403e+01   3.01549228e+01   1.89986084e+01
   1.33832166e+01   5.85388525e+00  -9.21941678e+00  -3.18822912e+01
  -4.39503004e+01  -5.22835210e+01  -3.95876459e+01  -3.99743584e+01
  -4.84321065e+01  -4.97161918e+01  -4.80937413e+01  -4.37512456e+01
  -2.75466193e+01  -1.04461293e+01  -1.47870891e+00   6.68491538e+00
   1.15352743e+01   1.25612595e+01   1.09858305e+01   4.08990919e+00
  -5.02463042e+00  -8.71319259e+00  -1.03618379e+01  -2.39557070e+01
  -3.00696887e+01  -2.92808949e+01  -2.84883637e+01  -3.46652619e+01
  -3.74626711e+01  -3.93848571e+01  -4.69085709e+01  -4.55144503e+01
  -4.43642423e+01  -5.17541400e+01  -6.07888009e+01  -6.50396783e+01
  -6.46950961e+01  -5.94596923e+01  -3.95301278e+01  -2.06094506e+01
  -1.75840338e+01  -1.82921966e+01  -2.10096139e+01  -2.62036907e+01
  -2.73121893e+01  -2.60600461e+01  -2.86510153e+01  -3.70066517e+01
  -3.49653468e+01  -4.48282649e+01  -4.66993114e+01  -4.65102847e+01
  -4.57814953e+01],[ -5.15143483e-14  -5.15143483e-14  -5.15143483e-14   9.65277899e+00
   9.07403593e+00   7.04883226e+00   5.78208900e+00   7.21129910e+00
   5.31007799e+00   2.22687034e+00  -3.91361353e+00  -1.27760593e+01
  -2.45686530e+01  -2.90230177e+01  -1.95945914e+01  -3.51386557e+00
   2.27293493e+00   8.06831483e+00   8.79323897e+00   8.09970177e+00
   4.52591301e+00   3.14204857e+00   1.48916189e+00   2.97005422e+00
   1.43194488e+00   1.55729764e+00  -3.62553734e-01   7.23478499e-01
   2.54164187e+00   6.13794875e+00   5.46899945e+00   2.99453498e+00
  -1.29900834e+00  -3.50008475e+00  -3.11916853e+00  -8.86175157e+00
  -1.38626044e+01  -1.29039126e+01  -1.26627126e+01  -5.68740628e+00
   7.44180653e-01  -2.46241228e+00  -7.16164108e-01   2.90921870e+00
   1.52777571e+00   8.54052993e-01  -4.44848433e+00  -5.38732545e+00
  -9.33620220e+00  -4.02343356e+00   1.65824040e+01   1.88753494e+01
   2.09807205e+01   3.00990745e+01   3.05506748e+01   2.84949339e+01
   6.95751222e+00   1.00980679e+01   1.29585626e+01   6.93628102e+00
  -1.42266242e-01  -4.27873857e+00  -1.70996252e+01  -3.22931078e+01
  -4.39162202e+01  -4.99899795e+01  -5.13492295e+01  -3.56680900e+01
  -1.87001539e+01  -7.21641320e+00   2.68309650e+00   9.08009998e+00
   1.24752508e+01   1.17802845e+01   1.34571422e+01   6.95892945e+00
   2.45335992e+00   5.33436024e+00   1.00944826e+00  -8.97786374e+00
  -1.76422351e+01  -1.73621291e+01  -1.00505213e+01   1.89306582e+00
   9.35883664e+00   1.07409036e+01   1.24852695e+01   1.41225414e+01
   9.47972743e+00   1.47305206e+00  -1.20566026e+00  -7.16384783e+00
  -1.28950986e+01  -1.58809176e+01  -2.19259375e+01  -1.96000488e+01
  -1.90669318e+01  -1.98084285e+01  -1.66991092e+01  -1.44245204e+01
  -1.46879039e+01  -1.52835456e+01  -1.76692843e+01  -1.62866029e+01
  -1.65024931e+01  -7.54034240e+00  -6.77967389e-01  -1.03836420e+00
  -4.33430184e+00  -1.67938012e+00   6.78101288e+00   1.18848192e+01
   1.57497766e+01   1.47156151e+01   1.70683669e+01   1.11715841e+01
   9.12073698e+00   6.40346777e+00   3.36651553e-01  -4.29705186e+00
  -8.56410477e+00  -6.81901128e+00   3.89605391e-01   1.60255746e+01
   2.01190690e+01   1.33717716e+01   1.22238210e+01   1.54191620e+01
   2.33046478e+01   2.77400571e+01   2.63919517e+01   2.50543347e+01
   2.26226235e+01   2.20810874e+01   2.70141104e+01   2.45150507e+01
   2.41307016e+01   3.49456209e+01   3.44884540e+01   2.82335337e+01
   1.08646152e+01   1.56060410e+00   5.86780373e+00   1.06339769e+01
   1.42548348e+01   1.24479975e+01   1.13155185e+01   8.62273068e+00
   1.40238196e+01   2.06591765e+01   1.62782641e+01   1.01842048e+01
   6.59567369e+00   2.97944821e+00  -2.70911367e+00  -8.01833962e+00
  -9.32335861e+00  -1.31316826e+01  -2.12632304e+01  -2.00492904e+01
  -1.62539351e+01  -6.63914339e+00  -5.85075963e+00  -6.10513098e+00
  -2.07742173e+00   2.31552009e+00   1.30324419e+00   1.16336870e+00
   2.76340436e+00   6.11425959e+00   6.50083716e+00   3.57353089e+00
   2.01835355e+00  -6.25880218e+00  -1.07597444e+01  -2.17691536e+00
   8.39102353e+00   1.01321738e+01   1.05680430e+01   7.42304440e+00
   5.96621953e+00   2.21219909e+00  -3.69244982e+00  -7.98230584e+00
  -2.56986145e+00   5.16013410e-02  -2.11245668e+00  -9.67703981e+00
  -1.11189733e+01  -2.14733042e+01  -2.68705718e+01  -2.77980979e+01
  -2.18894318e+01  -1.30328055e+01  -6.88629744e+00   1.85718340e+00
   1.12991440e+01   6.91152940e+00  -3.37298704e+00  -2.89584071e+00
  -9.89479756e-01  -1.27441283e+00  -2.56230987e-01  -2.23622398e+00
   5.04290793e+00   1.81812254e+01   2.70512200e+01   3.11770271e+01
   2.82536487e+01   2.49647215e+01   1.78371468e+01   1.10500859e+01
   4.90078185e+00   1.22878557e+01   1.28266074e+01   3.18720487e+00
  -5.33464153e+00  -2.85580876e+00   6.83287487e+00   1.26878171e+01
   2.30136742e+01   2.96969410e+01   3.15928861e+01   3.24206699e+01
   3.73382072e+01   3.93074281e+01   4.90733184e+01   5.19473814e+01
   4.22813405e+01   3.76658604e+01   3.93536186e+01   3.51837424e+01
   3.40688297e+01   2.86786712e+01   2.26542015e+01   2.22173336e+01
   2.09154460e+01   2.24412444e+01   1.48879066e+01   1.57385695e+01
   8.94080074e+00   1.05060815e+01   1.47002568e+01   1.57868902e+01
   1.69532885e+01   2.69054612e+01   3.23503622e+01   3.28693876e+01
   3.03484351e+01   2.83447561e+01   3.27465810e+01   3.67767442e+01
   4.07225640e+01   3.73192882e+01   3.42178061e+01   3.30514928e+01
   3.83981582e+01   2.41861760e+01   1.70105929e+01   2.10589347e+01
   2.38278859e+01],[  4.17443857e-14   4.17443857e-14   4.17443857e-14   5.01696244e+00
   1.62396000e+00  -1.78378032e+00  -2.66199936e+00  -3.03969957e+00
  -1.51512458e+00  -2.91976361e+00  -7.65112855e+00  -9.05536012e+00
  -3.70328078e+00   1.74891354e+00  -1.49128015e+00  -1.66913452e+00
  -2.28487769e+00  -1.40811270e+00   2.92587177e+00   5.60493506e+00
   1.50142196e+00  -4.95191370e+00  -5.66012974e+00  -2.24074211e+00
   4.33711330e-01  -1.42554276e-01  -9.87160928e-01  -4.09260759e+00
  -6.06684212e+00  -1.43647366e+00   1.77745416e+00  -6.94808471e-02
  -4.39274992e+00   2.46426539e+00   1.00767556e+01   8.95570926e+00
  -7.83759068e-01  -5.13742763e+00  -3.08707471e+00   1.73156171e+00
   6.61767528e+00   1.49838395e+00  -2.47107416e+00   6.65144180e-01
   1.96828108e+00   1.96177988e+00  -1.47029127e+00  -5.30154190e+00
  -4.45886746e+00  -1.70464263e+00   5.99315000e+00   5.71645382e+00
   1.37569282e+01   1.68483115e+01   7.88277383e+00   1.21631368e+01
   1.35481001e+01   1.05951063e+01  -3.36459477e+00  -1.16362736e+01
  -7.26113809e+00  -9.40688646e-01  -3.87305723e+00  -6.62961750e+00
  -1.35149762e+01  -2.37179577e+01  -2.86716677e+01  -2.41227304e+01
  -1.73578475e+01  -7.78923203e+00   6.56746604e-01   7.28089544e+00
   1.49725808e+01   1.43976679e+01   1.47057264e+01  -3.19083772e+00
   1.43319301e+00   3.82846298e+00   3.13026711e+00   6.45198488e+00
   1.07722738e+01   7.14771265e+00   2.58903173e+00  -8.48893155e-01
  -6.81303908e+00  -1.53633039e+01  -1.92307561e+01  -1.86154908e+01
  -2.02162188e+01  -1.80871163e+01  -2.03605450e+01  -2.12934981e+01
  -1.55957482e+01  -1.16565921e+01  -1.16184572e+01  -1.04250539e+01
  -1.11061702e+01  -1.22810635e+01  -9.84146925e+00  -8.32286221e+00
  -5.35873730e+00   3.60995374e+00   1.37748391e+01   1.82318586e+01
   1.51409735e+01   1.12265728e+01   1.92960290e+01   2.54453065e+01
   2.35404706e+01   1.61604597e+01   2.42200099e+01   3.21010301e+01
   3.78517867e+01   3.53085823e+01   3.37736963e+01   2.86269068e+01
   2.58490797e+01   2.69668373e+01   2.60758687e+01   2.41197616e+01
   2.22571939e+01   1.35758818e+01   1.58280657e+01   1.93358801e+01
   9.32286612e+00   4.23886262e+00   8.45037518e+00   1.25844212e+01
   1.26907658e+01   9.25668718e+00   5.09166011e+00   5.03961686e+00
   2.78020265e+00   1.34401470e+00   2.16482793e-01  -9.05050708e-01
  -8.50215456e+00  -1.33257668e+01  -1.47751692e+01  -1.08133973e+01
  -1.10771077e+01  -8.66445064e+00  -4.91791026e+00   6.44142781e+00
   1.19632502e+01   1.29883367e+01   1.15086360e+01   1.76050286e+01
   2.86418928e+01   3.11411662e+01   3.20540527e+01   3.37188301e+01
   4.38341951e+01   4.58168364e+01   4.28343810e+01   3.26550274e+01
   2.25601833e+01   1.91289748e+01   1.63431292e+01   1.56072716e+01
   9.81752929e+00   5.56291009e+00  -2.67449905e+00  -3.65268758e+00
  -5.94147254e+00  -4.00756111e+00  -6.65196011e+00  -4.28582268e+00
   1.34466587e+00   8.10404456e+00   1.17169465e+01   1.79318762e+01
   1.97702614e+01   1.60632390e+01   1.75799278e+01   1.66246520e+01
   1.99620390e+01   1.56986964e+01   1.18860150e+01   9.92041777e+00
   1.76733693e+01   1.72013156e+01   1.43204238e+01   8.18147930e+00
   1.23339537e+01   1.25296087e+01   1.17658212e+01   1.08438838e+01
   9.71338361e+00   4.43123077e+00   7.13726639e+00   1.86895349e+01
   3.59259122e+01   2.98627801e+01   2.18540156e+01   1.76577760e+01
   1.37983576e+01   7.27335893e+00   7.02237978e+00   8.53826877e+00
   2.18325190e+01   3.32334726e+01   3.10345323e+01   1.83697144e+01
   1.58789491e+01   1.53755246e+01   1.09800445e+01   1.05062179e+01
   9.65131225e+00   1.15694170e+01   1.17310720e+01   1.77756967e+01
   1.31222579e+01   1.35315144e+01   4.67529950e+00   2.54584829e+00
   5.83548468e+00   1.56551261e+01   2.14220988e+01   1.98341933e+01
   1.46562598e+01   1.09626732e+01  -8.91396783e-01  -1.09742859e+01
  -6.83370227e+00  -5.81286914e+00  -4.60451485e+00   1.00119535e+00
  -3.97490535e-01  -5.91135550e-01   1.99086167e+00  -1.28967732e+00
  -5.84846369e-02   2.85397089e+00  -1.97695238e-01   2.27922922e-01
  -2.04601677e+00   2.80792157e+00   1.60443805e+00   4.14758565e+00
   1.27256607e+00   2.38005189e+00   4.57533873e+00   2.17196808e+00
  -6.24581028e+00  -9.56471054e+00  -5.65614649e+00  -2.97564726e+00
  -1.30553170e+00  -9.66894569e+00  -1.02937402e+01  -1.15304846e+01
  -6.13381026e+00  -1.05448591e+01  -2.07438431e+01  -1.99219504e+01
  -1.95959054e+01  -2.20736369e+01  -2.53003730e+01  -1.93182397e+01
  -1.15179532e+01],[ -6.92779167e-14  -6.92779167e-14  -6.92779167e-14   1.26256452e+00
  -3.30007160e+00  -2.92283736e+00  -1.80336282e+00  -2.47012728e+00
   3.75940445e+00   2.70700614e+00   7.59727704e-01   1.98709377e+00
  -3.56545626e+00  -5.05500861e+00  -6.07175065e+00  -7.55863765e+00
  -1.21597371e+01  -1.26372496e+01  -1.05312569e+01  -2.06225563e+00
  -1.50679790e+00  -6.19382430e+00  -4.82413143e+00   1.20340127e+00
   7.16461648e+00   5.22191834e+00   3.17360458e+00   1.20838541e+00
  -2.42688770e+00   3.17958969e-01   2.05971066e+00   1.56805819e-01
  -4.67756569e+00  -2.96324542e+00   2.19426333e+00   7.27529611e+00
   5.59366365e+00   6.89022529e-01  -8.11509048e-01   8.34988098e-01
   3.34791540e-01  -6.66780188e+00  -8.98532207e+00  -8.49201185e+00
  -5.60815679e+00  -5.61749711e+00  -5.61738773e+00  -6.69547794e+00
  -1.66474828e-02  -1.14454035e+00  -4.18363793e+00  -1.25155638e+01
  -1.60015219e+01  -2.30217248e+01  -2.45273256e+01  -1.65392810e+01
   4.40220931e+00  -5.39024422e+00  -2.64507055e+01  -3.01454171e+01
  -2.24264455e+01  -6.37157035e+00   1.51927198e+00   8.80113948e-01
  -4.33523831e+00  -7.49441786e+00  -9.22253442e+00  -1.43227240e+01
  -1.70254675e+01  -5.21739072e+00   3.69030498e+00   8.21501389e+00
   1.35301670e+01   7.36201662e+00   6.71130728e-01  -3.10240256e+00
  -4.31157050e+00  -2.55332521e+01  -4.31899018e+01  -5.06146830e+01
  -4.48320212e+01  -4.35992812e+01  -4.57935006e+01  -4.22782699e+01
  -3.97429611e+01  -3.99328705e+01  -3.37373238e+01  -2.68729155e+01
  -2.48233617e+01  -1.66371613e+01  -2.25750899e+01  -2.65831815e+01
  -2.10885653e+01  -2.15404143e+01  -2.62593114e+01  -2.34361497e+01
  -1.99834430e+01  -2.22090753e+01  -2.10150585e+01  -1.46411390e+01
  -5.36540290e+00  -4.76781961e+00  -5.13356383e+00  -7.52262361e+00
  -3.97112878e+00  -2.30039023e+00   9.13265297e-01  -7.37306877e+00
  -1.17233769e+01  -4.82047767e+00  -5.71104874e+00  -4.28656572e+00
   4.10149468e+00   4.72240099e+00  -3.66700748e+00  -5.77428373e+00
  -4.10693945e+00  -1.72014558e+00  -1.07875709e+00  -6.24165844e+00
  -1.14463455e+01  -1.83864277e+01  -1.86257656e+01  -2.14407285e+01
  -2.49086627e+01  -2.43444319e+01  -1.93138055e+01  -1.32751771e+01
  -1.29371540e+01  -1.58341433e+01  -1.80261347e+01  -1.95560381e+01
  -1.64295730e+01  -1.43712224e+01  -1.24217115e+01  -1.13005024e+01
  -1.23279767e+01  -9.83943387e+00  -1.06007637e+01  -8.68088750e+00
  -1.14278015e+01  -1.94091075e+01  -3.04714413e+01  -3.18249217e+01
  -3.06689707e+01  -3.26545845e+01  -3.05655029e+01  -3.05067183e+01
  -2.67711400e+01  -2.47892243e+01  -1.71313870e+01  -1.30637454e+01
  -7.33865390e+00  -6.20711672e+00  -1.80127501e+00  -2.66612685e+00
  -7.39774764e-01   8.88104671e+00   1.77403626e+01   2.28766663e+01
   1.73834705e+01   1.02686111e+01  -5.83346067e-01  -3.75801000e+00
  -6.17715887e+00  -8.51825208e+00  -1.38116981e+01  -1.03372748e+01
  -7.09159511e+00  -1.64332709e+01  -1.55284401e+01  -1.18705859e+01
  -4.96886398e+00   1.54040580e+01   2.22815375e+01   1.82556926e+01
   1.12374622e+01   8.36048610e-01  -4.36875751e+00  -1.26944306e+01
  -2.63464773e+00   3.48048973e+00   9.11401173e-01   1.69596477e+00
   4.98043436e+00   5.57305922e+00   3.21464975e+00  -5.46970504e+00
  -7.97309767e+00  -1.07759579e+01  -1.13643764e+01  -3.78873589e+00
   8.43771977e-01  -3.97262427e+00  -5.85215101e+00  -2.08671977e+00
  -2.58305102e+00   3.19304988e+00   9.82846104e+00   2.20674960e+00
  -4.11715339e+00  -6.51911480e+00  -2.20387158e+01  -4.22804269e+01
  -4.16501547e+01  -3.60422908e+01  -2.71434608e+01  -1.64085118e+01
  -5.46077206e+00   6.25637239e+00   1.82570378e+01   3.17730259e+01
   2.62938395e+01   1.95419500e+01   1.28601719e+01   7.82098477e+00
   1.18133050e+01   1.92310328e+01   1.62520742e+01   2.79464579e+00
  -1.12801463e+01  -1.97402240e+01  -3.00935259e+01  -3.42090222e+01
  -2.53839754e+01  -2.34384590e+01  -2.67303883e+01  -2.07211801e+01
  -7.60875159e+00   6.48740291e+00   4.71798776e+00  -1.64164245e+00
  -2.08514386e+00   1.41960696e-01   4.94650747e+00   9.68338644e+00
   8.26335853e+00   1.00551305e+01   7.17573069e+00   1.43691309e+01
   1.54339681e+01   1.54299280e+01   1.35921767e+01   1.84377147e+01
   2.45252055e+01   2.83249967e+01   2.01599881e+01   1.43191718e+01
   1.15922380e+01   1.96728876e+00   4.04076201e+00   4.42073787e-01
   2.42816540e+00   1.91573845e+00   4.19882979e+00   6.49191287e+00
   7.65496673e+00   3.77736623e+00  -4.46031734e+00  -5.83315371e+00
  -4.75995513e+00],[  3.55271368e-14   3.55271368e-14   3.55271368e-14  -1.35261441e+00
  -6.92769572e+00  -5.01499678e+00  -3.14009599e+00  -3.60210989e+00
   3.86522191e+00   1.96062895e+00  -3.96702351e+00  -2.11133442e+00
  -1.19426449e+01  -1.11531697e+01  -6.07883383e+00  -6.82491231e+00
  -6.90526625e+00  -1.07868624e+00  -3.58352002e+00  -5.78119291e+00
  -7.98252007e+00  -9.09507897e+00  -8.08377124e+00  -7.24642474e+00
  -7.81042634e+00  -8.94762812e+00  -1.12942881e+01  -9.30534592e+00
  -8.76641582e+00  -6.44158744e+00  -9.30392663e+00  -1.15374972e+01
  -1.32660216e+01  -1.99662404e+01  -2.53594450e+01  -1.96418224e+01
  -1.18158232e+01  -1.51493494e+01  -1.84662315e+01  -1.32902670e+01
  -1.28122786e+01  -1.85027190e+01  -2.00040102e+01  -1.86660703e+01
  -1.05595939e+01  -1.47957172e+01  -1.37808260e+01  -1.08984902e+01
  -5.94836029e+00  -5.59819661e+00  -1.42702192e+00  -8.39550494e+00
  -1.64323952e+01  -2.23315700e+01  -2.33067265e+01  -1.61137270e+01
   5.15544253e-01  -6.35841520e+00  -1.96198111e+01  -2.09072822e+01
  -1.06784872e+01   7.67900831e+00   1.08844621e+01   1.18986164e+01
   1.04027095e+01   7.55197589e+00   3.70408560e+00  -7.32932481e+00
  -1.10758032e+01  -3.75667529e+00   2.62302955e+00   4.42961335e-01
   3.90371871e+00   8.94598578e+00   7.09039805e+00   1.14464419e+01
   9.40059835e+00  -1.25481669e+01  -2.88137354e+01  -4.01501569e+01
  -4.23635328e+01  -4.24844809e+01  -4.05314071e+01  -3.84674000e+01
  -3.63110572e+01  -2.97431298e+01  -1.68282005e+01  -1.63800095e+01
  -1.87632329e+01  -1.21674156e+01  -1.26068239e+01  -2.58978618e+01
  -3.41563198e+01  -3.94244127e+01  -3.95410772e+01  -3.32926602e+01
  -2.68396302e+01  -2.44150279e+01  -1.93401102e+01  -1.42625892e+01
  -5.51013195e+00  -6.00183878e+00  -9.35760484e+00  -1.10570978e+01
  -1.08861982e+01  -1.02119332e+01  -8.31540937e+00  -1.63026033e+01
  -1.58548987e+01  -7.75603741e+00  -7.07939090e+00  -1.07124181e+01
  -2.79906240e+00  -4.28568096e+00  -1.66236671e+01  -1.85071933e+01
  -1.63715746e+01  -8.98931944e+00  -5.84722739e+00  -9.89726773e+00
  -1.03775859e+01  -1.09530445e+01  -1.12261968e+01  -1.82704652e+01
  -1.81076256e+01  -2.53231977e+01  -2.58690019e+01  -2.42835249e+01
  -2.21585794e+01  -1.48468865e+01  -8.71605692e+00  -3.07099911e+00
   2.04527538e+00   1.03882736e+00   2.02538891e+00   1.71949765e+00
  -8.97927031e-01   6.24778054e+00   1.08926980e+01   1.51377054e+01
   7.60257297e+00  -3.52479188e+00  -7.20069054e+00  -1.53186397e+01
  -1.24433799e+01  -1.10569950e+01  -1.15762944e+01  -1.55637447e+01
  -1.47582708e+01  -1.07547880e+01  -5.08431666e+00  -3.09202793e+00
   7.71733544e-01  -1.51305247e+00  -4.23447592e+00  -1.07636643e+00
   2.50401657e+00   7.45565066e+00   1.30703588e+01   1.33410467e+01
   6.09427835e+00  -4.57407316e+00  -1.35631105e+01  -1.68747389e+01
  -1.46280607e+01  -1.32848069e+01  -1.39596767e+01  -1.14796244e+01
  -1.18792524e+01  -1.73336238e+01  -1.50730800e+01  -1.65971154e+01
  -1.96028340e+01  -1.24315687e+01  -1.23757822e+01  -1.44428439e+01
  -1.04072930e+01  -6.40986984e+00  -1.18556610e+00  -5.73719048e+00
  -8.65712272e+00  -5.52948117e+00  -4.72698328e+00  -2.76536740e+00
  -3.26853221e+00   2.66395414e+00  -1.76805904e+00  -9.16689678e+00
  -7.34797097e+00   1.24809799e-01   1.88800907e+00  -3.44729397e+00
  -1.46449944e+01  -2.32493586e+01  -2.17489538e+01  -1.93237332e+01
  -9.21684013e+00   1.15234923e+01   1.33619158e+01   8.15007501e+00
   5.99470234e+00  -3.68688719e+00  -1.80511374e+01  -2.72722947e+01
  -1.35573285e+01  -8.74729167e+00  -7.62519597e+00  -3.49898530e+00
   5.33062076e+00   8.48174278e+00   1.48477001e+01   9.50921510e+00
  -1.43654826e+00   4.22901749e-01   6.47257063e+00   1.50568199e+00
   6.71902525e+00  -4.49129205e+00  -2.36307286e+01  -4.05070962e+01
  -4.82378532e+01  -5.02924088e+01  -4.58311486e+01  -3.93289491e+01
  -2.52030398e+01  -2.25830682e+01  -2.17806889e+01  -2.00954724e+01
  -1.19212587e+01   4.72305576e+00   7.08966423e+00   2.90777061e+00
   1.71257952e+00  -9.44097564e-01  -1.62811650e+00  -1.88825570e+00
  -1.38950281e+00  -2.59120989e+00  -5.98731694e+00  -7.02681013e-01
  -1.17145703e+00  -2.16092962e+00  -1.05572417e+01  -1.32936917e+01
  -1.34818292e+01  -1.09990703e+01  -5.63136743e+00  -4.80563374e+00
  -8.73541204e-01  -1.99216099e+00  -6.18470426e+00  -1.53515458e+01
  -2.31650465e+01  -2.65902535e+01  -2.59159458e+01  -1.77258757e+01
  -1.07449521e+01  -1.12819841e+01  -1.74434169e+01  -1.86319282e+01
  -2.40666144e+01],[ -2.13162821e-14  -2.13162821e-14  -2.13162821e-14  -2.79292598e+00
  -8.11051380e+00  -8.13616048e+00  -8.35600461e+00  -1.06200507e+01
  -5.28818409e+00  -5.81699840e+00  -1.38758804e+01  -8.66835270e+00
  -5.89815304e+00   1.25612484e-01  -2.72025586e-03  -7.24765479e+00
  -1.76353775e+01  -1.36813986e+01  -1.07206708e+01  -1.33782281e+01
  -1.41583733e+01  -1.16346952e+01  -9.39525841e+00  -1.24777241e+01
  -1.73228042e+01  -1.89114036e+01  -2.12109870e+01  -1.71671234e+01
  -1.52192983e+01  -1.52716671e+01  -1.71824405e+01  -1.57507552e+01
  -1.27966580e+01  -1.37674889e+01  -1.77496705e+01  -1.85930481e+01
  -1.63529578e+01  -1.64968961e+01  -1.68976332e+01  -1.93250906e+01
  -2.80732472e+01  -3.12106678e+01  -2.38973911e+01  -1.75573072e+01
  -1.01774384e+01  -1.73263972e+01  -1.29438014e+01  -6.52294060e+00
  -4.81049861e+00  -5.24978199e+00   5.17201275e+00   4.86725995e+00
   4.18364047e+00   7.69682012e+00   6.04118848e+00   4.63545431e+00
   3.72286694e+00  -1.53287037e+00  -6.22880254e+00  -1.04981135e+01
  -1.31384647e+01  -3.29901793e+00   6.63085946e+00   1.32295601e+01
   2.07469409e+01   2.26762483e+01   1.38715643e+01   3.83824392e+00
   1.42443109e+00   1.32707191e+00   2.54444363e+00  -2.08075231e+00
   9.90645043e-01   1.46450906e+00  -5.08598068e-01  -6.14984923e+00
  -7.18956314e+00  -6.40512555e+00  -1.02088871e+01  -1.03965728e+01
  -5.34497042e+00  -7.93078598e+00  -1.34724590e+01  -1.62369923e+01
  -1.37636215e+01  -9.32111001e+00   2.52006346e+00   7.77729073e-01
  -2.85264259e+00  -4.53530225e+00   2.12335979e+00  -5.12268161e+00
  -1.17958387e+01  -1.74923011e+01  -1.63725284e+01  -1.89375612e+01
  -1.73728065e+01  -1.70619458e+01  -1.70112525e+01  -1.75764807e+01
  -1.35830552e+01  -1.77782494e+01  -1.33029775e+01  -1.45032935e+01
  -1.33996700e+01  -1.73544134e+01  -1.55569652e+01  -1.61796123e+01
  -1.21843452e+01  -1.29301370e+01  -1.32393301e+01  -1.48058578e+01
  -1.30102492e+01  -1.13750628e+01  -1.96901423e+01  -2.49314863e+01
  -2.24457995e+01  -1.19363957e+01  -8.26301543e+00  -1.13949039e+01
  -1.46706204e+01  -1.55220561e+01  -1.94338390e+01  -2.43809913e+01
  -2.51077691e+01  -2.72729012e+01  -2.35368574e+01  -2.34690777e+01
  -2.00236082e+01  -9.16157121e+00  -4.84290093e+00  -2.11742274e+00
   9.01407497e-01   2.46025193e+00   2.49547384e+00   1.16356518e+00
  -3.05013143e+00  -7.71288189e+00  -6.06035377e+00  -8.49214974e+00
  -7.85718742e+00  -3.85298385e+00   4.20351768e+00   2.40144677e+00
  -1.72539482e+00  -2.65019799e+00   2.26332367e+00   6.55512083e+00
   6.09553929e+00  -4.64755352e+00  -1.11703660e+01  -1.23998115e+01
  -1.42597234e+01  -1.90340229e+01  -2.56202999e+01  -2.89292138e+01
  -3.20626310e+01  -3.49814529e+01  -3.54808429e+01  -3.44202229e+01
  -3.17943525e+01  -3.52649804e+01  -3.26489204e+01  -2.64417875e+01
  -2.05485658e+01  -1.56288076e+01  -1.19455554e+01  -1.37956587e+01
  -1.28439817e+01   2.99042102e-01   4.88925240e+00   8.59875975e+00
   2.84952963e+00  -1.27520931e+01  -1.71620972e+01  -1.58572160e+01
  -1.84333900e+01  -2.16341893e+01  -1.44125748e+01  -5.69209173e+00
  -1.26246485e+01  -1.20684868e+01  -1.40269768e+00  -1.66641461e+00
  -1.70214796e+00   2.76896668e+00  -9.69183806e-01   1.97016913e+00
   4.89575535e+00   4.69558452e+00   9.46792133e-02  -1.41067569e+01
  -3.00907986e+01  -3.75702470e+01  -3.23564381e+01  -3.27072313e+01
  -2.17018477e+01  -4.06026258e+00  -1.00620476e+01  -1.71071010e+01
  -1.97135755e+01  -2.34957581e+01  -2.15393535e+01  -1.69926825e+01
  -1.68387837e+00  -1.50373460e+00  -1.44617035e+00  -7.08963343e+00
  -4.43206986e+00  -5.06858717e+00  -1.25571242e+01  -2.53144850e+01
  -3.45454709e+01  -2.60719506e+01  -9.68000402e+00  -1.47760287e+01
  -2.65591380e+01  -3.61709173e+01  -4.84660786e+01  -5.09109273e+01
  -4.54098398e+01  -3.66129212e+01  -2.90063896e+01  -2.79693645e+01
  -1.77267711e+01  -1.21007861e+01  -6.76642024e+00  -9.15187741e+00
  -1.00459339e+01  -4.57323313e-01  -3.07105192e+00  -1.33162321e+01
  -1.86643487e+01  -1.91625404e+01  -1.68251414e+01  -1.31468894e+01
  -8.97467912e+00  -1.20687260e+01  -2.37271186e+01  -2.74997494e+01
  -2.53027170e+01  -2.22743251e+01  -3.08064018e+01  -3.38857802e+01
  -3.07064635e+01  -2.65758007e+01  -1.89517610e+01  -7.16726315e+00
  -7.43516259e-01   2.33830668e+00  -6.67167223e+00  -1.69404563e+01
  -3.08331523e+01  -2.75277489e+01  -9.67779839e+00  -7.64210524e+00
  -7.35010936e+00  -6.32062268e+00  -7.35576899e+00  -1.10976788e+01
  -1.53351035e+01],[  2.57571742e-14   2.57571742e-14   2.57571742e-14  -3.21972041e+00
  -6.35643298e+00  -7.53519327e+00  -9.57405060e+00  -1.33172758e+01
  -1.01779337e+01  -8.69648009e+00  -1.46440497e+01  -1.85960510e+01
  -1.61763085e+01  -1.33537069e+01  -1.42902691e+01  -8.07484600e+00
  -7.25960927e+00  -6.84656908e+00  -1.15493840e+01  -1.26842162e+01
  -1.57311634e+01  -1.34181975e+01  -1.16152345e+01  -9.44480128e+00
  -7.90719190e+00  -1.11871230e+01  -1.40564287e+01  -7.72152506e+00
  -4.97946662e+00  -8.08661512e+00  -9.12333512e+00  -6.27908605e+00
  -3.60754237e+00  -3.13583909e+00  -2.96473936e+00  -9.15569670e+00
  -1.36220837e+01  -9.44504727e+00  -8.44000419e+00  -1.37282498e+01
  -1.64119116e+01  -1.85609679e+01  -1.48036758e+01  -1.37852704e+01
  -1.01727168e+01  -1.41510521e+01  -1.10144264e+01  -1.06527039e+01
  -1.00660856e+01  -8.24841662e+00  -3.64462598e+00  -2.51424066e+00
  -9.30476672e-01   7.30833530e+00   1.39141476e+01   6.67738499e+00
  -8.00741631e+00  -1.30834469e+01  -6.43720248e+00  -5.09382630e+00
  -1.17569495e+01  -1.11510315e+01  -3.62191707e+00  -7.17927676e+00
  -6.57990373e+00  -2.32511680e+00  -6.47405068e+00  -7.36232055e+00
  -4.98554463e+00  -5.52245863e+00  -4.16965973e+00  -1.83660368e+00
  -6.93817513e-01  -4.75126802e+00  -3.80368868e+00  -5.90188798e+00
  -1.09266175e+01  -1.20676648e+01  -2.19917732e+01  -2.46255327e+01
  -2.18997926e+01  -2.34309729e+01  -2.96573637e+01  -2.19811919e+01
  -1.17972997e+01  -1.15641175e+01  -6.48287079e+00  -7.85879071e+00
  -6.66542742e+00  -8.19677234e+00  -1.41001574e+00   5.73888479e+00
   7.38873288e+00   2.43948210e+00   6.50093673e-01  -2.27216595e+00
  -2.23815353e+00  -9.44545447e+00  -1.62895106e+01  -2.22687347e+01
  -2.60806467e+01  -3.54614322e+01  -3.85400727e+01  -4.54418966e+01
  -4.04581931e+01  -2.36684592e+01  -1.67018209e+01  -2.38486400e+01
  -2.68838857e+01  -2.51817629e+01  -1.69801831e+01  -4.28167863e+00
   6.66385703e+00   1.23854358e+01   9.05944409e+00   7.90707889e+00
   1.11242333e+01   1.49116373e+01   1.48230008e+01   1.85395870e+01
   1.95424226e+01   2.03029471e+01   9.56306232e+00  -4.47741711e+00
  -1.20741032e+01  -1.16424836e+01  -1.26328179e+01  -1.68084140e+01
  -1.77134663e+01  -7.24655694e+00  -1.18318752e+01  -1.88925273e+01
  -2.12551268e+01  -1.62832289e+01  -9.02330802e+00  -3.96404808e+00
  -1.76761279e+00  -2.51196170e-01  -5.85231155e-02  -2.39519020e+00
  -9.10976257e-01  -1.21247652e+01  -1.59468366e+01  -1.62830497e+01
  -2.38136369e+01  -2.52611051e+01  -1.52885512e+01  -1.36723580e+01
  -1.74024052e+01  -2.32167058e+01  -2.27009243e+01  -1.92189727e+01
  -1.49016731e+01  -5.81716577e+00  -2.95968948e+00  -9.45394253e-01
  -1.56369887e+00  -3.42928818e+00  -1.00287096e+01  -1.77541001e+01
  -1.92612789e+01  -2.27677730e+01  -2.14814804e+01  -1.75374155e+01
  -1.77540714e+01  -1.41100165e+01  -1.13472640e+01  -1.71937936e+01
  -1.72072129e+01  -1.30197425e+01  -1.95371505e+01  -1.71345793e+01
  -7.80050477e+00  -4.06095798e+00  -1.26866790e+00   2.21499881e+00
  -4.09996743e+00  -1.73956428e+01  -2.32617436e+01  -1.72997035e+01
  -1.97830636e+01  -2.02035497e+01  -1.12378789e+01  -7.44383244e+00
  -8.14436090e+00  -9.40499614e+00  -9.79510311e+00  -6.99252347e+00
  -1.05748508e+01  -1.57695243e+01  -1.82227005e+01  -2.61057105e+01
  -3.32196210e+01  -2.81702587e+01  -1.88218514e+01  -1.80323551e+01
  -1.72205049e+01  -9.72252669e+00  -8.35713297e+00  -1.55556791e+01
  -2.59581392e+01  -3.21037001e+01  -2.87792715e+01  -2.53216886e+01
  -1.74013394e+01  -1.43131453e+01  -3.72609774e+00  -1.47906857e+00
   5.69122103e+00   7.10685134e+00  -1.36109232e-01  -7.65630027e+00
  -1.35856545e+01  -7.47377214e+00  -1.65708233e+00  -6.26892825e+00
  -1.75420705e+01  -2.18708150e+01  -1.94586677e+01  -7.07689645e+00
   3.05505215e-01  -1.47426841e+00   4.38528187e-02  -2.80101341e+00
   3.01731624e+00   1.33439305e+00   3.46752243e+00   4.62814860e+00
   9.83404527e+00   1.12036073e+01   5.61269639e+00  -1.70051719e+00
  -5.66970159e+00  -7.17645526e+00  -6.49086182e+00  -3.18858601e+00
  -5.98782196e+00  -7.76927824e+00  -1.66381820e+01  -1.61278630e+01
  -1.59954884e+01  -1.86320759e+01  -2.35196218e+01  -2.50234953e+01
  -2.49848700e+01  -2.26960698e+01  -1.92528503e+01  -1.31006070e+00
   3.05463484e+00   1.23361996e+00  -5.68935041e+00  -1.06372086e+01
  -2.61553077e+01  -2.45601836e+01  -4.82994093e+00   2.08541125e+00
   1.06289015e+00  -3.95293231e+00  -1.66548332e+00   1.66985632e+00
   2.71289688e+00],[  3.55271368e-15   3.55271368e-15   3.55271368e-15  -2.92948537e+00
  -3.05526154e+00   1.42452674e-02  -1.67562424e+00  -4.89305380e+00
  -3.48456672e+00  -1.86466607e+00  -8.32647027e+00  -2.27619741e+01
  -2.82349331e+01  -2.58501280e+01  -2.62443206e+01  -1.75051133e+01
  -7.93769763e+00  -7.75815535e+00  -1.16687070e+01  -7.50417103e+00
  -1.02192778e+01  -1.04683388e+01  -1.04568220e+01  -6.44949989e+00
  -2.63560948e+00  -3.77242915e+00  -5.38084146e+00  -9.20882362e-02
   5.99651285e+00   3.89947183e+00  -7.37206537e-01  -9.92260126e-01
  -6.46459041e-01  -3.65790737e+00  -7.46951441e+00  -1.30599901e+01
  -1.53946020e+01  -1.24291959e+01  -1.35151705e+01  -1.25099560e+01
  -5.75910353e+00  -1.00546629e+01  -1.13897532e+01  -1.00912164e+01
  -5.41076516e+00  -5.29436286e+00  -1.09191391e+01  -1.74789335e+01
  -1.52694419e+01  -8.39042965e+00  -1.74014379e+01  -2.34800580e+01
  -2.75102595e+01  -2.81769600e+01  -2.29664945e+01  -1.95492678e+01
  -2.33268014e+01  -2.30816370e+01  -1.21919205e+01  -8.49833142e+00
  -1.79758166e+00  -1.45995739e+00  -5.97861374e+00  -1.44913390e+01
  -1.93718425e+01  -1.92692642e+01  -1.42417796e+01  -8.40007281e+00
  -6.55138967e+00  -8.58603806e+00  -1.04185000e+01  -5.83771325e+00
  -2.96411447e+00   2.66578719e+00   1.58962988e+00  -1.59178205e+00
  -1.33865112e+01  -2.47817692e+01  -2.49792381e+01  -1.74924603e+01
  -1.36241124e+01  -1.44401870e+01  -1.49078732e+01  -1.27707437e+01
  -7.50933107e+00  -1.20799104e+01  -1.58797047e+01  -2.76211276e+01
  -3.21112112e+01  -2.83536792e+01  -2.04145033e+01  -1.51263130e+01
  -1.81555526e+01  -1.89747933e+01  -1.27226884e+01  -6.70616408e+00
  -3.06436365e+00  -7.38960894e+00  -1.10773527e+01  -1.97381407e+01
  -2.42381069e+01  -2.35024228e+01  -2.87542592e+01  -3.58152829e+01
  -3.99308600e+01  -3.25211121e+01  -2.76422008e+01  -3.06310013e+01
  -3.30751337e+01  -3.36605523e+01  -2.72828126e+01  -2.09745365e+01
  -1.67754001e+01  -1.55038631e+01  -1.79178518e+01  -1.57392406e+01
  -1.20663475e+01  -8.72359317e+00  -7.21320948e+00  -1.50802593e+00
  -3.37529322e+00   2.53500174e+00   6.46623630e-01  -1.37105010e+01
  -1.98166356e+01  -2.26149522e+01  -1.96010802e+01  -1.76149170e+01
  -1.15600541e+01  -5.38633714e+00  -1.26551143e+01  -1.78228420e+01
  -1.93066021e+01  -2.21022861e+01  -2.37243893e+01  -2.21907013e+01
  -2.55469579e+01  -2.96543817e+01  -2.70791425e+01  -2.03419367e+01
  -1.40210558e+01  -2.24290881e+01  -2.09740169e+01  -2.51982241e+01
  -2.59523016e+01  -2.33777647e+01  -1.89176763e+01  -2.05958524e+01
  -1.95698695e+01  -2.54944782e+01  -2.26446177e+01  -2.09295518e+01
  -1.52973178e+01  -3.79240066e+00  -8.34333195e-01  -2.09136995e+00
  -1.18209264e+00   3.20452678e+00   4.24691770e+00  -2.98179914e+00
  -3.25443083e+00  -2.20189740e+00  -7.42123179e+00  -7.04927226e+00
  -1.23017551e+01  -1.29774111e+01  -1.35080707e+01  -1.39165845e+01
  -1.46493968e+01  -2.37667135e+01  -2.99588063e+01  -3.43980851e+01
  -2.94942154e+01  -1.56803412e+01  -5.43040864e+00  -5.50624374e+00
  -6.76736770e+00  -1.24040242e+01  -1.33410371e+01  -5.20563642e+00
  -5.84039792e+00  -9.43865543e+00  -1.48731425e+01  -1.14002791e+01
  -1.14877979e+01  -1.47151045e+01  -1.25056943e+01  -1.17589383e+01
  -1.71641004e+01  -1.26711758e+01  -6.51172645e+00  -6.89588317e+00
  -5.95590776e+00  -1.50878575e+01  -1.58062937e+01  -2.15175771e+01
  -3.48803023e+01  -3.57743839e+01  -3.09460687e+01  -2.91954897e+01
  -2.87670801e+01  -2.57021188e+01  -2.26660338e+01  -2.19759407e+01
  -1.77262542e+01  -2.05533645e+01  -1.54158380e+01  -7.14438685e+00
  -2.83839470e+00   1.45774947e+00   2.94683339e+00  -4.83587218e+00
  -1.33990477e+01  -1.68914373e+01  -2.32685796e+01  -1.52741359e+01
  -1.06758209e+01  -1.53840949e+01  -1.23164552e+01  -1.05056257e+01
  -1.20736232e+01  -2.18820001e+01  -2.54989953e+01  -3.30570033e+01
  -3.24367135e+01  -3.16581394e+01  -2.99771212e+01  -2.50997759e+01
  -1.61769740e+01  -1.14863653e+01  -9.57178956e+00  -1.34834546e+01
  -1.45313900e+01  -1.10815931e+01  -1.39423308e+01  -1.16159536e+01
  -1.18756722e+01  -1.08954980e+01  -1.62869024e+01  -2.00959569e+01
  -2.13142529e+01  -1.78517993e+01  -2.14288593e+01  -2.06109023e+01
  -2.21070232e+01  -2.76498454e+01  -2.55113946e+01  -8.62375174e+00
  -8.46403382e+00  -4.00194018e+00  -2.89375641e+00  -1.21835186e+01
  -2.18766913e+01  -2.15860484e+01  -1.46710639e+01  -3.18113698e+00
   1.48347422e+00   5.59159056e-01  -1.69121601e+00  -2.90506506e+00
  -2.72950851e+00],[  8.43769499e-14   8.43769499e-14   8.43769499e-14  -2.27168040e+00
  -3.93534248e+00  -2.30171543e+00  -2.67620619e+00  -4.00346084e+00
  -6.16177852e+00  -3.65975848e+00  -8.35183821e+00  -1.65937708e+01
  -1.78985689e+01  -1.41125212e+01  -2.00049374e+01  -1.87879516e+01
  -8.68467508e+00  -6.07900100e+00  -4.98206780e+00  -2.51044087e+00
  -6.84861779e+00  -6.17366708e+00  -3.22314417e+00  -2.27666007e+00
  -3.43376248e+00  -3.22203757e+00  -2.94295861e+00  -2.93352376e+00
   2.50509216e+00   3.65904613e+00  -5.09758623e-01  -2.10340974e+00
  -2.42926831e+00   1.46194705e+00  -1.29013578e+00  -2.92042215e+00
  -2.14583579e+00  -4.35066691e+00  -6.65501191e+00  -7.16952423e+00
  -5.41601157e+00  -1.25759600e+01  -9.01455678e+00   1.70065512e-01
   1.88584807e+00  -3.40139786e-02  -4.91238352e+00  -7.59398906e+00
  -5.85634361e+00  -2.35612476e+00  -1.86358999e+01  -2.55496337e+01
  -2.85274947e+01  -3.27861643e+01  -3.12633568e+01  -3.12136364e+01
  -2.42719735e+01  -1.91662914e+01  -9.59274931e+00  -2.94098835e+00
   6.85158882e+00   6.45351178e+00   4.15561636e+00  -4.44514417e-01
  -3.14009674e+00  -2.92466314e+00   1.79922941e+00   8.55487384e+00
   1.96286079e+00  -1.24502422e+00  -5.74898463e+00  -3.61368532e+00
  -1.48577008e+00   4.85433507e+00   4.04576195e+00   2.32598513e+00
  -8.55233179e+00  -2.13824377e+01  -2.06687328e+01  -1.52600446e+01
  -1.19183361e+01  -1.04454871e+01  -1.26746252e+01  -1.75831032e+01
  -1.53779178e+01  -2.14142684e+01  -2.58667613e+01  -3.20703944e+01
  -3.13060000e+01  -2.89144367e+01  -2.15677888e+01  -2.21100010e+01
  -2.46771725e+01  -2.23251864e+01  -1.66957525e+01  -1.36824894e+01
  -1.30328370e+01  -1.16991622e+01  -1.07739150e+01  -1.54545446e+01
  -1.36909850e+01  -1.25947975e+01  -7.92804659e+00  -5.24914940e+00
  -6.24030232e+00  -7.29171450e+00  -4.88732822e+00  -8.92660037e-01
   3.97342118e+00   7.82949457e+00   6.81539419e+00   5.04121690e+00
   6.71796257e+00   5.30139758e+00   4.08466193e+00   2.19209879e+00
   2.60724266e+00   8.26224437e-01   1.00428242e+00   7.44930284e-01
  -3.45958169e+00  -6.13256302e-01  -2.22833289e+00  -1.35540100e+01
  -1.76775022e+01  -1.76672221e+01  -1.38062565e+01  -1.42378054e+01
  -9.56156439e+00  -1.21193946e+01  -1.75960572e+01  -2.01118857e+01
  -1.86461263e+01  -1.67019773e+01  -1.25072188e+01  -1.45510458e+01
  -1.73123045e+01  -2.16943306e+01  -1.77980449e+01  -1.54923315e+01
  -1.41399580e+01  -1.15425343e+01  -6.75497228e+00  -1.52911221e+01
  -2.37594157e+01  -2.35430236e+01  -2.01049510e+01  -1.81733529e+01
  -1.27042085e+01  -1.56930776e+01  -1.86742073e+01  -2.31001647e+01
  -2.83218147e+01  -2.73543549e+01  -2.12103617e+01  -2.22910004e+01
  -2.20249306e+01  -1.90122931e+01  -2.45902612e+01  -2.39176103e+01
  -1.82277036e+01  -1.27234168e+01  -1.20143858e+01  -7.50897562e+00
  -9.33679511e+00  -1.13592963e+01  -1.27299518e+01  -1.01883187e+01
  -9.90610683e+00  -2.09905742e+01  -1.49874205e+01  -1.56304346e+01
  -2.61597057e+01  -2.86832785e+01  -2.00506081e+01  -6.82201815e+00
  -2.59188145e+00  -7.76817981e+00  -6.15749322e+00  -4.98014692e+00
  -9.55070359e+00  -9.60631210e+00  -1.57573099e+01  -1.27089417e+01
  -5.63804334e+00  -3.98144866e+00  -1.34370674e+00  -7.20414117e+00
  -8.00520772e+00  -4.96651136e+00  -1.12696166e+01  -1.93394954e+01
  -1.84551288e+01  -1.60047255e+01  -9.79191197e+00  -4.60311448e+00
  -7.39962492e+00  -7.45887173e+00  -1.04157005e+01  -9.50602932e+00
  -8.35215337e+00  -5.83565363e+00  -1.15409490e+01  -2.19233075e+01
  -2.85601724e+01  -3.38021604e+01  -2.23356210e+01  -7.30052768e+00
  -5.48192950e+00  -2.91519037e+00   1.17987585e+00  -5.37138358e+00
  -1.08258343e+01  -1.01887597e+01  -2.18538758e+01  -1.33425877e+01
  -1.16689367e+01  -1.13759836e+01  -3.18908316e+00  -1.09407398e-01
   1.18677154e+00  -5.79443334e+00  -1.52933558e+01  -2.05226795e+01
  -2.36863492e+01  -2.13074442e+01  -2.11986988e+01  -1.64723683e+01
  -9.56913436e+00  -2.25757363e+00   2.38817222e+00  -8.95008944e-01
   2.05535613e+00   3.98164117e+00  -3.62519827e+00  -6.41403073e+00
  -2.74924393e+00   3.62003091e+00   6.41693492e+00   8.22990684e-01
  -3.06056059e+00  -9.81560502e-01   5.91620034e-01   2.34265461e+00
   3.21634993e+00  -1.26643451e-01  -7.41068534e+00  -9.33108084e+00
  -7.24627515e+00  -2.48674437e+00  -3.36456975e-01  -3.20323311e+00
  -6.77918359e+00  -1.07304107e+01  -1.15282205e+01  -6.17003213e+00
   2.22463205e-01   4.60778469e+00   4.61348020e+00   6.23645177e+00
   7.54690531e+00],[ -5.50670620e-14  -5.50670620e-14  -5.50670620e-14  -1.56605565e+00
  -6.89144625e+00  -9.30524013e+00  -9.76843005e+00  -1.04685788e+01
  -1.59413203e+01  -1.13507590e+01  -1.07469987e+01  -1.40733440e+01
  -1.01689459e+01  -4.22363078e+00  -1.16914234e+01  -1.22434497e+01
  -1.01594568e+01  -9.31556226e+00  -8.21310645e+00  -5.26584069e+00
  -6.12501427e+00  -1.88798844e+00  -3.75681846e+00  -5.27161568e+00
  -4.37840122e+00  -5.61882731e+00  -4.35032021e+00  -7.04533523e+00
  -6.98929694e+00  -3.62186292e+00  -3.27379588e+00  -5.26704407e+00
  -6.65233390e+00   2.66304844e+00   6.18696775e+00   9.40532291e+00
   1.10687942e+01   4.31198311e+00   4.53895461e+00   5.02132983e+00
   4.08772584e+00   1.06155054e+00  -6.18973058e-01   3.14547872e+00
   2.54535705e+00  -2.58911222e+00   2.21520878e+00   4.65303153e-01
  -2.93809339e+00  -7.63644006e-01  -8.30809855e+00  -6.24938085e+00
  -2.94286889e+00  -3.26280776e+00  -5.69772917e+00  -1.43717596e+01
  -1.55966143e+01  -1.43734123e+01  -1.48622268e+01  -1.34055579e+01
  -2.60054221e+00   4.13966223e+00   9.86430647e+00   7.19465465e+00
   3.09834943e+00  -8.41184347e-01  -1.94855585e+00   2.83661140e+00
  -5.97614529e+00  -6.60690769e+00  -6.27579119e+00  -7.02418877e-01
  -2.23178045e+00  -3.08877720e+00   2.52639523e+00   5.86618687e+00
  -2.71812399e+00  -1.63529667e+01  -2.13010959e+01  -2.19841004e+01
  -2.10594572e+01  -2.07335860e+01  -2.68413115e+01  -2.72836777e+01
  -2.67238061e+01  -3.02766603e+01  -2.83443288e+01  -2.13496459e+01
  -5.62594558e+00  -4.65027511e+00  -1.74734093e+00  -1.01955813e+00
  -4.78684862e-01   1.05562421e+00  -4.76314173e-01   8.21416239e-01
  -3.21102690e-01   1.96097818e+00   5.80679049e+00   5.61755961e+00
   2.55481253e+00  -5.10370007e+00  -4.47704146e+00   1.83494499e-01
   8.95960921e-01  -4.35705925e+00  -7.02473753e+00  -3.90477269e+00
  -3.33651810e+00  -3.55526565e+00  -7.08503226e+00  -6.32203709e+00
   1.43391793e+00  -1.77522281e-01   9.24103076e-01   7.88656073e-02
  -3.02922479e+00  -7.52915899e+00  -1.28416994e+01  -1.51672145e+01
  -1.07045237e+01  -5.66655162e+00  -2.35369022e+00  -8.30961752e+00
  -1.06096566e+01  -7.62742170e+00  -4.34424148e+00  -5.90841694e+00
  -8.00073058e+00  -1.21308170e+01  -1.33950987e+01  -1.72236787e+01
  -2.15231535e+01  -1.85704113e+01  -8.55568145e+00  -6.39489400e+00
  -3.70876527e+00   2.61457200e+00   3.63584452e+00   1.51902031e-01
  -2.36230459e+00  -3.51810443e+00  -1.85558191e+00  -4.20782221e+00
  -9.98507132e+00  -1.02306294e+01  -9.04734684e+00  -1.11981700e+01
  -1.37977933e+01  -9.85400724e+00  -9.98516618e+00  -9.09410862e+00
  -8.28453424e+00  -7.42839312e+00  -4.66500468e+00  -1.28351853e+00
  -3.23734295e+00  -3.42940280e+00  -8.68327490e+00  -1.31905073e+01
  -1.52866894e+01  -1.75449341e+01  -1.95553874e+01  -1.36222360e+01
  -1.06188113e+01  -9.62441846e+00  -9.79182468e+00  -1.18105281e+01
  -1.18494905e+01  -2.12817210e+01  -1.51015712e+01  -1.29826568e+01
  -1.81461776e+01  -2.56671562e+01  -3.00580563e+01  -1.75804853e+01
  -1.24131165e+01  -1.46813108e+01  -9.13108479e+00  -1.13485386e+01
  -1.51274084e+01  -1.43744609e+01  -1.46526231e+01  -7.23777840e+00
  -3.38261728e-01   2.94826624e+00   3.87266248e+00  -6.42122833e+00
  -5.58872124e+00  -4.74408451e+00  -1.64836211e+01  -2.42972196e+01
  -3.00679917e+01  -2.77059514e+01  -1.68471312e+01  -7.44530410e+00
  -1.99845342e+00  -4.86210775e+00  -1.01822870e+01  -3.68279431e+00
   7.45261258e+00   7.03280031e+00  -3.95577029e+00  -1.01282282e+01
  -6.38873553e+00  -6.74888182e+00  -2.60448427e-02  -1.50732693e+00
  -3.29921902e+00  -8.45465822e+00  -6.09762936e+00  -7.35362348e+00
  -5.69357826e+00   6.97160184e-01  -1.64897455e+01  -2.32928536e+01
  -2.78458752e+01  -2.86152442e+01  -2.14590555e+01  -1.71594681e+01
  -1.67608645e+01  -1.58127849e+01  -2.06536176e+01  -1.98271031e+01
  -1.93779754e+01  -1.68576071e+01  -1.48426066e+01  -1.00735124e+01
  -1.17610897e+01  -1.50932005e+01  -6.55306276e+00  -7.86328035e+00
  -3.48542864e-01   4.58111706e+00  -5.32700378e-01  -6.65925714e+00
  -3.27929407e+00   4.83217126e+00   5.02361819e+00   1.86796307e+00
  -3.05186514e+00  -5.71830757e+00  -3.77828591e+00   3.38407996e-01
  -6.01447484e+00  -9.34554842e+00  -1.35796635e+01  -1.07128688e+01
  -3.98874481e+00  -5.65958054e+00  -4.64143550e+00  -1.28444769e+00
  -1.79461939e+00  -1.06169233e+01  -1.51367021e+01  -7.32484253e+00
  -2.04528537e+00  -2.95514201e+00  -6.65782783e+00  -1.40553457e+00
   3.53018215e+00],[  3.10862447e-14   3.10862447e-14   3.10862447e-14  -1.03790096e+00
  -8.89278816e+00  -1.40141127e+01  -1.42992283e+01  -1.36947272e+01
  -1.91166212e+01  -1.59604862e+01  -8.91793087e+00  -1.02496661e+01
  -1.45737546e+01  -1.24740152e+01  -1.35995735e+01  -1.45543612e+01
  -1.75834401e+01  -1.63501681e+01  -1.51691157e+01  -1.40970439e+01
  -1.45572144e+01  -1.29897440e+01  -1.81240706e+01  -1.93668043e+01
  -1.30070703e+01  -1.51031876e+01  -1.54561704e+01  -1.49195512e+01
  -1.45043187e+01  -1.07212021e+01  -1.10311257e+01  -1.29312009e+01
  -1.50446937e+01  -1.02787865e+01  -8.14012342e+00  -3.88926209e+00
  -4.16248436e+00  -1.19670067e+01  -6.63618234e+00  -1.54510619e+00
  -2.42393562e+00  -4.55320250e+00  -8.15177725e+00  -9.49719425e+00
  -9.51463347e+00  -1.00548227e+01  -2.80869627e+00  -7.33131283e+00
  -1.13805994e+01  -5.52137495e+00  -1.14061104e+01  -1.05499353e+01
  -9.58808614e+00  -9.62785451e+00  -1.23039702e+01  -1.74159159e+01
  -1.72113403e+01  -2.19258664e+01  -2.51843285e+01  -1.87922850e+01
  -7.54135228e+00  -9.61405861e-01   3.56674185e+00  -1.49121700e+00
  -6.27806053e+00  -1.08955613e+01  -1.27860493e+01  -1.35355672e+01
  -1.56428851e+01  -1.69889426e+01  -1.75031146e+01  -1.01281051e+01
  -9.21148055e+00  -8.11859442e+00  -5.41252846e+00  -8.77353543e+00
  -1.11205217e+01  -1.62750050e+01  -1.37766615e+01  -8.82554594e+00
  -7.62363822e+00  -7.22587415e+00  -9.71398063e+00  -1.13157123e+01
  -1.59997173e+01  -1.47648444e+01  -1.09731381e+01  -9.35416064e+00
  -2.62640642e+00  -5.28029187e+00  -6.18732317e+00  -8.99900590e+00
  -1.33547620e+01  -1.10276113e+01  -8.81307899e+00  -2.91311682e+00
   6.91030093e-01   2.77270623e+00   7.15956031e+00   9.34612116e+00
   5.27103112e+00   2.84163505e+00  -4.76188236e-01   4.99994919e-02
  -1.81932105e+00  -8.07055202e+00  -1.41395103e+01  -1.62201976e+01
  -1.62868688e+01  -1.75053585e+01  -1.96678922e+01  -1.23837528e+01
  -8.32956582e+00  -7.74587166e+00  -6.07017631e+00  -6.68010372e+00
  -1.17032653e+01  -1.27125439e+01  -1.66894229e+01  -1.62285632e+01
  -1.31759893e+01  -1.34261204e+01  -9.47417239e+00  -1.61880704e+01
  -1.96582060e+01  -1.87827110e+01  -9.77958252e+00  -6.19935334e+00
  -9.27903851e+00  -1.37220068e+01  -1.24847282e+01  -8.32207916e+00
  -8.87884534e+00  -1.25380383e+01  -1.26792651e+01  -1.36377438e+01
  -1.68112562e+01  -9.53682630e+00  -4.23531815e+00  -7.85620672e+00
  -8.24785050e+00  -9.20931577e+00  -5.43032016e+00  -8.06844197e+00
  -5.67263259e+00  -4.78758274e+00  -1.06539867e+01  -1.33104416e+01
  -1.70314037e+01  -2.49693293e+01  -2.71817288e+01  -2.17583927e+01
  -1.79936167e+01  -1.46629815e+01  -1.95779662e+01  -1.68621487e+01
  -1.20925511e+01  -9.52833207e+00  -5.51553200e+00  -9.52591024e+00
  -1.66987629e+01  -1.87971430e+01  -2.44233642e+01  -1.74134173e+01
  -1.43323955e+01  -1.49738386e+01  -1.78011234e+01  -1.70235998e+01
  -1.31264262e+01  -1.65078054e+01  -1.26621373e+01  -1.24565813e+01
  -1.12318270e+01  -4.87178538e+00  -4.45974282e+00   1.50271741e+00
   4.79092194e+00   1.48150749e+00   4.96450104e+00   4.58237278e+00
   2.21499751e+00  -2.92826094e+00  -6.54881990e+00  -4.86658739e+00
  -2.18879803e+00  -6.54425977e+00  -9.45335591e+00  -1.05137752e+01
  -7.98707529e+00  -1.26227716e+01  -1.85428265e+01  -1.68260844e+01
  -2.09282310e+01  -2.14435554e+01  -1.44972726e+01  -9.76467645e+00
  -3.97440760e+00  -4.84354220e+00  -1.31376388e+01  -1.03975092e+01
  -6.58795851e+00  -9.40390655e+00  -1.84192564e+01  -1.64752334e+01
  -5.66311744e+00  -4.03481478e+00  -1.22005580e+00  -5.62449187e+00
  -1.08994796e+01  -1.00793949e+01  -3.55289202e+00   5.71906164e+00
   7.05601168e+00   1.97382986e+00  -4.95241431e+00  -1.47321839e+01
  -1.75202169e+01  -1.01335502e+01  -5.34466909e+00  -1.08284357e+01
  -1.65235695e+01  -8.15308522e+00  -3.92056068e+00  -3.72714734e+00
  -2.94486077e+00  -2.04066498e+00  -2.24125472e+00  -2.48467707e+00
  -8.69562389e+00  -1.47708065e+01  -6.68218787e+00  -4.07867178e+00
   5.06766202e+00   8.69206934e+00   3.81439792e+00   1.22635480e+00
   5.19468111e+00   6.56969634e+00   1.46579563e+00   4.18740901e+00
   4.15253120e+00   3.42552350e+00   1.31156630e+00  -2.11831855e-01
   1.17338708e+00   2.81989262e+00   3.12201999e+00   2.77295986e+00
   3.52447015e+00  -2.97934043e+00  -5.87791875e+00  -2.28410443e+00
   4.19430045e-01  -1.95755489e+00  -5.18443906e+00  -4.02908114e+00
  -1.65951267e+00   2.74028787e+00   2.56802186e+00   6.19588685e+00
   9.56632142e+00],[  1.35891298e-13   1.35891298e-13   1.35891298e-13  -7.84145338e-01
  -7.84577574e+00  -8.86545303e+00  -8.10841199e+00  -5.78397509e+00
  -8.03028953e+00  -8.96898412e+00   2.81878263e-01   2.87577381e+00
  -6.79581304e+00  -9.58702171e+00  -8.85567476e+00  -1.26439030e+01
  -1.60308290e+01  -1.95566001e+01  -2.05569351e+01  -1.80933780e+01
  -1.95332550e+01  -2.64582994e+01  -2.65015889e+01  -2.33885178e+01
  -2.05135952e+01  -2.20255377e+01  -2.25805700e+01  -2.31447260e+01
  -1.97495479e+01  -1.78251182e+01  -2.15568417e+01  -1.90352648e+01
  -2.04172593e+01  -1.86866864e+01  -1.86937924e+01  -1.72257270e+01
  -2.17659546e+01  -2.26758904e+01  -1.34470232e+01  -1.02277958e+01
  -1.14176190e+01  -1.46672978e+01  -1.40451104e+01  -1.45875804e+01
  -1.86310802e+01  -1.67544459e+01  -1.18882059e+01  -1.00121008e+01
  -7.81399414e+00  -6.31984563e+00  -2.19771101e+01  -2.78716495e+01
  -3.08969548e+01  -2.71392014e+01  -2.02143118e+01  -2.13213044e+01
  -1.99525781e+01  -2.33501110e+01  -1.98547637e+01  -1.37930600e+01
  -1.34893434e+01  -1.13320336e+01  -4.89550060e+00  -1.16138209e+00
   3.48954624e+00   3.61230748e+00  -2.08752667e+00  -1.35056773e+01
  -1.42521393e+01  -1.56184230e+01  -1.93873218e+01  -1.74192579e+01
  -1.81221174e+01  -1.16842326e+01  -8.54609260e+00  -2.13751780e+01
  -1.50063207e+01  -4.45379664e+00   1.93832129e+00   2.93663186e+00
  -1.46932340e+00  -3.02886922e+00  -8.42916975e+00  -1.52239368e+01
  -1.58676204e+01  -1.23818144e+01  -1.22385747e+01  -1.44795111e+01
  -1.88747438e+01  -2.52682626e+01  -2.67847047e+01  -2.56345053e+01
  -2.32600212e+01  -1.87914708e+01  -1.96368525e+01  -1.82562034e+01
  -1.86691985e+01  -2.07510654e+01  -2.04792769e+01  -1.95958438e+01
  -1.33245764e+01  -8.39560113e+00  -5.52282240e+00  -8.52080936e+00
  -1.40224947e+01  -1.28524785e+01  -1.39938939e+01  -1.20459612e+01
  -1.00163527e+01  -1.37255647e+01  -1.73726306e+01  -1.30125510e+01
  -1.17275866e+01  -9.40637549e+00  -1.08122758e+01  -1.48887233e+01
  -2.23333976e+01  -1.82030284e+01  -1.30849983e+01  -8.59372070e+00
  -7.06150335e+00  -1.05563501e+01  -9.63178564e+00  -1.80474492e+01
  -1.43243047e+01  -1.27383899e+01  -9.43601459e+00  -1.08132610e+01
  -1.65256583e+01  -1.94978381e+01  -1.74714550e+01  -1.58004047e+01
  -1.65796232e+01  -1.39113079e+01  -1.07816184e+01  -1.25540707e+01
  -1.62665208e+01  -1.43714801e+01  -1.27085675e+01  -1.26831066e+01
  -9.53114615e+00  -1.31166163e+01  -1.44877937e+01  -1.70981995e+01
  -1.79029023e+01  -1.43991014e+01  -1.77571774e+01  -1.49928548e+01
  -1.32768580e+01  -1.29047666e+01  -1.33339177e+01  -1.13727187e+01
  -1.32187762e+01  -1.31587082e+01  -1.51169441e+01  -1.37029675e+01
  -1.15878218e+01  -1.54650574e+01  -1.45576934e+01  -1.09397331e+01
  -1.78539875e+01  -1.88517325e+01  -1.72006370e+01  -1.50018995e+01
  -1.71622052e+01  -2.08278972e+01  -2.37697971e+01  -1.72575052e+01
  -8.81770629e+00  -7.51147854e+00  -1.08187521e+01  -1.31873428e+01
  -1.95129430e+01  -1.66220955e+01  -1.36448180e+01  -1.00658402e+01
  -3.05917126e+00  -7.14233711e+00  -1.22950203e+01  -1.34780389e+01
  -9.13056628e+00  -6.14092859e+00  -8.49416390e+00  -1.07753484e+01
  -9.24001029e+00  -1.28992466e+01  -1.32238228e+01  -1.09109146e+01
  -5.20252999e+00  -1.58544776e+01  -1.98774715e+01  -1.61624081e+01
  -7.59838619e+00  -1.21350624e+00  -3.69277583e+00  -9.08741778e+00
  -5.13994490e+00   4.58696986e-01  -3.32176836e+00  -2.85476401e+00
  -5.30935916e+00  -1.19988960e+01  -1.73840285e+01  -2.07197125e+01
  -2.24286073e+01  -2.38705626e+01  -2.02304493e+01  -1.03386009e+01
  -1.36339378e+01  -1.21560755e+01  -9.30345797e+00  -3.36334274e+00
  -8.13302463e+00  -9.40804129e+00  -3.10550978e+00  -6.13367750e+00
  -1.57142087e+00   9.77586058e+00   1.58765822e+01   1.45677168e+01
   1.26106573e+01   1.36255943e+01   8.30698221e+00   2.32581079e+00
  -2.75249325e+00  -9.90127017e+00  -1.51839750e+01  -1.96596626e+01
  -1.91205923e+01  -1.70006493e+01  -1.20106511e+01  -6.63044101e+00
  -4.00153047e+00  -5.78379705e+00  -5.58367231e+00  -8.70670242e+00
  -6.04271278e+00  -8.24370573e+00  -4.45403907e+00  -2.46826536e+00
  -5.03212339e+00  -4.70647644e+00  -4.04849760e+00  -9.98052943e+00
  -1.50921309e+01  -1.63565773e+01  -9.00727405e+00  -1.18576150e+01
  -7.80292798e+00  -1.09638220e+01  -1.60716057e+01  -8.70189908e+00
  -3.37795858e+00  -7.82974510e+00  -1.31964534e+01  -1.66385504e+01
  -1.45549072e+01  -1.03683488e+01  -6.54886587e+00   1.47154596e+00
   5.78221951e+00],[ -6.75015599e-14  -6.75015599e-14  -6.75015599e-14  -7.75037170e-01
  -8.17663565e+00  -9.42020420e+00  -8.18965426e+00  -4.65027073e+00
  -4.43520521e+00  -6.92454480e+00  -2.15587837e-01   2.02205119e-01
  -8.82048511e-02   1.41387760e+00  -2.28144630e+00  -6.44387469e+00
  -1.69424827e+01  -2.57104326e+01  -2.82677896e+01  -2.17749047e+01
  -1.77447078e+01  -2.12801211e+01  -1.55380703e+01  -9.90271845e+00
  -1.38096987e+01  -1.67926877e+01  -1.35715608e+01  -1.82391039e+01
  -1.65201180e+01  -1.75186304e+01  -1.97818667e+01  -1.54543676e+01
  -1.63519609e+01  -1.41250510e+01  -1.04487217e+01  -9.65961522e+00
  -1.44137028e+01  -8.29520863e+00   8.13994096e-01  -2.40418324e-01
  -1.46235476e+00   7.50849240e-01  -2.52017676e+00  -7.62842607e+00
  -1.05123088e+01  -1.03002894e+01  -6.32110883e+00  -2.27357381e-01
   4.60023266e+00   2.64635972e+00  -1.26026359e+01  -1.12965587e+01
  -7.12565342e+00  -3.90211184e+00  -1.13319590e+00  -2.79117544e+00
  -1.01700380e+01  -5.78224905e+00  -8.34953203e-01  -7.74788103e+00
  -1.50689382e+01  -1.23790101e+01  -4.20658128e+00   5.63473805e+00
   9.94609515e+00   9.43109885e+00   3.23456481e+00  -8.92858128e+00
  -1.28070219e+01  -8.15341161e+00  -7.61788037e+00  -1.05781316e+01
  -1.44993731e+01  -1.29813895e+01  -8.25547276e+00  -1.57170978e+01
  -9.86280452e+00  -5.15079445e+00  -2.15190048e+00   2.48578822e+00
   1.30999187e+00  -4.45872436e+00  -1.36430274e+01  -1.85313692e+01
  -1.57361603e+01  -1.67960623e+01  -1.98409635e+01  -1.71339469e+01
  -1.74437597e+01  -2.03258770e+01  -1.71220471e+01  -9.08267729e+00
  -3.28811305e+00  -1.50943783e+00  -1.09810421e+01  -1.34620536e+01
  -1.56179156e+01  -1.69187348e+01  -1.67784739e+01  -2.10005764e+01
  -1.82446653e+01  -1.96985260e+01  -1.90576157e+01  -1.63031508e+01
  -1.65626043e+01  -1.90315992e+01  -1.96563238e+01  -1.54911484e+01
  -1.87494114e+01  -1.78938231e+01  -1.69270826e+01  -1.12648565e+01
  -1.13632267e+01  -5.89625803e+00  -7.35079005e+00  -9.00009529e+00
  -1.08398174e+01  -4.49656636e+00  -3.17434836e+00  -3.21751308e+00
  -8.15258629e+00  -8.85543838e+00  -3.45286759e+00  -8.82711112e+00
  -7.68207299e+00  -5.99872888e+00  -3.15150853e+00  -4.20908925e+00
  -9.42801748e+00  -1.08717881e+01  -4.75209189e+00  -9.29934409e+00
  -1.48972063e+01  -1.32731881e+01  -1.39776878e+01  -1.55753090e+01
  -1.93006327e+01  -2.07383079e+01  -2.59796862e+01  -2.46532995e+01
  -1.81382751e+01  -1.65562578e+01  -1.86280308e+01  -1.34835932e+01
  -7.25883367e+00  -4.92648911e+00  -3.43891684e+00   2.17811814e+00
   4.50827754e+00   9.50998713e+00   6.88210800e+00   1.99670699e+00
   3.02844239e+00   2.22547438e+00   2.67726578e+00  -2.00177612e+00
  -4.88484463e+00  -1.17341604e+01  -1.08095219e+01  -7.16678100e+00
  -1.11150321e+01  -1.29029288e+01  -8.34845457e+00  -1.26184139e+01
  -1.37272105e+01  -1.50234446e+01  -1.27548380e+01  -4.63099148e+00
  -3.35525091e-01  -3.03725293e+00  -1.12795121e+01  -1.43058437e+01
  -1.79220582e+01  -1.66900492e+01  -1.69826544e+01  -1.43054290e+01
  -5.46140591e+00  -1.56031489e+00  -5.29018971e-02  -4.58414847e+00
  -1.18092763e+01  -1.22882289e+01  -1.35813690e+01  -9.99363632e+00
  -1.26538609e+01  -9.35380530e+00  -5.26246175e+00  -7.32465689e+00
  -6.97276086e+00  -8.59874653e+00  -3.09167508e+00  -2.84133727e-01
   1.14201558e+00  -4.98792954e+00  -7.60459986e+00  -1.15235453e+01
  -1.14735187e+01  -1.06555792e+01  -6.15733930e+00  -1.14275054e+01
  -1.23098375e+01  -7.38241211e+00  -2.36692524e+00  -9.08854793e+00
  -1.15269503e+01  -1.62141118e+01  -1.76482338e+01  -1.07945192e+01
  -1.34332060e+01  -1.69849641e+01  -2.01083994e+01  -1.66321637e+01
  -1.63871720e+01  -6.03991470e+00  -3.99165729e+00  -5.82193130e+00
  -4.04364246e+00  -4.17701108e+00  -5.76037707e+00  -6.96971855e+00
  -5.89201032e+00  -4.64050881e+00  -1.17587703e+01  -2.11727429e+01
  -2.19860064e+01  -2.52021258e+01  -2.59533979e+01  -2.40721461e+01
  -1.65862902e+01  -3.95608462e+00  -3.48136460e-01  -1.78238085e+00
  -9.23553834e+00  -4.28190392e+00   3.84688052e-01  -3.27687088e+00
   3.13749374e-01  -1.74117144e+00   6.78932365e-01  -1.38972864e+00
  -1.30003691e+00   1.99423235e+00   5.51348502e+00   5.35541334e+00
   2.75138435e+00  -2.24587522e+00  -7.09550072e-02  -2.15326484e-01
   1.24869996e+00   2.95339684e+00   1.89365382e+00   3.15915115e+00
   2.43553711e+00   1.77583903e+00   1.77142547e+00  -4.44982094e+00
  -3.34193661e+00   7.01789514e-02  -3.80168370e-01   4.93254524e+00
   8.63915504e+00],[ -7.32747196e-14  -7.32747196e-14  -7.32747196e-14  -8.87366542e-01
  -9.31163203e+00  -1.35391669e+01  -1.38378335e+01  -1.15148040e+01
  -9.84440532e+00  -1.05343367e+01  -6.48316911e+00  -9.58654468e+00
  -8.18490453e+00  -5.44003059e+00  -9.45046432e+00  -5.93173420e+00
  -7.69185387e+00  -1.09467353e+01  -1.42407589e+01  -1.82691156e+01
  -1.40101314e+01  -9.34730738e+00  -3.20621162e+00  -9.15148963e-01
  -3.52904569e+00  -5.68393648e+00  -1.92440571e-01  -2.48413674e+00
  -2.76843083e+00  -5.90709395e+00  -4.89545925e+00  -6.44082253e+00
  -6.82112206e+00  -5.74768602e+00  -4.21837066e+00  -3.91947048e+00
  -4.88674995e+00  -1.76720655e+00   5.24232195e+00   2.07281476e+00
   3.65367139e-01   5.68014583e+00   1.42632575e+00  -6.54427669e+00
  -5.21716512e+00   3.62114887e-01   4.19360297e+00   3.47257356e+00
   5.92365607e+00   8.17214173e+00  -5.65983884e+00  -8.35577559e+00
  -4.89675202e+00  -9.80388042e-01  -4.43577359e-01  -3.45181912e+00
  -9.13041504e+00  -2.24750592e+00   8.86900436e+00   1.29577698e+01
   7.14774490e+00   7.38804728e-01  -3.47510649e+00  -3.99093118e+00
  -3.67159920e+00  -1.39138517e+00   6.48983852e-01   3.51180668e-01
  -1.78786587e+00   2.28326059e+00   1.35954186e+00  -2.52855376e+00
  -8.65529175e-01  -5.11863834e+00  -4.57155783e+00   4.64949313e+00
   6.34402500e+00  -4.41196941e+00  -6.49013888e+00  -2.27105523e+00
  -3.29020501e+00  -2.65345955e+00   1.88867830e-01   2.30077158e+00
   2.94641309e+00   2.52988689e+00   1.44006455e+00   3.05781168e+00
  -4.97006211e-01  -2.63065051e+00   3.65199070e+00  -5.41330584e-01
  -7.34885146e+00  -8.04491149e+00  -1.34687058e+01  -1.17078078e+01
  -4.60684005e+00   2.19047396e+00   7.98000842e+00   4.80291566e+00
  -6.44314522e-01  -6.32458718e+00  -7.74365131e+00  -5.05734833e+00
  -2.18853171e+00  -6.66046832e+00  -5.98591790e+00  -7.64856931e-01
   7.12386323e-01   2.51607434e+00   3.70755879e+00   1.20511638e+01
   7.93748833e+00   8.90637760e+00   1.10992559e+01   9.60865055e+00
   9.24203599e+00   8.86362873e+00   8.45926249e+00   1.29641962e+01
   1.11746817e+01   9.48416949e+00   1.29793960e+01   7.55989553e+00
   4.76833517e+00   4.44387378e+00   9.25513502e+00   1.14775916e+01
   7.94373112e+00  -3.63342770e+00  -5.93021281e-01   3.97707543e-01
   1.41891196e+00  -3.41089904e+00  -9.25140437e+00  -9.22228083e+00
  -1.07577756e+01  -1.33882877e+01  -2.20443082e+01  -2.21020089e+01
  -1.55148712e+01  -1.30716088e+01  -1.55422052e+01  -1.04257146e+01
  -4.93195608e+00  -6.29199638e+00  -4.55893661e+00  -1.64196091e+00
   2.99490549e+00   3.50400831e+00   2.05254958e+00  -9.02292561e-01
  -2.03498472e-01  -1.26985816e+00  -7.34056145e-01   3.06401557e+00
   9.07017516e+00   9.12021946e+00   4.84890803e+00   1.29205299e+00
  -4.59243184e+00  -3.28873964e+00  -1.17733594e+00  -4.46601201e+00
  -1.72669702e+00  -2.61531836e+00  -2.08157344e-01   7.06687434e+00
   6.79172056e+00  -6.29640770e+00  -1.20175791e+01  -9.45563293e+00
  -4.32950066e+00  -1.05439101e+00  -5.69685485e+00  -2.84595775e+00
   4.69617093e+00   5.68426849e+00   2.73504243e+00  -5.74926468e-02
  -5.02818746e+00  -7.86514445e+00  -2.87402820e+00   5.75310017e-01
  -6.67549102e+00  -5.52100893e+00  -4.45880564e+00  -4.98068290e+00
  -1.10497610e+01  -9.14648300e+00  -7.39358855e-01  -4.26813142e+00
  -1.41447447e+01  -1.36757153e+01  -6.28922225e+00  -4.90910527e-02
   2.11440859e+00   2.87501964e-01   6.59372542e+00  -2.41574771e+00
  -8.92762578e-02   9.48734324e+00   1.04529108e+01  -6.81155884e-01
  -4.56326567e+00  -4.61776930e+00  -1.71206088e+00  -1.69998052e+00
  -6.40131240e+00  -1.31239131e+01  -1.75848151e+01  -1.53234981e+01
  -1.29523364e+01  -1.29767912e+01  -1.61316046e+01  -5.59452106e+00
  -7.25416249e-01  -5.26503222e+00  -8.70631110e+00  -1.11074432e+01
  -9.11639264e+00  -9.87389069e+00  -1.17382434e+01  -1.72547851e+01
  -1.31679769e+01  -1.39017648e+01  -1.59561866e+01  -1.10438092e+01
  -6.46510776e+00   1.13303308e+00   5.79638837e+00   2.92707039e+00
  -1.87767909e+00  -1.20860854e+00  -1.68202910e+00  -3.60720000e+00
  -2.29117620e+00  -4.53234297e+00  -7.75428991e-01  -1.15165949e+00
   2.55638550e+00   4.27342375e+00   5.65791295e+00   2.91983532e+00
   3.04636511e-01  -4.68717442e+00  -5.53455611e+00  -9.29413736e+00
  -1.02301735e+01  -5.05101609e-01  -1.46051913e+00  -4.80594474e+00
  -4.00172837e+00  -2.40792667e+00  -3.80449905e+00  -1.11780976e+01
  -1.16924801e+01  -1.16610021e+00  -2.51208149e+00  -5.77725094e+00
  -6.57879151e+00],[  1.33226763e-14   1.33226763e-14   1.33226763e-14  -9.57966739e-01
  -9.13322667e+00  -1.35507432e+01  -1.50564833e+01  -1.49803366e+01
  -1.18148881e+01  -9.44987972e+00  -3.43033617e+00  -3.12505820e+00
  -4.60828266e+00  -3.86429877e+00  -7.56528482e+00  -4.71320815e+00
  -4.69587246e+00  -9.71377558e+00  -1.41485125e+01  -1.77138837e+01
  -1.56665292e+01  -9.27948170e+00  -6.14790050e+00  -6.82975459e+00
  -3.96084990e+00  -3.37833351e+00  -2.81359999e+00   1.24254184e+00
   5.39046282e+00   1.54752023e+00   1.48639372e+00  -2.52601723e+00
  -1.95514181e+00  -2.26737645e+00  -6.21215717e+00  -7.71136777e+00
  -6.06067212e+00  -7.77922375e+00  -2.68044455e+00  -4.44012896e+00
  -7.20118297e+00  -2.56731882e+00  -3.32933404e+00  -8.76709204e+00
  -9.79544007e+00  -2.35769885e-01   4.06600577e+00  -2.46859644e+00
  -9.58005598e-01   2.51277795e+00  -1.15296530e+01  -1.73987200e+01
  -1.65444167e+01  -1.02642044e+01  -5.35298125e+00  -8.98223859e+00
  -1.45441348e+01  -1.49285210e+01  -3.84269376e+00   3.58642528e+00
   4.81665769e+00   2.95025379e-02  -5.91364484e+00  -4.39625000e+00
   4.31809394e+00   1.01193377e+01   1.04726202e+01   1.12437883e+01
   1.08514530e+01   7.91655710e+00   3.08863268e+00   9.48318147e-01
   1.22843408e+00  -2.83820366e+00  -3.30890906e+00   5.29259306e+00
   1.95621388e+00  -4.68147191e+00  -3.00421594e+00  -1.00888917e+00
  -3.37595329e+00  -4.08159651e+00   3.93955222e-01   1.38310888e-02
   3.24033534e+00   9.42108781e+00   1.49193663e+01   1.35492363e+01
   6.62534132e+00   4.52152175e+00   5.82532538e+00  -6.84316554e+00
  -1.31759499e+01  -1.31492670e+01  -1.31006852e+01  -1.17360235e+01
  -5.62256379e+00  -5.05541599e-02   6.04418323e+00   7.30780765e+00
   5.37155982e+00   1.00204321e+01   1.58029522e+01   1.47818509e+01
   1.12751253e+01   1.46322105e+00   2.84460239e-01   6.45602917e+00
   7.58605718e+00   3.52641320e+00   4.08181441e+00   4.51196445e+00
  -2.76369269e+00   3.20824615e-01   7.20735312e+00   5.42159116e+00
   1.88679804e+00   2.55668823e+00   3.54650617e+00   2.89506848e+00
  -2.82548497e-01   5.29624108e+00   4.02592454e+00  -3.35737309e+00
  -4.75676210e+00  -5.68940309e+00  -4.76915068e+00  -3.78780921e+00
  -2.19135626e-01  -7.87950325e+00  -9.19382213e+00  -1.20399372e+01
  -1.20872091e+01  -1.44965045e+01  -1.14853228e+01  -7.22495506e+00
  -5.81395042e+00  -1.33370268e+01  -2.06641834e+01  -1.86298766e+01
  -9.30476075e+00  -9.31523850e+00  -8.44012209e+00  -3.59369588e+00
  -4.96314737e+00  -6.15878662e+00  -6.52564289e+00  -7.14206334e+00
  -6.64469080e+00   9.26716610e-01   6.77729311e+00   8.45258011e+00
   8.16662958e+00   6.15183616e+00   9.21010283e+00   1.72233500e+01
   2.44402333e+01   2.90289422e+01   3.23663233e+01   3.24378688e+01
   2.31706439e+01   1.97692038e+01   1.57928307e+01   8.89838001e+00
   7.29580926e+00   2.90623333e+00   4.50895858e+00   5.64635628e+00
   6.68546419e+00  -3.63322117e+00  -1.09907581e+01  -5.78619665e+00
  -2.19128142e-01   5.48978499e-01  -1.43912815e+00  -1.92867856e+00
   3.92797863e+00   8.59454838e-01  -4.70096566e+00  -1.74761535e+00
   2.25985905e+00   1.79329440e+00   6.80252603e+00   7.22129220e+00
   2.31568771e+00   1.80835669e+00  -3.97650488e-02   1.06466493e-01
  -4.55552068e+00  -2.27602355e+00  -1.07612356e+00  -8.09610751e+00
  -1.36417660e+01  -9.07392262e+00  -4.43504365e-01   4.40808331e+00
   6.10623953e+00  -1.54473868e+00  -2.89127745e+00  -1.22007797e-01
   1.18293140e+01   1.57572969e+01   9.06909342e+00  -5.09978959e-01
   2.08860472e+00   5.25181927e+00   6.64976731e+00  -1.53205599e+00
  -8.01955069e+00  -7.54534861e+00  -3.06346833e+00   3.48678763e+00
   1.65346998e+00  -1.03174144e+00  -2.61919392e+00   2.76061809e+00
   8.32451008e+00   8.92415403e+00   9.68495535e+00   9.39957886e+00
   6.64587359e+00  -4.56392757e-01  -2.53456038e+00  -6.42810998e+00
  -3.12755623e+00  -1.40983249e+00  -4.31195887e+00  -2.36608241e+00
  -4.91645438e+00  -6.05125763e+00   4.09683749e+00  -2.68656587e-01
  -3.97971648e+00  -4.43594493e+00   4.53752994e+00   9.09798307e+00
   9.69810251e+00   4.18784759e+00   3.77246980e+00   2.14517628e+00
   3.10024072e+00   2.81603459e+00   4.47309056e-01   2.83298776e+00
   2.23567711e+00   3.52413479e+00  -2.45972889e+00  -7.37434520e+00
  -9.94470971e+00   2.33009909e+00   4.07433302e+00   3.96429787e+00
   1.00524147e+01   7.50862897e+00   4.68767334e+00   5.30587581e+00
   3.66603203e+00   1.89882170e+00   8.29077146e-02   2.44925103e+00
  -6.09464537e-01],[  3.86357613e-14   3.86357613e-14   3.86357613e-14  -8.42194689e-01
  -6.78491140e+00  -7.10962322e+00  -8.39777466e+00  -9.49847716e+00
  -6.57749928e+00  -1.09297901e+00   4.40381589e+00   8.28807467e-01
  -1.65091390e+00   4.91346210e-01  -6.06466317e+00  -8.53403210e+00
  -9.90047147e+00  -1.59377623e+01  -1.76013108e+01  -1.60365609e+01
  -1.51478464e+01  -1.05206194e+01  -1.24143577e+01  -1.44521642e+01
  -1.11440812e+01  -1.04221522e+01  -1.22379527e+01  -9.61616772e+00
  -1.76909209e+00  -3.98838373e+00  -7.07920464e+00  -6.87374978e+00
  -6.05194924e+00  -5.35606256e+00  -4.77248838e+00  -6.94071431e+00
  -3.41293657e+00  -3.96627461e+00  -1.20869601e+00  -1.72353408e+00
  -5.39351592e+00  -4.73528541e+00  -4.40978934e+00  -6.28435028e+00
  -8.96235136e+00  -2.54286721e+00  -1.50668920e+00  -6.24499925e+00
  -6.21072742e+00  -2.88417276e+00  -7.66203338e+00  -1.09226131e+00
   4.10593872e+00   7.48410379e-01  -4.52890240e+00  -7.30132408e+00
  -1.38432111e+01  -1.50855879e+01  -8.91911272e+00  -6.70269825e+00
  -8.20135867e-01   1.05830019e+00   2.76342951e+00   5.96931158e-01
   1.27859339e+00   7.91562811e+00   6.40336239e+00   2.53894691e+00
   3.56353111e+00   2.41310067e+00   2.68169307e+00   1.85295276e+00
  -3.25839731e+00  -6.42924681e+00  -6.34406533e+00   3.50883138e-01
   1.60506806e+00   8.27186625e-01   1.15693853e-02   3.87893112e+00
   1.61274622e+00  -8.90256897e+00  -1.34863913e+01  -1.51819543e+01
  -6.23700321e+00  -1.79818088e+00   4.73963606e+00   2.61656724e+00
  -2.47269123e+00  -1.68031183e+00  -3.73410466e+00  -4.16447919e+00
  -3.35244640e+00  -8.67079115e+00  -1.00287801e+01  -1.16969026e+01
  -9.94101964e+00  -1.08018875e+01  -1.01031443e+01  -9.57218703e+00
  -1.04313339e+01  -1.78559753e+00   2.07299335e+00   5.43315074e+00
   8.18517827e+00   4.78934978e+00   9.83630411e-01  -1.75076983e-01
  -4.29078799e+00  -3.74063206e+00   3.10521673e+00  -2.29792709e+00
  -1.11674119e+01  -5.10380142e+00   1.33828329e+00   1.29573087e+00
   6.99971610e-01   7.57407903e+00   5.67324971e+00  -1.63202172e+00
  -5.26257517e+00  -2.10705576e+00  -6.83841026e+00  -1.29344889e+01
  -1.57425567e+01  -1.39274464e+01  -1.36653231e+01  -1.88842140e+01
  -1.83543834e+01  -1.26198190e+01  -4.13327146e+00  -3.11644037e+00
   3.46756557e-01  -1.48689170e+00  -1.97961950e+00  -4.92658268e+00
  -1.02561270e+01  -1.65790612e+01  -1.49630080e+01  -8.28303559e+00
  -4.32936882e+00  -5.10890468e+00  -2.51999861e+00  -7.81759344e-01
   1.58791429e+00  -1.24789433e+00  -3.43560452e+00  -3.39827172e+00
  -7.49671587e+00  -2.14025360e+00   1.26349358e+00   1.51847219e+00
   4.83773074e+00   4.73758254e+00   6.61685671e+00   7.86345339e+00
   8.82290028e+00   1.18241923e+01   1.56738537e+01   1.34875495e+01
   9.17202873e+00   9.22188277e+00   1.04353925e+01   1.01266390e+01
   4.80225686e+00  -3.08746229e-01   3.40897559e+00   3.45896028e+00
   3.87619384e+00   6.93378993e+00  -3.17776309e+00  -7.22755090e+00
  -4.72098954e+00   4.58738715e+00   1.04559279e+01   1.20105059e+01
   1.85190651e+01   1.80311986e+01   1.58552461e+01   1.72555922e+01
   1.42130966e+01   3.88213540e+00  -5.17061956e+00  -2.67595480e+00
   2.95027484e+00   3.96094088e+00  -1.92711245e+00  -4.45968161e+00
  -6.57196392e+00   7.18589076e-01   9.62204392e-01  -8.47349122e-01
  -1.30588017e+00   2.21297290e+00   7.12673283e+00   7.51515413e+00
   6.91348438e+00  -2.15278445e+00  -7.35492738e+00  -6.14338296e+00
  -3.13727889e+00  -4.71379236e+00  -7.28256015e+00  -9.76163083e+00
  -1.59751732e+00  -8.34002281e-01  -7.58012955e+00  -1.16307094e+01
  -1.37519694e+01  -7.45747075e+00  -1.10473024e+00   2.45649434e+00
  -1.31770463e+00  -2.63917251e+00  -5.01924709e+00  -7.72434349e+00
  -3.83134604e+00   2.62338151e+00   4.08340272e+00   9.01731862e+00
   3.13064457e+00  -5.85689541e+00  -5.28425958e+00  -3.15699439e+00
   3.81666455e+00   3.26171123e+00  -1.20137640e+00  -2.96092170e+00
  -5.15434780e+00  -5.64040347e+00   4.38393684e+00   5.36440482e+00
   2.55168925e+00   7.51388888e-01   4.26493255e+00   4.82387332e+00
   1.53238603e+00  -1.31359256e+00  -1.94788017e+00   4.43790989e-01
   5.38842336e+00  -9.40972786e-01  -9.00831736e+00  -9.13388366e+00
  -5.06869919e+00  -2.46448534e+00  -5.50176936e+00  -3.70060884e+00
  -6.18517962e+00  -5.60306445e+00  -4.78725261e+00  -5.51917208e-01
  -1.21377666e+00  -3.75198840e+00  -7.38115893e-01  -9.58664847e-01
  -1.03170079e+01  -1.22366128e+01  -1.05505586e+01  -8.41473699e+00
  -9.73786217e+00]