[-689.13457001 -676.72063828 -647.20917171 -452.81332667 -376.45466589
 -378.95527384 -386.68128872 -383.50299265 -380.64205917 -378.89709882
 -382.91459056 -405.78406577 -443.03772009 -449.41545928 -426.23488536
 -412.04169301 -421.36881402 -420.69730718 -415.12110304 -411.16492972
 -406.49426349 -411.8375868  -418.35229678 -424.04313386 -437.36187069
 -444.39547594 -457.37149381 -467.94393716 -480.56571087 -476.56722162
 -468.71035941 -449.66729663 -431.0775123  -417.81003676 -412.41453689
 -388.93785621 -384.56604303 -377.48136734 -376.64623865 -399.10094796
 -453.94570506 -464.46705087 -441.47377596 -421.4551328  -415.13676186
 -423.60757253 -437.61706177 -441.16109191 -445.78750676 -456.80834801
 -471.99776409 -500.87521377 -528.00014174 -526.04569621 -503.95446995
 -473.49281905 -437.16592589 -410.43214206 -407.14598088 -406.35334991
 -411.87996886 -405.18490334 -392.48690444 -398.78435581 -408.70192608
 -411.35626665 -420.93118067 -428.08009201 -434.00841015 -436.87604077
 -435.70541172 -439.3240947  -461.37457275 -488.52035983 -521.85624475
 -554.92331423 -568.59823139 -574.11473021 -578.08446752 -586.41401127
 -583.60574336 -542.41210568 -487.46087198 -466.00842122 -467.23745167
 -469.12441806 -460.0783169  -443.98654012 -412.58206197 -411.6314877
 -438.07550592 -461.66519475 -477.18028631 -485.09447143 -503.12251958
 -515.78711556 -530.58772885 -540.27436104 -539.40311099 -523.28543344
 -499.14662433 -473.5313015  -432.27267551 -396.34095291 -358.59668165
 -323.0930194  -307.42488504 -317.19444661 -348.5049522  -373.75236033
 -378.65779762 -381.99301094 -360.25116146 -331.71981099 -318.10293252
 -324.34805657 -343.02213718 -374.89079467 -427.00601843 -468.47863944
 -487.14168164 -491.12283181 -472.74869477 -427.29319573 -405.32122346
 -414.3075094  -407.99142468 -390.01164069 -380.79066218 -363.49790778
 -343.58600295 -324.3412335  -314.81343962 -309.66434312 -314.48818134
 -326.74375001 -345.51256332 -366.92667887 -391.05110609 -414.10972782
 -426.98959227 -445.13289605 -462.37817162 -467.8839321  -471.22250621
 -473.95588334 -465.93308213 -456.2214603  -446.87443009 -447.80120251
 -432.78849967 -385.9721783  -365.32956246 -364.99240568 -362.31524377
 -360.49143028 -359.09342434 -366.01477763 -404.92591959 -444.23262598
 -472.73085492 -485.70228934 -476.64424741 -472.2928214  -455.02111112
 -443.24827991 -434.77125976 -402.23415161 -365.24229328 -357.8050073
 -356.20002682 -350.710167   -341.56831593 -334.96165698 -336.92349569
 -344.54621838 -358.97113456 -387.51951689 -433.75303764 -458.81653312
 -462.58877886 -445.93500016 -425.06475189 -414.97635173 -420.49771823
 -422.61506269 -424.67371219 -426.89549595 -409.83701059 -382.06778075
 -361.01385414 -351.2200717  -354.27829381 -370.5598197  -383.32604176
 -387.82126839 -385.50716199 -378.72717578 -378.45829045 -402.25152277
 -436.54331894 -450.74283618 -459.50671754 -467.25351533 -464.65568772
 -453.24052063 -451.76368951 -449.51678308 -437.72645792 -390.84393141
 -360.62495892 -341.39523148 -335.11747143 -335.60325887 -333.77670249
 -345.62058988 -372.17975893 -393.13102279 -408.61030202 -399.78789596
 -392.42854464 -392.0185891  -397.90182861 -413.51147595 -440.17535506
 -463.37022097 -488.94619823 -502.45355159 -500.86322834 -474.78501033
 -453.09749233 -430.23681316 -409.32449187 -394.4290554  -371.23037595
 -351.61867928 -345.64926634 -331.31123765 -318.00811162 -318.75936086
 -336.12577729 -346.61642538 -348.94032697 -358.86172664 -363.7426352
 -367.32034518 -368.46650225 -371.71074966 -389.1091365  -420.88300026
 -448.38318946 -449.49562794 -430.59932933 -422.20423624 -426.13624343
 -430.51676952 -434.2201193  -425.13810583 -417.211737   -401.79429916
 -393.57885138],[  8.88178420e-16   5.18429046e+00   1.08163112e+01   1.51753978e+02
   1.91382337e+02   1.94343002e+02   1.95057656e+02   2.08938172e+02
   2.23575901e+02   2.27442846e+02   2.30310592e+02   2.21986878e+02
   1.98714087e+02   1.81502352e+02   1.84349563e+02   1.84386820e+02
   1.75928812e+02   1.53233340e+02   1.32456020e+02   1.36407143e+02
   1.43708091e+02   1.39300281e+02   1.12446570e+02   7.05156378e+01
   3.36460533e+01   1.31546830e+01  -9.87357972e+00  -2.33481621e+01
  -3.44525618e+01  -3.05828954e+01  -1.81794751e+01  -5.50812032e+00
   4.48018866e+00   2.30845924e+01   5.39479121e+01   1.13577850e+02
   1.45133322e+02   1.54732268e+02   1.63507293e+02   1.68134474e+02
   1.57473200e+02   1.49053064e+02   1.53622949e+02   1.56589627e+02
   1.57372546e+02   1.53460196e+02   1.46806711e+02   1.36838761e+02
   1.28494869e+02   1.19715990e+02   1.11370377e+02   1.01218845e+02
   1.02381527e+02   1.07241616e+02   1.14830774e+02   1.28220346e+02
   1.44582644e+02   1.52703788e+02   1.58187618e+02   1.60981399e+02
   1.57070516e+02   1.54643948e+02   1.48894778e+02   1.34455005e+02
   1.12671079e+02   9.21198652e+01   7.38870792e+01   6.09922188e+01
   4.69172232e+01   4.00325609e+01   5.22415235e+01   6.72711761e+01
   7.60897453e+01   8.89213219e+01   9.53535297e+01   1.04483934e+02
   1.11961382e+02   1.08747517e+02   1.04098147e+02   9.74135669e+01
   9.35173666e+01   1.03117484e+02   1.26968954e+02   1.35811830e+02
   1.31255293e+02   1.12320327e+02   9.88746879e+01   9.79107752e+01
   1.07052198e+02   1.09428962e+02   1.07119224e+02   1.03819881e+02
   1.11763770e+02   1.33359308e+02   1.40270975e+02   1.42319976e+02
   1.36283359e+02   1.28308382e+02   1.24545671e+02   1.34458506e+02
   1.49256052e+02   1.66705466e+02   1.90259177e+02   2.10296305e+02
   2.19680564e+02   2.02633299e+02   1.89231271e+02   1.80730246e+02
   1.68480593e+02   1.46653353e+02   1.43828458e+02   1.47465240e+02
   1.51035413e+02   1.60224318e+02   1.67117901e+02   1.66416167e+02
   1.66683065e+02   1.56671350e+02   1.42493510e+02   1.36308182e+02
   1.25725258e+02   1.17913662e+02   1.10449722e+02   1.16687823e+02
   1.29510125e+02   1.23135656e+02   1.27977621e+02   1.62422417e+02
   1.84327611e+02   1.90972453e+02   1.94752632e+02   1.88687023e+02
   1.81703650e+02   1.71732410e+02   1.58328101e+02   1.48014929e+02
   1.39074457e+02   1.30751732e+02   1.15832661e+02   9.77390802e+01
   8.27894294e+01   6.95542327e+01   5.81157200e+01   5.04035023e+01
   4.91204779e+01   5.07400994e+01   4.60181042e+01   4.70490471e+01
   5.59605495e+01   6.37584562e+01   9.90280329e+01   1.47858293e+02
   1.66250855e+02   1.66545558e+02   1.59063407e+02   1.51533033e+02
   1.46073380e+02   1.27032017e+02   1.05901372e+02   9.14012335e+01
   7.61837442e+01   5.73636527e+01   4.56177418e+01   3.53395495e+01
   4.89023638e+01   5.71121787e+01   4.63839733e+01   5.04030027e+01
   6.65744582e+01   8.43115594e+01   1.08475284e+02   1.35282401e+02
   1.59438232e+02   1.65239008e+02   1.59294845e+02   1.43386729e+02
   1.22414894e+02   1.00471821e+02   6.51564438e+01   4.38431060e+01
   5.85639139e+01   7.58066553e+01   9.35667730e+01   1.12080687e+02
   1.13735590e+02   1.02411749e+02   9.02705062e+01   9.70230910e+01
   1.22976610e+02   1.40545432e+02   1.48658205e+02   1.55581333e+02
   1.55818156e+02   1.34671366e+02   9.42789707e+01   6.58034334e+01
   5.47127961e+01   5.11918328e+01   5.86020393e+01   7.72484161e+01
   8.63381043e+01   8.26135221e+01   8.22945547e+01   8.48860667e+01
   1.00900966e+02   1.17799787e+02   1.17030460e+02   1.10006008e+02
   1.25072298e+02   1.75026561e+02   1.95705201e+02   1.97292094e+02
   1.89415658e+02   1.80384685e+02   1.75185481e+02   1.71987564e+02
   1.69206993e+02   1.58197199e+02   1.37957288e+02   1.05359464e+02
   7.41820629e+01   5.97807945e+01   5.09396119e+01   4.98753311e+01
   6.53309304e+01   8.04824386e+01   9.11542826e+01   1.01831671e+02
   9.94580046e+01   8.40094862e+01   5.87144335e+01   5.22504746e+01
   5.16565737e+01   6.54824227e+01   1.09940152e+02   1.60444973e+02
   1.92066486e+02   2.02066668e+02   2.08018659e+02   2.08401000e+02
   1.98218655e+02   1.68756671e+02   1.29623614e+02   9.73858552e+01
   8.79384274e+01   7.79527094e+01   7.46131632e+01   7.83412025e+01
   9.38826988e+01   1.12057134e+02   1.25282002e+02   1.59503852e+02
   1.99561524e+02   2.07339269e+02   2.04547706e+02   2.07580668e+02
   2.04948089e+02   2.01389145e+02   1.94047177e+02   2.04567888e+02
   2.12873050e+02],[  2.13162821e-14  -2.88754911e+00  -1.40705651e+01  -4.40738769e+00
  -1.97426720e+01  -2.58805369e+01  -3.87092058e+01  -4.29822749e+01
  -4.06871136e+01  -3.49959209e+01  -2.23684208e+01  -7.69558018e+00
   2.68410471e+00  -3.03122778e+00  -1.30252509e+01  -1.53703042e+01
  -5.10616953e+00  -8.56530655e+00  -2.70125579e+01  -2.80149788e+01
  -1.77115498e+01   2.42133669e+00   1.01530011e+01   3.97085686e-01
  -7.74524970e+00  -1.70572563e+01  -2.61754556e+01  -2.54853200e+01
  -2.45667564e+01  -3.20054876e+01  -3.89004838e+01  -4.85768200e+01
  -6.75328389e+01  -7.12182348e+01  -5.85879269e+01  -3.81569213e+01
  -4.39508610e+01  -5.81548489e+01  -5.57049620e+01  -4.14530157e+01
  -1.71006516e+01  -2.06385017e+01  -3.38481977e+01  -4.05667542e+01
  -4.10191916e+01  -3.56453146e+01  -2.60561661e+01  -3.10375415e+01
  -3.22551164e+01  -1.73407561e+01  -1.37515939e+00   8.87832471e+00
   2.16477914e+01   1.67798159e+01   4.55738174e+00  -9.29482751e+00
  -2.59313323e+01  -3.62226178e+01  -3.13119290e+01  -2.51872832e+01
  -2.04720627e+01  -2.35616999e+01  -3.29450148e+01  -3.48791398e+01
  -3.86011145e+01  -4.47480881e+01  -4.48602852e+01  -4.49789291e+01
  -5.63381354e+01  -6.61625396e+01  -6.48368009e+01  -5.93521464e+01
  -4.75823136e+01  -2.99926858e+01  -1.36837543e+01   1.31633123e+01
   2.81165469e+01   2.76643349e+01   2.63264924e+01   2.64859276e+01
   1.97114078e+01   2.79302327e+00  -1.29545978e+01  -1.71527566e+01
  -1.20954873e+01  -1.69065454e+01  -2.15486769e+01  -3.25833503e+01
  -5.45004187e+01  -5.31972687e+01  -3.51778643e+01  -3.27664173e+01
  -2.87754252e+01  -6.22131785e+00   1.95187001e+01   3.18057907e+01
   3.82419871e+01   3.81580906e+01   3.40394660e+01   3.77255900e+01
   3.39733921e+01   3.22838243e+01   2.25455896e+01   9.74697875e+00
  -1.41901427e+01  -4.65658490e+01  -5.72841537e+01  -4.20951555e+01
  -2.14324027e+01  -1.90553095e+01  -1.46865182e+01  -1.27301611e+01
  -2.80465448e+01  -5.12034651e+01  -6.81743780e+01  -7.67417160e+01
  -7.25003659e+01  -5.51975438e+01  -1.82027400e+01   1.67935965e+01
   2.62319651e+01   3.00976095e+01   6.70075651e+00  -2.40565013e+01
  -1.94233715e+01  -2.53039360e+00   6.41585734e+00   1.62339375e+01
   2.05512915e+01   5.15455542e+00  -9.03439937e+00  -2.96769875e+01
  -4.43459535e+01  -5.91729349e+01  -6.17727295e+01  -5.76706562e+01
  -5.08550462e+01  -3.73863623e+01  -2.55817387e+01  -1.88790692e+01
  -1.78761510e+01  -1.99850945e+01  -2.04240658e+01  -2.57078166e+01
  -2.70927607e+01  -3.22238707e+01  -3.80130889e+01  -4.10556101e+01
  -4.21831822e+01  -3.71085020e+01  -1.37159881e+01   3.53400431e+00
   4.81799496e+00   8.46068235e+00   1.37586921e+01   1.74264183e+01
   1.86053484e+01   2.31269052e+01   2.54827615e+01   2.13367523e+01
   1.24882826e+01   9.53361561e+00  -2.34727551e+00  -6.89633167e+00
  -1.20720226e+01  -1.18141302e+01  -1.08477213e+01  -2.44647187e+01
  -2.11844506e+01  -8.68789747e+00   8.32229472e-02   3.37665534e+00
  -2.27970674e+00  -1.69720760e+01  -2.01036078e+01  -1.36000017e+01
  -7.57869337e+00  -3.95325674e+00  -1.54275754e+00  -8.34749985e+00
  -7.08323711e-01  -4.47263842e-01   1.61122334e+00   6.67982580e+00
   1.13497280e+01   1.58196992e+01   1.70227124e+01   1.60436626e+01
   1.34400192e+01   2.32534201e+00  -8.65996382e+00  -1.63522334e+01
  -1.83463104e+01  -1.60964865e+01  -2.51911568e+01  -3.88491373e+01
  -4.62838464e+01  -5.08250426e+01  -4.07505771e+01  -2.94771721e+01
  -2.15640713e+01  -2.48679351e+01  -2.33105427e+01  -1.81070309e+01
  -2.05402751e+01  -2.56749817e+01  -2.82939672e+01  -2.82079456e+01
  -1.84361731e+01  -3.03905984e+00  -1.83106929e+01  -3.51526284e+01
  -4.93170139e+01  -5.40082441e+01  -5.30140517e+01  -4.69159452e+01
  -3.12090788e+01  -1.36771111e+01  -7.18016565e+00  -2.75911520e+01
  -4.63193200e+01  -5.38598846e+01  -6.47930739e+01  -6.37358428e+01
  -4.82385530e+01  -3.69809153e+01  -2.95057134e+01  -2.13761162e+01
  -2.88617276e+01  -4.89412293e+01  -7.17163220e+01  -7.96852696e+01
  -8.77572499e+01  -8.67411612e+01  -6.66763198e+01  -5.21136024e+01
  -5.10051516e+01  -6.27326176e+01  -6.59058440e+01  -5.92186825e+01
  -3.66317828e+01  -2.99331606e+01  -4.36686681e+01  -5.39786100e+01
  -4.72752441e+01  -4.45723106e+01  -4.65588976e+01  -4.47681961e+01
  -2.83814262e+01  -7.45880130e+00   5.58854305e+00   2.11830837e+01
   2.30518178e+01   1.26952488e+01   7.67430224e+00   1.34370921e+01
   1.36381126e+01   5.14514132e+00  -4.23878762e-01   3.04091990e+00
   7.16612371e+00],[ -6.21724894e-15   2.78537934e+00   9.99802979e+00   2.89607475e+01
   3.32453650e+01   1.67414639e+01  -1.56831905e+01  -3.69945078e+01
  -5.18373567e+01  -5.19297552e+01  -4.58367826e+01  -3.79261956e+01
  -2.57327631e+01  -9.06026534e+00  -1.31573122e+00   7.14196834e+00
   1.41817534e+01   3.11438209e+01   4.01188399e+01   4.15152617e+01
   4.35017524e+01   5.01040293e+01   7.55400410e+01   1.09060890e+02
   1.27036369e+02   1.25900724e+02   1.29675129e+02   1.38625844e+02
   1.44563189e+02   1.38422141e+02   1.31482806e+02   1.27042825e+02
   1.12961584e+02   1.07017931e+02   9.95448732e+01   7.77407742e+01
   4.60947498e+01   3.46171349e+01   3.70171758e+01   3.22558741e+01
   2.46460339e+01   1.65699714e+01   1.97015162e+01   3.08505327e+01
   3.89263109e+01   4.50387204e+01   4.94620959e+01   4.98226508e+01
   4.99717291e+01   5.35547121e+01   5.74234655e+01   4.78511647e+01
   3.15759167e+01   2.97025570e+01   3.55205980e+01   3.90453791e+01
   3.79850261e+01   4.20698578e+01   4.52328053e+01   4.47359125e+01
   4.34323885e+01   4.50221034e+01   5.88941491e+01   7.45385633e+01
   8.44910194e+01   9.85089905e+01   1.11596104e+02   1.16666327e+02
   1.10166770e+02   1.05162073e+02   9.15053203e+01   7.35077670e+01
   6.45578748e+01   5.37633623e+01   3.10154523e+01   1.63539575e+01
   8.76318713e+00   5.91256271e+00   4.73137770e+00   4.72950521e+00
   7.53806571e+00   2.66804653e+01   3.69291753e+01   3.91412613e+01
   5.08693176e+01   6.86661854e+01   8.58849095e+01   7.30372482e+01
   4.11468776e+01   3.16553379e+01   3.55982226e+01   3.27865705e+01
   2.42741414e+01   2.41859555e+01   2.97939418e+01   2.90604849e+01
   3.01749875e+01   3.17886866e+01   3.36046780e+01   4.21632655e+01
   3.86340928e+01   3.12113851e+01   2.45635222e+01   1.21234293e+01
   4.55017309e+00   7.79900579e+00   2.27707692e+01   4.01341390e+01
   4.11174964e+01   4.39127996e+01   4.94369746e+01   5.08377164e+01
   5.68281856e+01   5.08241381e+01   4.74262865e+01   4.79940881e+01
   5.12058225e+01   5.78845738e+01   5.80671194e+01   5.16475731e+01
   5.34779438e+01   5.57277986e+01   4.08719216e+01   2.22326489e+01
   2.10525807e+01   2.90956557e+01   4.38314292e+01   3.81165463e+01
   2.57389352e+01   1.38121274e+01   8.30278783e+00   9.13176273e+00
   1.66415005e+01   2.55674524e+01   3.73888230e+01   4.69863348e+01
   5.25806838e+01   5.69679616e+01   5.94579994e+01   6.16204875e+01
   6.44213292e+01   6.10378083e+01   5.56270593e+01   4.27943920e+01
   3.83761370e+01   3.74273789e+01   4.18521606e+01   3.57805656e+01
   2.71855258e+01   2.41618930e+01   2.29156719e+01   2.49415635e+01
   2.58523428e+01   2.17356715e+01   2.43157606e+01   2.85608458e+01
   2.82133758e+01   3.93455925e+01   5.02945525e+01   5.08469370e+01
   4.64954769e+01   5.22074894e+01   4.80293733e+01   4.82932256e+01
   3.79749107e+01   3.87284016e+01   4.55963107e+01   4.57279643e+01
   5.77886386e+01   5.78059516e+01   5.01073134e+01   3.32298636e+01
   1.85808642e+01   1.29312458e+01   2.12949863e+01   3.78741702e+01
   5.52137124e+01   5.90090024e+01   5.47142832e+01   5.38027296e+01
   4.54356786e+01   3.43259376e+01   3.21607514e+01   3.03702966e+01
   4.32521301e+01   6.69375915e+01   8.14029677e+01   7.18309917e+01
   5.20247287e+01   4.07379929e+01   3.66963949e+01   3.06364322e+01
   2.97264153e+01   4.61333373e+01   7.95515035e+01   9.43937076e+01
   9.79257153e+01   9.34764596e+01   7.98252831e+01   5.05310295e+01
   3.24445136e+01   2.67978490e+01   2.93193963e+01   3.38271232e+01
   2.75782434e+01   2.20724850e+01   2.33216622e+01   3.11456800e+01
   2.91559288e+01   2.38813125e+01   6.20298079e+00   4.12983115e+00
   6.15084237e+00   1.23253108e+01   2.27233745e+01   2.41068851e+01
   1.87655469e+01   2.92407601e+01   5.25139829e+01   7.18717766e+01
   8.26576486e+01   8.83721353e+01   8.50263455e+01   7.53865181e+01
   6.53494246e+01   4.82394235e+01   2.98500594e+01   2.09293130e+01
   1.95920033e+01   3.01497244e+01   5.14066972e+01   6.19368261e+01
   6.05894688e+01   5.64025729e+01   6.10950098e+01   3.96258374e+01
   1.79826968e+01   1.15933490e+01   1.16054442e+01   1.60142035e+01
   3.42725729e+01   6.79534339e+01   1.03592611e+02   1.13894359e+02
   1.12996296e+02   1.06463435e+02   9.90639315e+01   8.12290716e+01
   6.60603278e+01   5.40248434e+01   4.22680238e+01   2.56260400e+01
   2.21602048e+01   1.40389486e+01   2.71548974e+00   1.77914180e-02
  -8.95072455e-01   3.68672669e+00   1.41433300e+01   1.88696910e+01
   1.99157913e+01],[  3.99680289e-14  -2.51643530e-01  -1.72168202e+00   2.13643363e+00
  -8.34886025e-01  -1.43581001e+00  -1.72103389e+01  -1.98200953e+01
  -1.94313605e+01  -2.32326815e+01  -2.45806771e+01  -2.13814450e+01
  -1.48343724e+01  -1.00301976e+01  -1.34779973e+01  -1.86671384e+01
  -2.35733193e+01  -2.46884164e+01  -2.30448495e+01  -2.04633928e+01
  -2.66666576e+01  -3.63033064e+01  -4.19936248e+01  -4.51552659e+01
  -5.29620387e+01  -6.13105009e+01  -6.33562681e+01  -6.17148315e+01
  -5.58725534e+01  -5.27793465e+01  -4.70554472e+01  -5.07081566e+01
  -5.72143592e+01  -4.46563794e+01  -2.91889858e+01  -1.06463203e+01
   1.01007929e+01   2.04145369e+01   3.01646312e+01   3.65934229e+01
   4.34611965e+01   4.18492449e+01   4.70870904e+01   4.93335641e+01
   5.35555144e+01   5.69375594e+01   5.61805083e+01   5.29460333e+01
   5.04990429e+01   4.62927102e+01   3.59248425e+01   1.90809908e+01
   2.34742455e-01   3.43820712e-01   9.58100238e+00   1.76012242e+01
   2.24730856e+01   2.22973764e+01   2.72235705e+01   1.78110046e+01
   8.55966940e+00   5.86171460e+00   9.74407362e+00   1.16370128e+01
  -3.45803558e-01  -6.49159110e+00  -6.56657894e+00  -1.01088789e+01
  -1.22537994e+01  -1.13973563e+01  -1.49620061e+01  -1.49502650e+01
  -2.81746080e+00   1.26308882e+01   9.91444118e+00   7.72095872e+00
   9.05277125e+00   9.32894251e+00   6.16795581e+00   3.08319578e+00
   7.73470996e+00   2.22815270e+01   3.19747168e+01   2.83095513e+01
   3.21323671e+01   3.46339273e+01   2.83452854e+01   1.66787065e+01
  -5.46421750e+00  -1.59901994e+01  -1.37664992e+01  -4.00867040e+00
   7.81480858e+00   1.31752977e+01   8.69685734e+00   6.95211124e+00
   8.91862377e+00   1.10782574e+01   1.14131419e+01   7.25309420e+00
   8.51088541e-01  -1.31964873e+01  -2.45597836e+01  -3.56784760e+01
  -4.02721604e+01  -4.07074136e+01  -3.30812826e+01  -2.57206187e+01
  -3.04458416e+01  -3.54625292e+01  -3.99871020e+01  -3.52749635e+01
  -2.83810951e+01  -2.58592939e+01  -1.42034396e+01  -5.23530928e-01
   1.75939971e+01   3.24602418e+01   3.30185974e+01   1.76394252e+01
   1.28058947e+01   6.03841542e+00  -9.22471426e+00  -3.11958970e+01
  -4.41833081e+01  -5.45655340e+01  -4.15157914e+01  -3.93603786e+01
  -4.79878095e+01  -4.92781811e+01  -4.56694226e+01  -4.41059171e+01
  -2.87257442e+01  -1.17942306e+01  -2.41504701e+00   6.41540980e+00
   1.19840111e+01   1.40255782e+01   1.31350226e+01   5.05303844e+00
  -3.70981375e+00  -7.46542470e+00  -8.88278502e+00  -2.42493726e+01
  -3.12244916e+01  -2.79705300e+01  -3.02715342e+01  -3.27815342e+01
  -3.54330099e+01  -3.76797695e+01  -4.65499437e+01  -4.67736115e+01
  -4.45755276e+01  -5.07759586e+01  -6.08521292e+01  -6.46717268e+01
  -6.48481178e+01  -5.99028862e+01  -4.25256408e+01  -2.27498121e+01
  -1.80654369e+01  -1.78953571e+01  -2.26313945e+01  -2.78976440e+01
  -2.90236482e+01  -2.81733947e+01  -2.77540102e+01  -3.48028285e+01
  -3.36599814e+01  -4.38191746e+01  -4.72334142e+01  -5.34197542e+01
  -5.24326573e+01  -3.86629157e+01  -2.94069684e+01  -3.76769238e+01
  -4.08674318e+01  -3.21315565e+01  -3.23275305e+01  -2.99872920e+01
  -2.74811104e+01  -3.47710833e+01  -3.27923925e+01  -3.07195980e+01
  -2.41613651e+01  -1.77763384e+01  -1.37389966e+01  -9.03537315e+00
  -1.27058831e+01  -2.10227311e+01  -2.42908009e+01  -2.71411171e+01
  -3.07493921e+01  -3.07384188e+01  -3.35067574e+01  -3.30475450e+01
  -3.08492903e+01  -3.57579348e+01  -4.70747768e+01  -4.02987238e+01
  -2.90285459e+01  -2.15730798e+01  -1.51986129e+01  -1.18100432e+01
  -8.96374149e+00  -5.10568558e+00  -6.54394566e+00  -1.37411671e+01
  -2.54473957e+01  -3.72872109e+01  -4.50227628e+01  -3.96560420e+01
  -3.06274473e+01  -2.44565795e+01  -1.53207759e+01  -8.84243527e+00
  -8.01910537e+00  -1.16439614e+01  -1.98924726e+00  -6.18091779e+00
  -2.01991163e+01  -2.65945575e+01  -3.59786920e+01  -4.16477708e+01
  -3.22366744e+01  -2.33688172e+01  -7.74020328e+00   2.09710134e+00
   1.96385981e+00  -3.03269507e+00  -4.08499097e+00  -4.95265483e+00
  -8.77675669e+00  -1.29182534e+01   2.55091493e+00   1.10811413e+01
   6.74294326e+00  -2.22079689e+00  -1.52599335e+01  -2.12156747e+01
  -2.25089711e+01  -2.07065341e+01  -1.97654158e+01  -2.54659279e+01
  -3.03719234e+01  -3.21926745e+01  -2.93504742e+01  -3.33620164e+01
  -2.64699479e+01  -1.39330283e+01  -8.86627256e+00  -1.29655324e+01
  -3.41410106e+00  -1.32134108e+00  -6.43769156e+00  -3.05010331e+00
  -1.17387929e+00  -3.49439216e+00  -6.85138684e+00  -7.60773493e+00
  -1.02433590e+01],[ -5.41788836e-14  -2.49958671e+00  -3.54418644e+00  -3.56918520e+00
  -9.24131452e+00  -5.31694153e+00  -1.43052968e+01  -1.73090265e+01
  -1.89535279e+01  -1.75252376e+01  -1.55958937e+01  -1.31835093e+01
  -1.45469729e+01  -1.61674006e+01  -1.79021685e+01  -1.77107353e+01
  -1.67283818e+01  -8.73207808e+00  -1.76505373e+00  -2.06145199e-01
  -4.04923246e+00  -2.44704745e-01   1.01771364e+01   1.07902744e+01
   1.14132846e+01   1.01831517e+01   8.36347350e+00   4.11276113e+00
   5.22223488e+00   6.19210384e+00   3.45288328e+00  -5.83414945e+00
  -1.05461636e+01  -8.83138513e+00  -3.11048285e+00   1.39463393e+01
   2.17028291e+01   1.46019034e+01   1.33621884e+01   1.58691182e+01
   2.34967250e+01   2.99493203e+01   2.91477901e+01   2.71773964e+01
   2.36397828e+01   2.09495784e+01   2.28888171e+01   2.29263545e+01
   2.23918333e+01   3.43115377e+01   3.66569760e+01   3.01254295e+01
   1.42887553e+01   2.92245065e+00   7.45889345e+00   1.19546374e+01
   1.44717173e+01   1.25117742e+01   1.40811685e+01   1.29141261e+01
   1.72822955e+01   2.18567851e+01   1.81870199e+01   1.20712103e+01
   7.77231578e+00   1.87397192e+00  -1.01734943e+00  -6.32893899e+00
  -6.42388654e+00  -1.32039406e+01  -2.06381254e+01  -1.95447058e+01
  -1.91856981e+01  -1.24639793e+01  -9.94144898e+00  -6.96686896e+00
  -2.64345034e+00   2.04292135e+00   1.20597531e+00  -9.16308119e-01
   2.79937725e+00   5.93565096e+00   6.65098743e+00   4.87116161e+00
   5.01144686e+00  -4.47870898e+00  -1.38766930e+01  -6.69912711e+00
   7.44298208e+00   1.02034257e+01   1.00802240e+01   7.89965409e+00
   7.73058071e+00   3.76240869e+00  -3.42921678e+00  -8.15945595e+00
  -2.70443121e+00  -4.18704592e-01  -7.67116979e-01  -1.02086875e+01
  -1.30138527e+01  -2.14259617e+01  -2.88308588e+01  -2.96723622e+01
  -2.34725503e+01  -1.19967682e+01  -6.53021414e+00   1.65734818e+00
   9.50897973e+00   6.62212615e+00  -3.93908292e+00  -3.42585836e+00
   1.89980097e+00   3.05964427e+00   3.84314240e+00   1.14456317e+00
   4.27602894e+00   1.76735334e+01   2.87510813e+01   3.07825771e+01
   2.86699777e+01   2.51269836e+01   1.90814491e+01   1.16393847e+01
   5.91176700e+00   1.00220462e+01   1.42852236e+01   4.22986832e+00
  -3.32058552e+00  -7.24823107e-01   5.46819066e+00   1.31902914e+01
   2.49254311e+01   3.14153915e+01   3.34057442e+01   3.43416118e+01
   3.66453686e+01   4.01723962e+01   5.04732839e+01   5.35235789e+01
   4.39729525e+01   3.80265287e+01   3.99708830e+01   3.66046055e+01
   3.46874447e+01   2.99974646e+01   1.98207491e+01   2.35860150e+01
   2.22151020e+01   2.09908696e+01   1.34480815e+01   1.55158774e+01
   9.57598420e+00   1.19448284e+01   1.65610419e+01   1.72398143e+01
   1.58109398e+01   2.56413071e+01   3.03762279e+01   3.32306437e+01
   3.14089005e+01   2.95813787e+01   3.22204660e+01   3.48893586e+01
   4.06867367e+01   3.60839461e+01   3.47392267e+01   3.41440935e+01
   3.89035542e+01   2.63772158e+01   1.81944251e+01   1.65804919e+01
   1.75563758e+01   1.54254025e+01   1.69810601e+01   1.28834786e+01
   1.49977179e+01   2.25012206e+01   2.54633489e+01   2.23166599e+01
   2.55210275e+01   2.70918650e+01   2.76480321e+01   2.53912631e+01
   2.13977613e+01   1.95656383e+01   2.24998419e+01   3.27613262e+01
   3.27567601e+01   3.02801483e+01   3.03074071e+01   2.94750677e+01
   2.24082734e+01   1.56123749e+01   7.44324513e+00   9.15532330e+00
   1.24527127e+01   1.73419684e+01   9.32841532e+00   7.55333698e+00
   1.92205062e+00   4.14723606e+00   1.00594731e+01   8.58697078e+00
  -3.07754326e+00  -8.89421136e+00  -9.85278939e+00  -1.02494863e+01
  -1.27310920e+01  -2.39167304e+01  -2.85074113e+01  -1.80706741e+01
  -5.03952357e+00   4.67607378e+00   1.22588853e+01   1.46664467e+01
   1.67803778e+01   1.23456399e+01   1.14053310e+01   1.48299382e+01
   1.09962742e+01   4.49911074e+00  -2.25094921e+00  -7.72377701e+00
  -1.16684200e+01  -1.18696898e+01  -4.94221182e+00  -5.69265402e+00
  -1.38189319e+01  -1.52870386e+01  -1.87733469e+01  -2.14332993e+01
  -2.43817072e+01  -2.36113165e+01  -7.62498709e+00   1.26223696e+01
   1.39888451e+01   1.06893927e+00  -1.64949500e+01  -2.05244288e+01
  -1.25413155e+01  -5.51549386e+00  -1.13225362e+01  -1.41827255e+01
  -6.32412992e+00   4.30064061e+00   7.38028711e+00   1.02893520e+01
   1.44928833e+01   9.22731145e+00   5.13300039e+00  -9.18984096e+00
  -3.26199361e+01  -3.94149167e+01  -3.34985201e+01  -2.44536924e+01
  -1.57805155e+01  -2.40581423e+01  -2.77739236e+01  -2.28323964e+01
  -2.19027417e+01],[  4.08562073e-14  -2.13286843e+00  -3.79478722e+00   4.96277579e+00
   2.01920854e+00   6.27701449e-01  -6.64877108e+00  -6.70130994e+00
  -1.02725474e+01  -1.21558126e+01  -1.03037311e+01  -6.47460452e+00
  -4.48014419e+00   3.23505997e+00   1.32403529e+01   2.01424503e+01
   1.77378908e+01   1.41714699e+01   2.18310002e+01   2.72577181e+01
   2.28464694e+01   1.78580928e+01   2.29476791e+01   2.76717778e+01
   3.24142230e+01   3.14492298e+01   2.86439102e+01   2.28323440e+01
   2.10913351e+01   2.17058781e+01   2.24969391e+01   2.37792934e+01
   2.62083921e+01   1.57910994e+01   1.47428008e+01   1.82784358e+01
   8.89083562e+00   4.97983013e+00   9.03322458e+00   1.29397201e+01
   1.24956594e+01   1.03995050e+01   4.37147478e+00   4.75934580e+00
   2.19730457e+00   1.31600182e+00   2.23149230e+00   1.96392709e+00
  -6.40062346e+00  -1.39442483e+01  -1.51772362e+01  -1.12356715e+01
  -1.11591041e+01  -9.82947911e+00  -6.26580265e+00   5.70466237e+00
   1.14547533e+01   1.06918297e+01   9.00061688e+00   1.49451308e+01
   2.53384768e+01   2.81573906e+01   3.10872332e+01   3.26560591e+01
   4.14346287e+01   4.16374970e+01   3.97000376e+01   3.29904420e+01
   2.68878331e+01   1.99907764e+01   1.61074146e+01   1.57214879e+01
   9.55835548e+00   6.63911792e+00   3.19999173e-01  -4.26979758e+00
  -7.74149593e+00  -3.58865865e+00  -5.98042251e+00  -3.25062879e+00
   1.67102210e+00   7.93456071e+00   1.06019336e+01   1.73491633e+01
   1.85785866e+01   1.30901528e+01   1.61644006e+01   1.73599484e+01
   2.03181726e+01   1.61022134e+01   1.21118633e+01   9.65196564e+00
   1.59589953e+01   1.70027267e+01   1.49487986e+01   8.29788754e+00
   1.23212145e+01   1.20899612e+01   1.26702300e+01   9.54481953e+00
   9.59777640e+00   3.48929016e+00   6.51714167e+00   1.78746094e+01
   3.39540612e+01   2.82836943e+01   2.07005856e+01   1.84876826e+01
   1.47201825e+01   8.96766714e+00   6.68673275e+00   7.94306942e+00
   1.79569052e+01   2.92993749e+01   2.91435846e+01   1.81621933e+01
   1.59559799e+01   1.73540881e+01   9.17359356e+00   8.99638644e+00
   1.04068847e+01   1.13324329e+01   1.22949246e+01   1.90779851e+01
   1.50299534e+01   1.48168400e+01   7.03683789e+00   3.87071340e+00
   5.62643827e+00   1.33384403e+01   1.83113686e+01   1.84820081e+01
   1.53182606e+01   1.15391116e+01   2.52262455e-01  -9.21606402e+00
  -7.38857362e+00  -5.90945645e+00  -4.78585373e+00   1.47961309e+00
   2.31391389e-01   1.82320204e+00   2.91447221e+00  -3.43392419e-01
  -1.13579633e+00   2.42006514e+00  -1.87972980e+00   1.66537910e+00
  -1.13474592e+00   2.51608221e+00   7.79274017e-01   3.25732371e+00
   1.83081531e-01   1.95537203e+00   3.77162714e+00   3.02209376e+00
  -5.87589591e+00  -7.85462456e+00  -5.00539425e+00  -1.33289415e+00
   9.55038897e-01  -8.94984242e+00  -1.02730944e+01  -1.47981207e+01
  -8.13884335e+00  -1.10033356e+01  -2.20721939e+01  -2.22098273e+01
  -2.06041220e+01  -2.20157632e+01  -2.46592658e+01  -2.43142136e+01
  -2.01360337e+01  -2.41073493e+01  -2.71726389e+01  -2.70737108e+01
  -2.23654424e+01  -1.80268849e+01  -1.98757721e+01  -2.06021461e+01
  -1.05810851e+01  -6.70920062e+00  -1.08081867e+01  -1.39313839e+01
  -1.15408185e+01  -1.04893394e+01  -1.18342708e+01  -7.52126140e+00
  -2.75285674e+00   1.85215909e+00   9.93014788e-01  -2.58048716e+00
  -4.26945966e+00  -3.03658744e+00   3.02124389e+00   3.18861339e+00
  -3.25466470e+00  -1.67044683e+00  -8.62501061e+00  -1.70728051e+01
  -2.11347749e+01  -2.68277815e+01  -2.10901784e+01  -2.02777061e+01
  -2.23655572e+01  -2.91532460e+01  -3.11009506e+01  -2.65192209e+01
  -2.18580648e+01  -2.21595121e+01  -2.05244490e+01  -1.37202212e+01
  -1.10857391e+01  -1.24024981e+01  -1.31090297e+01  -1.45095629e+01
  -1.59543931e+01  -1.72996561e+01  -1.51806432e+01  -6.69704132e+00
   8.32487143e-01   2.02634852e+00   7.61889744e+00   4.01862578e+00
  -5.45241549e+00  -6.03457245e+00  -5.65643706e+00  -1.11929860e+01
  -1.45981065e+01  -9.75432093e+00  -5.25386987e+00  -1.27580543e+01
  -2.60391531e+01  -1.88425948e+01  -4.66470834e+00   8.02594996e+00
   6.67202058e+00   1.20682420e+01   1.40731185e+01   1.57463868e+01
   2.04591671e+01   2.36354435e+01   2.27842738e+01   2.43647828e+01
   2.88959677e+01   2.23186195e+01   1.01921388e+01  -2.67002406e+00
  -3.01207023e+00  -3.42393273e+00  -4.22825657e+00  -1.64914422e+01
  -1.87174700e+01  -1.61330352e+01  -7.35622514e+00  -6.55372989e+00
  -2.35484668e+00  -7.28150415e+00  -9.45913685e+00  -4.16054793e-01
   7.15564587e+00],[ -4.52970994e-14  -4.70186136e+00  -1.03520261e+01  -1.21044847e+01
  -2.36717873e+01  -2.80368180e+01  -3.48213702e+01  -2.82507021e+01
  -2.06588286e+01  -2.28535920e+01  -2.14142317e+01  -1.64046782e+01
  -6.65751824e+00  -3.67392109e+00  -4.06868157e+00  -6.09495908e+00
  -2.95900466e+00  -2.75306964e+00   2.32762859e-01  -5.00119941e+00
  -9.10083121e+00  -3.84318869e+00  -5.95185156e+00  -5.87186771e+00
   5.38444560e+00   9.58848227e+00   3.08997031e+00   1.07263745e-02
  -2.17586255e+00  -8.91987861e+00  -9.57086360e+00  -7.88865225e+00
  -9.15882412e+00  -1.42123461e+01  -1.82293874e+01  -2.18030573e+01
  -2.46713892e+01  -2.30944462e+01  -1.98359502e+01  -1.43445657e+01
  -1.23352779e+01  -1.56265612e+01  -1.82254861e+01  -2.06213745e+01
  -1.75199154e+01  -1.48966842e+01  -1.31954448e+01  -1.08183977e+01
  -1.25894146e+01  -9.97658582e+00  -1.40751483e+01  -1.05940557e+01
  -9.58076534e+00  -1.46384142e+01  -2.80476437e+01  -3.19136540e+01
  -3.10258701e+01  -3.25429625e+01  -2.96607038e+01  -3.08228538e+01
  -2.69270688e+01  -2.25067752e+01  -1.50879008e+01  -1.20953408e+01
  -7.13990836e+00  -6.82599627e+00  -4.66898716e+00  -1.05935096e+00
   3.39438077e+00   1.03259719e+01   1.63638191e+01   2.26980074e+01
   1.85221793e+01   1.17978453e+01  -2.65151934e-01  -7.61852883e+00
  -7.88033534e+00  -7.65611164e+00  -1.37950657e+01  -8.60646190e+00
  -6.57828382e+00  -1.53287874e+01  -1.49527410e+01  -1.13784611e+01
  -5.82086954e+00   1.15876480e+01   2.43647296e+01   2.07795330e+01
   1.24473113e+01   2.50173472e+00  -4.55955362e+00  -1.35110216e+01
  -3.47061660e+00   3.45553098e+00   3.09513486e+00   2.43517885e+00
   3.97634339e+00   4.70092728e+00   2.63054208e+00  -4.58159822e+00
  -6.82271467e+00  -1.09750291e+01  -7.54367556e+00  -1.13440729e+00
   2.04986422e+00  -3.90337415e+00  -4.92972268e+00  -2.26303945e+00
  -3.73216414e+00   1.03093733e+00   9.06028630e+00   2.56202253e+00
  -1.09654589e+00  -2.91821457e+00  -1.72343940e+01  -3.97689723e+01
  -4.32717503e+01  -3.60231508e+01  -2.83744813e+01  -1.86191102e+01
  -6.34314219e+00   6.34831962e+00   1.92234043e+01   3.20799425e+01
   2.70328970e+01   2.00814742e+01   1.36100342e+01   8.39499149e+00
   1.18617652e+01   1.79551624e+01   1.84534540e+01   4.96376617e+00
  -8.97114881e+00  -1.85294554e+01  -2.84517458e+01  -3.14775418e+01
  -2.63444947e+01  -2.12868502e+01  -2.40656090e+01  -1.96022728e+01
  -7.98530191e+00   5.00792617e+00   5.38136685e+00   1.38663732e+00
  -2.51583371e+00  -1.31461092e+00   3.12575596e+00   9.63381303e+00
   8.36805525e+00   9.87921234e+00   7.47402623e+00   1.55923318e+01
   1.73555471e+01   1.49749223e+01   1.33891209e+01   1.75862529e+01
   2.30620994e+01   2.87502679e+01   2.37134607e+01   1.61935041e+01
   1.43410547e+01   3.44528603e+00   6.12347125e+00  -4.35502248e-01
   1.89214589e+00   2.21060008e+00   4.15515490e+00   7.26205964e+00
   8.58536613e+00   5.44471979e+00  -3.46284852e+00  -1.21024106e+01
  -1.55529451e+01  -1.48510812e+01  -1.83510319e+01  -2.54007882e+01
  -2.30709776e+01  -1.53763921e+01  -5.69016199e+00  -3.37373096e+00
   1.10510809e-01   1.82141429e+00   3.68230996e+00   3.43487217e+00
   7.28528095e+00   1.12045361e+01   1.35568593e+01   9.16894516e+00
   1.07922275e+01   1.11821243e+01  -4.39266117e-01  -1.41635137e+01
  -1.63119450e+01  -1.09656187e+01  -1.03100783e+01  -1.06543999e+01
  -1.10167111e+01  -3.93602573e+00   2.02708008e+00   1.20220654e+00
   2.92276520e+00   1.50507287e+00  -2.50250919e+00  -6.77029764e+00
  -5.04310767e+00  -1.42622962e+01  -1.62120089e+01  -1.22468332e+01
  -1.05568258e+01  -7.73766193e+00  -1.10193487e+01  -1.48598646e+01
  -2.73069593e+01  -3.96497833e+01  -4.29922901e+01  -4.17494317e+01
  -3.79667000e+01  -3.22270306e+01  -2.43960513e+01  -2.39601921e+01
  -1.31445491e+01  -1.25005574e+01  -1.47522253e+01  -2.01974337e+01
  -2.92266079e+01  -2.51033732e+01  -1.63637948e+01  -1.64605032e+01
  -1.50161494e+01  -1.10800980e+01  -7.45038328e+00  -9.92397873e+00
  -1.90867497e+01  -1.43335788e+01  -1.71854967e+01  -2.26484872e+01
  -3.90297401e+01  -3.93072820e+01  -3.33713475e+01  -2.70488413e+01
  -1.80723615e+01  -1.82154413e+01  -2.31220860e+01  -1.80591154e+01
  -5.25690533e+00   2.10579640e+00   1.22778451e+01   1.39929368e+01
   1.67105057e+01   1.54632422e+01   1.02900065e+01  -8.05845077e-01
  -6.72187704e+00  -3.61453498e-01   5.58318942e+00  -1.34534704e-01
  -4.18042496e+00  -2.33616972e+00  -3.21211536e+00  -1.35022030e+00
   2.49965896e+00],[  4.79616347e-14  -3.06431603e+00  -2.10785262e+00  -1.56350785e+00
  -7.63138587e+00  -1.88488355e+01  -3.09640860e+01  -3.10048817e+01
  -2.73852861e+01  -2.17690601e+01  -1.67296474e+01  -1.52751466e+01
  -8.26813364e+00  -7.18617859e+00  -9.96272570e+00  -1.32971862e+01
  -1.04274237e+01  -7.65852718e+00  -5.87625895e+00  -1.36939496e+01
  -1.44643306e+01  -1.21299191e+01  -1.10053019e+01  -1.03999520e+01
   3.23224712e+00   5.92252316e+00  -3.51389595e+00  -7.57064298e+00
  -1.24138507e+01  -1.80832220e+01  -1.56533917e+01  -1.53454255e+01
  -1.34985453e+01  -4.51848333e+00  -7.44967707e+00  -1.67974444e+01
  -1.91411095e+01  -2.59901778e+01  -2.66994694e+01  -2.43166931e+01
  -2.24723727e+01  -1.46483495e+01  -9.36016143e+00  -2.69308344e+00
   2.45395624e+00   8.31247565e-01  -7.92076436e-01  -4.74841951e-01
   5.81278331e-01   9.61246528e+00   9.12628945e+00   1.16604583e+01
   7.93035256e+00  -8.25367079e-01  -6.36828802e+00  -1.75187895e+01
  -1.36449492e+01  -1.13057198e+01  -1.01036351e+01  -1.33922750e+01
  -1.22819358e+01  -9.47861058e+00  -4.52681024e+00  -3.48631194e+00
  -1.12862596e+00  -2.55816135e+00  -3.10745077e+00  -4.25030726e-01
   1.76615814e+00   5.79405472e+00   8.73848611e+00   1.30236403e+01
   7.04596971e+00  -3.12129698e+00  -1.07258136e+01  -1.51604263e+01
  -1.22741589e+01  -1.42686949e+01  -1.65459041e+01  -1.34195255e+01
  -1.12015217e+01  -1.78494404e+01  -1.40211971e+01  -1.60100621e+01
  -1.96305189e+01  -1.39455587e+01  -1.02158114e+01  -1.55870899e+01
  -1.23219816e+01  -7.55250280e+00  -7.86865465e-02  -4.13573469e+00
  -9.91307341e+00  -6.37621326e+00  -5.36635376e+00  -4.62653206e+00
  -4.48451704e+00   1.34990889e+00  -2.18084394e+00  -8.72620443e+00
  -5.96153538e+00   9.47303551e-02   3.39597121e+00  -2.14546664e+00
  -1.54982334e+01  -2.32886032e+01  -2.32988330e+01  -2.04631847e+01
  -1.05558991e+01   1.03610954e+01   1.41757535e+01   7.20506539e+00
   4.70659024e+00  -3.79506050e+00  -1.70659853e+01  -2.64411152e+01
  -1.48596595e+01  -7.97240884e+00  -5.23263577e+00   1.10560348e-01
   5.76687709e+00   7.16805349e+00   1.18268975e+01   1.05785300e+01
  -1.09512288e+00   4.86610517e-01   7.87725797e+00  -5.22898529e-02
   4.97936193e+00  -1.34271063e+00  -2.07193991e+01  -3.81118412e+01
  -4.82281426e+01  -4.85939636e+01  -4.51553415e+01  -3.78131536e+01
  -2.79302395e+01  -2.36814277e+01  -2.18126261e+01  -1.74848447e+01
  -1.14704794e+01   2.23605935e+00   4.83799373e+00   1.31964451e+00
  -1.28747861e+00  -2.41344023e+00  -3.72976955e-01  -1.01207814e+00
   1.55958078e-01  -7.53111408e-01  -6.08931158e+00  -1.75170800e+00
  -2.25107154e+00  -2.81354177e+00  -1.04466128e+01  -1.32338110e+01
  -1.36756090e+01  -1.25092196e+01  -6.55638359e+00  -4.76837501e+00
   1.28699626e+00  -4.94382807e-01  -4.18319587e+00  -1.34522006e+01
  -2.16747161e+01  -2.60119577e+01  -2.47783730e+01  -1.55163599e+01
  -1.05344832e+01  -1.07869198e+01  -1.68419914e+01  -2.32889690e+01
  -2.66203455e+01  -2.57177050e+01  -2.89777102e+01  -3.34941095e+01
  -3.24453347e+01  -2.96073248e+01  -1.82067137e+01  -1.34503029e+01
  -1.14389885e+01  -1.33939814e+01  -2.02579557e+01  -1.91457237e+01
  -1.21586898e+01  -1.01681788e+00   1.04224212e+01   7.18933511e+00
   1.74005231e+00  -2.85773746e+00  -1.50431423e+01  -2.37393094e+01
  -2.37509649e+01  -1.94050687e+01  -1.02412167e+01  -6.54172323e+00
  -3.30278490e+00  -2.88132797e+00  -1.08991418e+01  -1.42595045e+01
  -9.57139818e+00  -3.29869201e+00  -4.61550778e+00  -8.38386381e+00
  -5.17089927e+00  -2.40310059e+00   3.97757482e+00   1.08482287e+01
   1.47467182e+01   1.25313229e+01   5.77252667e+00   1.86536557e+00
  -6.76110458e+00  -1.40214363e+01  -1.43510376e+01  -1.32175022e+01
  -1.07725577e+01  -9.94198875e+00  -7.93855285e+00  -4.82886172e+00
   3.12530326e+00   2.98295990e+00   5.23274324e+00   1.35694943e+00
  -7.44757999e-03   4.65929895e+00   8.67076755e+00   5.19885829e+00
   4.57188876e+00   5.16816301e+00   6.90162947e+00   9.25756625e+00
   6.51412404e+00   4.65914430e+00  -6.79552904e+00  -1.73360591e+01
  -1.55956256e+01  -2.40959200e+01  -2.74600696e+01  -1.92230406e+01
  -4.04394996e+00   7.04285204e+00   1.23388467e+01   1.80720567e+01
   2.04270235e+01   2.13290026e+01   2.68719110e+01   2.14291022e+01
   1.65961905e+01   1.39075998e+01   1.32331067e+01   1.45288388e+01
   6.27615796e+00   4.98050004e+00   4.24579480e+00  -1.00334967e+00
  -1.49416336e+00   5.94095491e+00   1.67528540e+01   1.61009275e+01
   1.43933319e+01],[ -1.15463195e-14  -9.60407759e-02  -6.09269799e-01  -4.10683946e+00
  -2.85360852e+00  -8.21091256e+00  -1.65570647e+01  -1.80520525e+01
  -1.68529213e+01  -1.78564007e+01  -1.84130661e+01  -1.69618188e+01
  -1.27107170e+01  -1.58663663e+01  -1.11768736e+01  -1.34228475e+01
  -1.22955632e+01  -1.64900943e+01  -1.57525553e+01  -1.62432806e+01
  -1.32895237e+01  -1.38911083e+01  -1.34398641e+01  -1.32973797e+01
  -1.15903684e+01  -9.72558594e+00  -1.41798961e+01  -1.97151548e+01
  -2.17430315e+01  -1.78181095e+01  -1.11141802e+01  -9.39038947e+00
  -1.25122224e+01  -1.09333112e+01  -1.80226915e+01  -2.57204173e+01
  -2.64438677e+01  -2.67437856e+01  -2.39047658e+01  -2.42855526e+01
  -2.28604423e+01  -1.03584638e+01  -7.12052645e+00  -3.15915155e+00
   3.56184652e-01   3.59657085e+00   4.70270719e+00   2.63476908e+00
  -1.15538651e+00  -7.32744955e+00  -6.51801533e+00  -8.48846234e+00
  -8.40952004e+00  -7.67652250e+00  -5.14853913e-01   1.37475686e-01
  -1.70466514e+00  -2.88212421e+00   1.10856468e+00   4.73184384e+00
   3.38102059e+00  -6.63505738e+00  -1.21571824e+01  -1.28314457e+01
  -1.54906538e+01  -1.92043555e+01  -2.11494579e+01  -2.28655555e+01
  -3.18466088e+01  -3.54572086e+01  -3.92349140e+01  -3.75111545e+01
  -3.60423101e+01  -3.86098642e+01  -3.25493492e+01  -2.57572914e+01
  -1.90980662e+01  -1.55921713e+01  -1.32628266e+01  -1.48110954e+01
  -1.26365992e+01  -6.44949036e-01   4.12056305e+00   8.43651831e+00
   2.73622543e+00  -1.29271731e+01  -1.85105221e+01  -1.69237350e+01
  -1.91393023e+01  -2.08386754e+01  -1.50430246e+01  -6.23717034e+00
  -1.25262972e+01  -1.28877214e+01  -3.03455470e+00  -1.81148593e+00
  -1.27115533e+00   4.17211196e+00   8.10998415e-01   1.41265779e+00
   3.72338309e+00   3.40246658e+00  -6.93045189e-01  -1.49970658e+01
  -3.13389162e+01  -3.65173552e+01  -3.15291991e+01  -3.18537871e+01
  -2.26814878e+01  -3.70153478e+00  -9.94644945e+00  -1.66438708e+01
  -1.97426195e+01  -2.32520519e+01  -2.25970935e+01  -1.93834346e+01
  -4.14348565e+00  -1.37113086e+00  -3.11325695e+00  -5.61927251e+00
  -5.26916681e+00  -8.30847781e+00  -1.44647637e+01  -2.49240902e+01
  -3.62342402e+01  -3.00507298e+01  -1.04913666e+01  -1.36624087e+01
  -2.39322167e+01  -3.32755947e+01  -4.52024727e+01  -5.01583842e+01
  -4.76017543e+01  -3.84366091e+01  -3.03343089e+01  -2.47406630e+01
  -1.71989365e+01  -1.40925099e+01  -1.07848567e+01  -1.01364869e+01
  -1.05935865e+01  -2.65057324e+00  -1.58841624e+00  -9.20496658e+00
  -1.67742397e+01  -1.96364252e+01  -1.56301505e+01  -1.26232220e+01
  -8.06518605e+00  -1.02533986e+01  -2.37911275e+01  -2.72088971e+01
  -2.56018894e+01  -2.22469436e+01  -2.88322161e+01  -3.37265584e+01
  -3.23417515e+01  -2.66800415e+01  -2.04119774e+01  -8.34525679e+00
   2.98206396e-01   1.74069333e+00  -7.41376384e+00  -1.48331827e+01
  -2.84991493e+01  -2.59605783e+01  -7.19634989e+00  -3.92140876e+00
  -5.94740823e+00  -4.95041743e+00  -5.37140248e+00  -1.29424899e+01
  -1.86627760e+01  -1.84512684e+01  -2.11390867e+01  -2.21657486e+01
  -2.24518222e+01  -2.04264801e+01  -1.67292623e+01  -1.29073694e+01
  -9.72976875e+00  -1.73181994e+01  -2.56362870e+01  -3.14194716e+01
  -2.35343003e+01  -6.66770615e+00   2.59887091e+00   7.79741950e-01
  -6.26160077e+00  -1.50301360e+01  -1.96793562e+01  -2.30525548e+01
  -2.41054155e+01  -2.26566343e+01  -1.08599261e+01  -9.15467211e+00
  -7.38516504e+00  -1.19725125e+01  -1.71188039e+01  -1.78384654e+01
  -1.24897795e+01  -1.10663863e+01  -8.72742622e+00  -1.16152094e+01
  -1.06521496e+01  -8.89885550e+00  -8.63104563e+00  -6.67300017e+00
  -5.27400263e+00  -1.55765110e+01  -2.62415209e+01  -2.81508759e+01
  -2.79803234e+01  -2.48805690e+01  -1.37189198e+01  -6.66762632e+00
  -4.67869245e+00  -4.67383202e+00   1.03981793e-01   7.78652367e+00
   1.65454125e+01   1.63568277e+01   7.10347408e+00  -1.62515987e+00
  -7.37844344e+00  -3.03976620e+00   2.42791951e+00   6.24882709e+00
   5.36918186e+00   8.39949306e+00   1.01598977e+01   1.42033972e+01
   1.89559245e+01   1.31573730e+01   2.41676245e-01  -1.17812990e+01
  -1.90594543e+01  -2.25180444e+01  -2.38442347e+01  -2.34957932e+01
  -1.78744042e+01  -7.98508865e+00   8.03039476e-03   5.61276452e+00
   3.92269344e+00   1.24484772e+00  -6.97111540e+00  -1.53031332e+01
  -1.30398878e+01  -1.44768626e+00  -1.97234140e-01   4.21820472e+00
   1.20216161e+01   1.29483416e+01   8.27101310e+00   6.03251477e+00
   6.99482150e+00   8.33826166e+00   1.09588401e+01   6.66802402e+00
   7.53477721e+00],[  1.33226763e-14   2.25413976e+00   1.04195243e+00  -9.30821520e+00
  -1.72518270e+00   2.72889176e+00  -1.61623807e+00  -4.38186960e+00
  -2.01955123e+00  -9.00736889e+00  -1.54306721e+01  -2.04516901e+01
  -2.39443246e+01  -3.58575676e+01  -3.76805806e+01  -4.33195112e+01
  -3.71078592e+01  -2.33910105e+01  -1.63611209e+01  -2.27635703e+01
  -2.71752300e+01  -2.26910981e+01  -1.59059695e+01  -4.82140965e+00
   1.82014554e+00   8.48189347e+00   9.55737166e+00   7.98043743e+00
   9.73086825e+00   1.38073429e+01   1.83779843e+01   2.65649529e+01
   2.60407414e+01   2.11811101e+01   1.02156013e+01  -3.60411011e+00
  -1.05216388e+01  -1.12360140e+01  -1.24911987e+01  -1.57973088e+01
  -1.72011249e+01  -7.91756786e+00  -1.09566553e+01  -1.81844399e+01
  -2.03083401e+01  -1.66013801e+01  -1.14502436e+01  -4.68313743e+00
  -1.84015728e+00   5.82571237e-01   8.68577296e-01  -2.25539314e+00
   3.31048762e-01  -1.17771759e+01  -1.24308942e+01  -1.35304920e+01
  -2.26911037e+01  -2.33068447e+01  -1.41969955e+01  -1.13832997e+01
  -1.35367211e+01  -1.92383443e+01  -2.12689710e+01  -1.80007767e+01
  -1.21688288e+01  -4.52961917e+00  -1.99920220e+00   2.46240333e-01
  -3.08290439e+00  -3.55074908e+00  -8.45968221e+00  -1.74335192e+01
  -2.00444593e+01  -2.42441350e+01  -2.39242942e+01  -2.14354915e+01
  -2.00962963e+01  -1.42208089e+01  -1.19131647e+01  -1.68090962e+01
  -1.89374717e+01  -1.34015035e+01  -1.77703545e+01  -1.65608805e+01
  -7.50140786e+00  -8.22627904e-01  -1.40509982e+00   2.23940564e+00
  -2.84604162e+00  -1.58589748e+01  -2.22465047e+01  -1.52018793e+01
  -1.75079772e+01  -1.96586225e+01  -1.08611189e+01  -6.65634425e+00
  -6.79708207e+00  -8.37762907e+00  -8.50426786e+00  -7.41310009e+00
  -1.08895176e+01  -1.70645294e+01  -1.82099181e+01  -2.46863451e+01
  -3.16022763e+01  -2.91359930e+01  -1.95606514e+01  -1.77112631e+01
  -1.79642593e+01  -1.21928582e+01  -1.03539312e+01  -1.46374133e+01
  -2.47280525e+01  -3.02048980e+01  -2.75592865e+01  -2.46408360e+01
  -1.96529543e+01  -1.75588874e+01  -5.84010117e+00  -2.08272793e+00
   4.39387540e+00   7.58481833e+00   4.27885362e+00  -5.24311533e+00
  -1.11034618e+01  -7.51865378e+00  -1.81302946e+00  -4.14776980e+00
  -1.69584022e+01  -2.50787929e+01  -2.33067054e+01  -8.11156522e+00
   2.49502947e+00   2.59327562e-01   1.04980426e+00  -6.62967682e-01
   1.75158277e+00   1.82082594e+00   3.44018792e+00   9.76388647e-01
   7.11677242e+00   1.01309184e+01   4.96523390e+00  -1.04945463e+00
  -6.66348095e+00  -9.04143986e+00  -6.35325712e+00  -3.34401301e+00
  -6.82078974e+00  -1.05242466e+01  -1.67186005e+01  -1.74251667e+01
  -1.61155085e+01  -1.72799759e+01  -2.28009730e+01  -2.48647908e+01
  -2.39891229e+01  -2.01628564e+01  -2.14459160e+01  -5.71457133e+00
   3.89925940e+00   2.31457502e+00  -6.33636147e+00  -1.06312838e+01
  -2.47118169e+01  -2.17430240e+01  -4.95739494e+00   1.07150301e+00
   7.33769106e-01  -5.11687810e+00  -4.04532178e+00  -6.06655587e+00
  -5.22800775e+00  -3.74407652e+00  -2.89088714e+00  -7.29110493e+00
  -5.58885676e+00  -6.82351988e+00  -1.17364080e+01  -1.41451468e+01
  -1.75802594e+01  -2.58494065e+01  -2.87291636e+01  -2.80523260e+01
  -1.90267522e+01  -9.99704426e+00  -1.16695002e+01  -9.65658259e+00
  -6.51292046e+00  -1.04179271e+01  -1.15265450e+01  -1.04906462e+01
  -1.06271339e+01  -1.22262428e+01  -6.47713030e+00  -3.84648837e+00
  -4.76602107e-01  -1.55518708e+00  -9.53659321e-01  -4.24354501e+00
  -6.34709544e+00  -5.53617717e+00  -2.96979516e+00  -1.74242416e+00
  -8.47582162e-01  -6.75349860e+00  -9.67995134e+00  -3.34675834e+00
  -2.86839842e+00  -2.19530505e+01  -3.74430265e+01  -3.38311468e+01
  -2.51520589e+01  -1.29721901e+01  -1.97171058e+00  -2.17333613e+00
  -4.27142904e+00  -3.46101644e+00   3.64459532e+00   1.41469090e+01
   2.14692976e+01   2.00394560e+01   1.06031315e+01   8.99134127e+00
   2.01265409e+00  -1.06968081e+00   3.65785105e+00   8.71848114e+00
   7.68558295e+00   9.13671405e-01  -6.60151348e+00  -1.19118192e+01
  -1.18965719e+01  -1.34463889e+01  -1.14972053e+01  -2.16202395e+01
  -2.54571042e+01  -2.21226552e+01  -2.36756402e+01  -2.51247406e+01
  -1.90882911e+01  -1.02226298e+01   1.58850920e+00   5.38455337e+00
   4.62090998e+00   6.87633825e+00   7.37346344e+00   8.89818972e+00
   5.09495608e+00   1.94283669e+00  -1.05396915e+00  -8.75210109e+00
  -9.02163333e+00  -1.03090033e+01  -1.23337801e+01  -1.28306760e+01
  -1.35256095e+01  -1.41308453e+01  -1.20890846e+01  -1.53635813e+01
  -1.31077812e+01],[  1.24344979e-14   2.20299081e+00   7.66269422e-01  -9.81453229e+00
  -4.15907574e+00  -4.45045783e+00  -6.51045038e+00  -4.75194890e+00
  -3.67044920e+00  -4.98725458e+00  -7.48157856e+00  -1.91842885e+01
  -2.48593412e+01  -2.48037746e+01  -2.94450608e+01  -3.52002846e+01
  -3.87712956e+01  -3.10575773e+01  -2.51982565e+01  -2.82471914e+01
  -3.12130675e+01  -3.29671414e+01  -2.67624021e+01  -2.25825600e+01
  -2.41544748e+01  -1.82781972e+01  -1.43032483e+01  -1.29777491e+01
  -8.03647038e+00  -5.54689546e+00  -2.18437839e+00   4.83400992e+00
   1.52166128e-03  -3.66799146e+00  -9.18234185e-01  -1.29593660e+01
  -2.11573288e+01  -2.38904584e+01  -2.04577576e+01  -1.68578989e+01
  -1.15888044e+01  -6.02077866e+00  -1.28758573e+01  -1.70203613e+01
  -1.85233570e+01  -2.07751583e+01  -2.28700032e+01  -2.28942058e+01
  -2.61938841e+01  -3.13372380e+01  -2.69132205e+01  -2.13908470e+01
  -1.31643553e+01  -1.98364202e+01  -1.84200018e+01  -2.28183014e+01
  -2.67213863e+01  -2.61424243e+01  -2.14245056e+01  -2.22751440e+01
  -2.22817095e+01  -2.71443451e+01  -2.59048828e+01  -2.18389123e+01
  -1.38404282e+01  -3.47708225e+00  -3.27181476e+00  -4.37005686e+00
  -4.03542430e+00   1.51223141e+00   5.46647178e+00  -2.07601229e+00
  -3.77915269e+00  -2.79204982e+00  -8.25138258e+00  -5.77409671e+00
  -1.24805119e+01  -1.42139536e+01  -1.42441943e+01  -1.66297394e+01
  -1.61122407e+01  -2.55145820e+01  -3.04821044e+01  -3.42332493e+01
  -2.91796266e+01  -1.45987619e+01  -6.61737607e+00  -5.05053469e+00
  -6.65056772e+00  -1.25142229e+01  -1.40125111e+01  -6.25767500e+00
  -6.25325860e+00  -9.28033276e+00  -1.58547589e+01  -1.19319107e+01
  -1.18804393e+01  -1.56551791e+01  -1.29931892e+01  -1.27000829e+01
  -1.61481128e+01  -1.36911676e+01  -4.60307829e+00  -3.32120370e+00
  -7.18157262e+00  -1.61803446e+01  -1.61053796e+01  -1.97832417e+01
  -3.24931128e+01  -3.57388721e+01  -3.04992424e+01  -2.74948830e+01
  -2.96933294e+01  -2.87638628e+01  -2.53838013e+01  -2.30223834e+01
  -1.82605630e+01  -2.09412344e+01  -1.61572421e+01  -5.85948157e+00
  -4.14305935e-01   1.88351519e+00   6.09902889e+00  -3.40759575e+00
  -1.24494305e+01  -1.59223203e+01  -2.33379851e+01  -1.52135741e+01
  -9.22206119e+00  -1.45600872e+01  -1.42890767e+01  -1.25001364e+01
  -1.36384139e+01  -2.13200011e+01  -2.60382239e+01  -3.05105319e+01
  -3.03419550e+01  -2.95032810e+01  -2.80292749e+01  -2.94716248e+01
  -1.85541458e+01  -1.15235347e+01  -9.66128798e+00  -1.34025228e+01
  -1.63470269e+01  -1.24326348e+01  -1.29021201e+01  -9.99238327e+00
  -1.17101255e+01  -1.22990887e+01  -1.35482079e+01  -2.01141816e+01
  -2.28935588e+01  -1.95756617e+01  -2.16732164e+01  -1.95712491e+01
  -2.03919963e+01  -2.51485704e+01  -2.39627715e+01  -7.38136986e+00
  -4.88791545e+00  -3.64306170e+00  -4.56463971e+00  -1.19955939e+01
  -2.18707357e+01  -2.11009634e+01  -1.48467796e+01  -5.28902563e+00
   1.07611545e+00   2.34471728e+00  -3.19315756e-01  -8.14980531e+00
  -7.91924151e+00  -3.38827755e+00  -1.41323736e+00  -3.71322125e+00
  -6.88203597e+00  -8.82324556e+00  -1.61333366e+01  -2.28898074e+01
  -2.22980071e+01  -2.22960822e+01  -2.53671059e+01  -2.09946769e+01
  -2.21144082e+01  -1.83636398e+01  -2.57928175e+01  -2.64734719e+01
  -1.70373820e+01  -1.90380373e+01  -1.96225224e+01  -1.99967882e+01
  -2.28849734e+01  -1.85491658e+01  -1.65028508e+01  -1.91282942e+01
  -2.04953278e+01  -2.44113212e+01  -2.29550099e+01  -1.94139831e+01
  -1.88498827e+01  -2.24843789e+01  -2.32429053e+01  -1.96981595e+01
  -1.80822790e+01  -2.71758176e+01  -2.50547412e+01  -1.54900697e+01
  -1.89015754e+01  -3.25763789e+01  -3.78492898e+01  -2.58004605e+01
  -1.35406052e+01  -1.05307503e+01  -1.45983591e+01  -2.04223400e+01
  -2.46608246e+01  -2.19032144e+01  -9.55920818e+00   1.66945719e+00
   5.85005719e+00   1.01367085e+01   8.50528859e+00   7.55643122e+00
   3.38314271e+00   5.71922114e+00   1.10372928e+01   1.23714184e+01
   1.27414315e+01   1.28724961e+01   1.11984170e+01   8.57862603e+00
   1.07555766e+01   1.65175326e+01   1.52514760e+01  -2.43451879e+00
   1.27765880e+00   1.23263449e+00  -6.15698583e-01   1.53084035e+00
   4.22151635e+00   5.96571368e+00   1.18852016e+01   1.07779183e+01
   4.78914974e+00   5.96391896e+00   3.04088478e+00   2.79698249e+00
   2.55140199e+00  -1.40731043e+00  -4.84330615e+00  -1.51149184e+01
  -2.18446180e+01  -2.79107327e+01  -2.88028631e+01  -3.04091035e+01
  -2.64455065e+01  -2.25253217e+01  -1.39329169e+01  -1.17489570e+01
  -1.19939407e+01],[  7.99360578e-14  -9.93046210e-01  -2.84316398e+00  -1.06878617e+01
  -1.38262951e+01  -1.63625643e+01  -1.86244466e+01  -1.52099295e+01
  -1.36434105e+01  -1.27173391e+01  -1.21138033e+01  -1.59291122e+01
  -1.45291778e+01  -1.00132549e+01  -5.68966742e+00  -5.74500889e+00
  -6.05052269e+00  -7.64550186e+00  -4.94696409e+00   3.06300784e-01
   5.72284462e+00   6.37788237e+00   6.16430476e+00   5.21017315e+00
   5.88850461e+00   7.53561960e+00   9.98038084e+00   5.16259194e+00
   7.05760656e+00   5.85005381e+00   5.59044786e+00   2.77898665e+00
  -3.87564283e+00  -8.17589483e+00  -4.27419746e+00  -1.26515534e+01
  -1.74270778e+01  -1.65462876e+01  -1.35775690e+01  -1.54810761e+01
  -1.16524079e+01  -1.08836278e+01  -1.59716454e+01  -2.02850138e+01
  -1.91089892e+01  -1.68059811e+01  -1.13322272e+01  -1.31943770e+01
  -1.78145489e+01  -2.40803210e+01  -1.70839808e+01  -1.42176197e+01
  -1.27060965e+01  -1.11859155e+01  -9.16983313e+00  -1.30114393e+01
  -2.30145507e+01  -2.47601611e+01  -2.01268580e+01  -1.75280746e+01
  -1.39192485e+01  -1.67070027e+01  -1.93036062e+01  -2.14758865e+01
  -2.37470249e+01  -2.47873035e+01  -2.30044820e+01  -2.46018615e+01
  -2.57696738e+01  -2.26263553e+01  -2.41384628e+01  -2.21280791e+01
  -1.56051430e+01  -9.75431910e+00  -1.28468578e+01  -5.82064092e+00
  -8.02436554e+00  -1.09355075e+01  -1.26397646e+01  -1.20232973e+01
  -9.21725043e+00  -1.92846653e+01  -1.66201613e+01  -1.45372605e+01
  -2.29445385e+01  -2.90548350e+01  -2.00936423e+01  -7.39242185e+00
  -2.83599689e+00  -6.90728114e+00  -6.34953413e+00  -5.25685273e+00
  -8.05348699e+00  -1.02600783e+01  -1.59082930e+01  -1.22409277e+01
  -6.79749683e+00  -4.54474597e+00  -1.90140545e+00  -5.69498455e+00
  -9.50821629e+00  -5.86313485e+00  -8.10486063e+00  -1.73656751e+01
  -1.98659000e+01  -1.58540673e+01  -7.89574085e+00  -4.33566807e+00
  -9.22945174e+00  -8.68114664e+00  -1.01446587e+01  -9.07411246e+00
  -3.79443131e+00  -1.57570398e+00  -7.91429416e+00  -1.99340315e+01
  -2.92464738e+01  -3.27912376e+01  -2.24109301e+01  -9.48570418e+00
  -4.39993552e+00  -3.13098212e+00  -1.48502162e+00  -5.59376373e+00
  -1.10785676e+01  -1.16528456e+01  -2.17163395e+01  -1.42970144e+01
  -1.07538185e+01  -1.01267698e+01   1.07775092e+00   3.73140863e+00
   4.04766607e+00  -3.17994233e+00  -1.34052625e+01  -1.79829885e+01
  -2.37057982e+01  -2.16299295e+01  -2.08955854e+01  -1.82536099e+01
  -9.77032539e+00  -2.43181497e+00   1.62355415e+00  -2.38579414e+00
   3.60349351e-01   3.98065013e+00  -3.71643364e+00  -4.94389957e+00
  -2.95846347e+00   3.07255196e+00   6.21141809e+00   2.04567536e+00
  -2.65430545e+00  -1.56488598e+00   2.56783431e+00   3.78213347e+00
   3.08182364e+00  -1.21385159e+00  -7.13592656e+00  -7.46573062e+00
  -6.76281477e+00  -2.35168226e+00  -1.07740863e+00  -4.20519945e+00
  -7.74735562e+00  -1.09076981e+01  -8.54151540e+00  -4.95210135e+00
  -2.69917431e+00   2.84909975e+00   4.05456013e+00   8.05645760e-01
   6.15152029e+00   8.02849985e+00   7.11987342e+00   3.71063386e+00
   1.18458672e+00  -2.50702111e+00  -6.89308280e+00  -1.29377086e+01
  -1.71707943e+01  -1.03879042e+01  -6.04216836e+00  -7.00280124e+00
  -7.99824446e+00  -3.36213484e+00  -9.77525535e+00  -1.56303660e+01
  -1.09145833e+01  -7.61443445e+00  -1.95519182e+00  -6.20865016e-01
  -4.55226410e+00  -5.20249248e+00  -1.14636877e+01  -1.42172142e+01
  -1.32359570e+01  -1.20831933e+01  -1.45368847e+01  -1.82977375e+01
  -2.23116155e+01  -2.32418668e+01  -2.29171805e+01  -1.90405598e+01
  -1.18129527e+01  -2.33627053e+01  -2.07172666e+01  -1.09322060e+01
  -1.60612478e+01  -1.49290783e+01  -9.20278406e+00   6.43935420e+00
   1.31016239e+01   3.24852934e+00  -7.42663557e+00  -1.33619699e+01
  -2.06107223e+01  -1.82190345e+01  -9.77246524e+00  -1.00330550e+01
  -9.79619973e+00  -1.12877116e+01  -1.90561524e+01  -2.34825770e+01
  -2.21911412e+01  -1.89147650e+01  -1.20063393e+01  -7.49137712e+00
  -6.63083292e+00  -6.30595414e+00  -1.03817038e+01  -1.77014630e+01
  -1.79039284e+01  -1.04142666e+01  -1.72082847e+01  -2.27914928e+01
  -1.78930586e+01  -9.47894346e+00  -4.02350139e+00  -1.68707630e+00
   3.90201937e+00   5.89978671e+00   2.25415994e+00  -4.72169199e+00
  -1.02646198e+01  -1.13853670e+01  -1.79150259e+01  -1.16310773e+01
  -2.85225185e+00  -1.93107592e+00   5.40833233e-02  -1.81534099e+00
  -8.96697513e+00  -1.18895584e+01  -1.04776916e+01  -1.05308053e+01
  -7.24163893e+00  -2.43486314e+00  -2.94164660e+00  -5.88256605e+00
  -7.20186237e+00],[ -5.24025268e-14   1.02921938e+00   1.68871347e+00   3.21804527e-01
  -2.30941208e+00  -5.45402369e-02  -1.31134873e+00  -1.78127171e-01
   3.44370970e-01   3.61596882e+00   6.59462854e+00   7.63322114e+00
   3.82690458e+00  -5.32914689e+00  -5.01267968e+00  -1.03607031e+00
   2.83939226e+00  -1.18184183e+00  -4.61701583e+00  -3.48845919e+00
  -3.81480073e+00  -3.68305691e+00  -1.11447172e+01  -4.82443424e+00
   6.82888892e+00   1.75661736e+00   1.49319443e+00  -1.78057769e+00
  -2.94881917e+00  -3.63485207e+00  -6.31198108e+00  -1.45242163e+01
  -1.00552891e+01  -7.72625096e+00  -1.93579575e+00  -7.93715175e+00
  -1.07217315e+01  -7.97675381e+00  -3.92472547e+00  -3.65621827e+00
  -5.73643790e+00  -1.21968326e+01  -1.37983152e+01  -1.65357099e+01
  -1.99314727e+01  -2.01117045e+01  -1.17822490e+01  -7.04072814e+00
  -5.03943899e+00   2.45633743e+00   5.22387769e+00   2.90228327e+00
  -1.20797691e+00  -2.78303605e+00  -9.19880113e-01  -2.17453449e+00
  -9.19955588e+00  -9.36772065e+00  -8.85339406e+00  -9.54259138e+00
  -1.09352328e+01  -9.51816358e+00  -9.88571814e+00  -8.55434264e+00
  -6.81331738e+00  -7.49877441e+00  -5.04697277e+00  -1.01836239e+00
  -5.29598096e+00  -8.92252301e+00  -1.37804413e+01  -1.48490272e+01
  -1.34181364e+01  -1.38983897e+01  -1.87510975e+01  -1.47244142e+01
  -1.12937871e+01  -9.55161049e+00  -1.07876117e+01  -1.04354656e+01
  -1.15580582e+01  -1.92012559e+01  -1.44514282e+01  -1.24438571e+01
  -1.72022523e+01  -2.40818450e+01  -2.86986534e+01  -1.95107140e+01
  -1.31356172e+01  -1.50354755e+01  -8.41118768e+00  -8.96005603e+00
  -1.38515981e+01  -1.43426524e+01  -1.35203411e+01  -8.65975997e+00
  -8.78270440e-03   2.68702993e+00   4.30190960e+00  -4.18904078e+00
  -6.37471442e+00  -5.80915957e+00  -1.69891913e+01  -2.62346503e+01
  -3.06463935e+01  -2.91907850e+01  -1.96534025e+01  -9.31247410e+00
  -2.12843340e+00  -3.36119962e+00  -8.65293278e+00  -6.10106899e+00
   2.54743415e+00   4.07324276e+00  -4.91652266e+00  -1.08207983e+01
  -6.60563310e+00  -5.58693592e+00   2.72622146e-01  -2.27925745e+00
  -2.36934449e+00  -7.54744114e+00  -1.00318219e+01  -9.34603931e+00
  -6.75456514e+00   9.84384623e-01  -1.60517794e+01  -2.41175841e+01
  -2.94246156e+01  -3.04426078e+01  -2.16608806e+01  -1.81607990e+01
  -1.68570272e+01  -1.55256125e+01  -2.04298501e+01  -1.89912038e+01
  -1.91835195e+01  -1.57802766e+01  -1.28252755e+01  -9.14190300e+00
  -1.07221463e+01  -1.37970657e+01  -5.34791630e+00  -6.92541066e+00
   5.42052329e-02   4.72951181e+00  -2.07894325e+00  -5.50172474e+00
  -2.16678116e+00   4.70453290e+00   4.03601411e+00   1.80730304e+00
  -2.58430375e+00  -5.02455570e+00  -6.04959371e+00  -2.41960860e+00
  -8.20865853e+00  -1.10475829e+01  -1.41991958e+01  -1.23489042e+01
  -5.01048347e+00  -6.43133785e+00  -5.03216474e+00  -2.41074878e+00
  -2.46242509e+00  -9.53363298e+00  -1.10960614e+01  -7.72683232e+00
  -3.46525538e+00  -3.57131439e+00  -6.20466220e+00  -5.76731481e+00
  -3.76652073e+00  -4.13467341e+00  -7.66950436e+00  -1.19315984e+01
  -1.28568362e+01  -1.23969447e+01  -7.78597013e+00  -4.88458679e-01
  -8.85575932e+00  -1.22217946e+01  -1.05523400e+01  -7.78250412e+00
  -1.48515717e+01  -2.23366926e+01  -2.63261603e+01  -2.41812255e+01
  -1.49404229e+01  -8.17574176e+00  -7.14007098e+00  -7.39877482e+00
  -9.96128020e+00  -1.53454990e+01  -2.05726218e+01  -1.63234723e+01
  -1.37260822e+01  -1.32066953e+01  -1.56735043e+01  -2.06854735e+01
  -2.63086714e+01  -1.85228737e+01  -1.51183645e+01  -1.25543848e+01
  -3.54828125e+00  -1.01679080e+01  -1.67573877e+01  -1.26777468e+01
  -1.27801154e+01  -8.88996647e+00  -3.53319919e+00   4.73033707e+00
   4.75616312e+00  -6.56518714e+00  -9.96865874e+00  -1.14788938e+01
  -1.48036246e+01  -1.67566631e+01  -2.05222455e+01  -2.39157265e+01
  -2.59442794e+01  -2.90054485e+01  -2.88553398e+01  -2.47595154e+01
  -1.86025995e+01  -2.35922416e+01  -2.72334182e+01  -2.66590086e+01
  -2.62747240e+01  -2.96361865e+01  -3.16609442e+01  -3.31892745e+01
  -3.03129299e+01  -2.15692439e+01  -3.05026099e+01  -2.35473925e+01
  -1.86033351e+01  -1.17141274e+01  -8.60354874e+00  -3.40789794e+00
   6.15675082e+00   6.53994407e+00   5.35681262e+00   5.37045337e+00
   2.57482186e+00  -5.28520002e+00  -1.32000733e+01  -1.65138488e+01
  -1.84565446e+01  -1.84085368e+01  -1.27047808e+01  -8.99574944e+00
  -1.07237607e+01  -9.35924096e+00  -3.08319073e+00   6.15706016e-01
   1.32743380e+00   4.42923535e+00   4.11127069e+00   1.03234488e+00
   6.76762179e-01],[  3.01980663e-14   2.92069020e+00   4.18436570e+00   7.05337052e+00
   9.70777250e-01  -2.60717380e+00  -4.25321192e+00  -9.17217598e-01
   3.87089097e-01   3.71448241e+00   8.19891950e+00   9.73561355e+00
   6.74311457e+00   2.70655425e+00  -2.51152809e-01   1.49921751e+00
  -1.75473775e+00  -7.25794178e+00  -1.37738684e+01  -1.57927572e+01
  -1.54586745e+01  -1.53786585e+01  -1.59200245e+01  -7.58918697e+00
  -2.75333425e+00  -8.92439646e+00  -8.96947476e+00  -7.81500680e+00
  -1.15451230e+01  -1.06922497e+01  -1.04847003e+01  -1.41829064e+01
  -9.62647536e+00  -1.16524414e+01  -8.51784949e+00  -1.71993318e+01
  -2.06638311e+01  -1.79580965e+01  -9.46317377e+00  -5.41293653e+00
  -8.82565446e+00  -1.34262967e+01  -1.42216966e+01  -9.02989501e+00
  -8.25766143e+00  -1.09794106e+01  -1.17454961e+01  -1.45240542e+01
  -1.68289437e+01  -1.03509406e+01  -4.91484247e+00  -6.36641042e+00
  -7.81056163e+00  -8.60339629e+00  -5.21918515e+00  -6.61480258e+00
  -6.73289936e+00  -5.73240838e+00  -1.08767665e+01  -1.42406175e+01
  -2.05872903e+01  -2.56036622e+01  -2.68341317e+01  -2.12010254e+01
  -1.85896834e+01  -1.48641152e+01  -1.72456710e+01  -1.16368265e+01
  -1.05581184e+01  -1.05327940e+01  -7.21914630e+00  -1.01170784e+01
  -1.76263053e+01  -1.87546175e+01  -2.09419872e+01  -1.80352656e+01
  -1.55180452e+01  -1.64545943e+01  -1.95852126e+01  -1.72093994e+01
  -1.38317944e+01  -1.70328242e+01  -1.35094451e+01  -1.24022882e+01
  -1.25545524e+01  -6.15939961e+00  -6.27548704e+00   7.06657562e-01
   5.61588735e+00   1.83531966e+00   2.42782796e+00   2.52698765e+00
   3.16721284e+00  -2.10343681e+00  -6.77598463e+00  -5.96053652e+00
  -1.50935378e+00  -6.00058754e+00  -9.21111267e+00  -1.26359531e+01
  -7.53338127e+00  -1.10706963e+01  -1.82586772e+01  -1.73501901e+01
  -2.21801876e+01  -2.11807782e+01  -1.31349544e+01  -8.76606007e+00
  -3.68540728e+00  -3.35677612e+00  -1.31287787e+01  -1.18280404e+01
  -6.11748616e+00  -7.40113406e+00  -1.62167773e+01  -1.77292205e+01
  -6.76271751e+00  -1.85569927e+00  -3.42014649e-01  -7.97209971e+00
  -1.24686445e+01  -1.06551280e+01  -2.67882283e+00   5.54561178e+00
   7.47931544e+00   2.91051985e+00  -4.66941407e+00  -1.47071124e+01
  -1.73910942e+01  -1.07133200e+01  -6.07416111e+00  -1.07024889e+01
  -1.52936321e+01  -7.59688087e+00  -3.49248027e+00  -8.45627255e-01
  -2.22442154e+00   2.56094733e-01  -6.56604658e-02   9.00500134e-01
  -6.22927106e+00  -1.39711808e+01  -6.17853521e+00  -1.42997145e+00
   7.36824906e+00   9.26855369e+00   2.22454114e+00  -1.17784649e+00
   1.73786125e+00   3.99532858e+00   2.58530362e+00   5.68227480e+00
   4.63961480e+00   4.62448599e+00   2.10573770e+00  -3.61021559e-01
   6.15387775e-01   4.43047866e+00   4.44793070e+00   2.39944584e+00
   3.29944219e+00  -3.20158918e+00  -3.81678298e+00  -1.99148513e+00
   1.86542254e+00   9.38144388e-01  -1.11726602e+00  -5.11630648e+00
  -3.48442382e+00   1.41722940e+00   2.94157656e+00   1.28696569e+00
  -3.70279485e-01  -3.72622009e+00  -2.61975225e+00   1.03420715e+00
  -1.44714340e+00  -7.91403359e-01   8.40655589e-02   9.18536283e+00
   3.14774816e+00  -2.04175882e+00  -2.88437931e+00  -3.05922374e+00
  -1.25969846e+01  -1.20742310e+01  -2.75675635e+00  -3.52469914e+00
  -4.87033905e+00  -5.54553589e+00  -8.62466783e+00  -1.28117009e+01
  -1.46608613e+01  -1.57342759e+01  -1.78096502e+01  -1.00718254e+01
  -5.36295486e+00  -5.83043523e+00  -5.78774714e+00  -5.17910948e+00
  -7.21381254e+00  -4.92273518e+00  -1.12498326e+00   2.94556310e+00
   3.74270028e-01  -5.03397691e+00  -1.24993263e+01  -1.04942388e+01
  -1.50697195e+01  -1.56372052e+01  -1.81716683e+01  -1.81656031e+01
  -2.11095068e+01  -2.77940547e+01  -2.34030578e+01  -1.71558879e+01
  -1.29249927e+01  -1.56495139e+01  -1.87121492e+01  -1.90565538e+01
  -1.71836627e+01  -1.72959601e+01  -1.82428964e+01  -2.03992657e+01
  -2.19755672e+01  -2.72616536e+01  -2.92528140e+01  -3.10820370e+01
  -3.43427034e+01  -3.18619502e+01  -2.10175764e+01  -1.54462824e+01
  -7.89710568e+00  -1.10538704e-01  -1.21675884e+01  -1.08410275e+01
  -8.13454042e+00  -7.04284960e+00  -9.84140553e+00  -7.73393429e+00
  -7.45093676e+00  -8.41033245e+00  -8.00999748e+00  -9.15528578e+00
  -9.83344811e+00  -1.21423046e+01  -1.01115755e+01  -9.60395009e+00
  -1.22785558e+01  -8.23207370e+00  -8.02590826e+00  -1.20830301e+01
  -1.85623898e+01  -1.60827816e+01  -9.60782222e+00  -7.10819876e+00
  -6.73395119e+00  -5.61978358e+00  -6.65548528e+00  -6.84773112e+00
  -5.87278377e+00],[  1.34114941e-13  -8.72284971e-02   1.05697154e+00   6.89243155e+00
  -1.87702611e+00  -1.12516433e+01  -2.00345942e+01  -1.99446485e+01
  -2.01573595e+01  -2.19559444e+01  -2.17856154e+01  -2.08459076e+01
  -1.43026362e+01  -7.72720544e+00  -2.93594625e+00  -4.57510586e+00
  -7.42276656e+00  -1.01421092e+01  -1.29979295e+01  -1.02323631e+01
  -9.85964045e+00  -1.48496075e+01  -1.46134319e+01  -1.21831182e+01
  -1.07395529e+01  -1.08298145e+01  -1.20746706e+01  -1.18185757e+01
  -1.93261352e+01  -1.89384344e+01  -1.24720856e+01  -1.20065211e+01
  -8.64370432e+00  -6.87768226e+00  -5.85110472e+00  -1.66076720e+01
  -1.41127181e+01  -1.16489323e+01  -8.85831203e+00  -1.17441805e+01
  -1.68549541e+01  -1.70351198e+01  -1.69085956e+01  -1.62781682e+01
  -1.70274578e+01  -1.46360759e+01  -1.12435603e+01  -1.17735567e+01
  -1.51698250e+01  -1.40624651e+01  -1.31021267e+01  -1.27983167e+01
  -9.37409549e+00  -1.22238841e+01  -1.57269875e+01  -1.87258458e+01
  -1.93290295e+01  -1.48572339e+01  -1.55949107e+01  -1.16433096e+01
  -1.11232186e+01  -1.09394402e+01  -1.18273924e+01  -1.13047067e+01
  -1.40416289e+01  -1.42019188e+01  -1.38807107e+01  -1.48804882e+01
  -1.27790774e+01  -1.39945912e+01  -1.26728495e+01  -9.78682686e+00
  -1.58264099e+01  -1.79547250e+01  -1.59751293e+01  -1.73337667e+01
  -1.74142083e+01  -2.09439875e+01  -2.56248055e+01  -1.94698874e+01
  -9.94778781e+00  -6.64352758e+00  -9.30396283e+00  -1.24500885e+01
  -1.92160940e+01  -1.79466667e+01  -1.31768256e+01  -8.92142498e+00
  -1.04642084e+00  -5.73717848e+00  -1.12388439e+01  -1.25335778e+01
  -9.62759271e+00  -6.03205230e+00  -7.35656838e+00  -9.63523526e+00
  -9.77206106e+00  -1.28639798e+01  -1.31984006e+01  -1.24635528e+01
  -5.21105081e+00  -1.44102645e+01  -1.61499824e+01  -1.28479475e+01
  -7.31065770e+00  -3.04350058e+00  -3.80191454e+00  -8.67016032e+00
  -7.54385849e+00  -2.41704730e-02  -2.70222970e+00  -3.37458354e+00
  -5.81014687e+00  -1.17154895e+01  -1.61619478e+01  -2.14543540e+01
  -2.39525339e+01  -2.34175508e+01  -1.93762767e+01  -1.26656934e+01
  -1.53674027e+01  -1.30684066e+01  -9.24697563e+00  -2.29782068e+00
  -4.40516165e+00  -8.54182667e+00  -1.50474704e+00  -4.41521536e+00
  -1.05953841e+00   8.14902018e+00   1.26647244e+01   1.47213507e+01
   1.38054856e+01   1.34691733e+01   1.02871480e+01   4.74225244e+00
  -5.00050812e+00  -1.09076921e+01  -1.69243991e+01  -1.66542436e+01
  -1.68116323e+01  -1.49173073e+01  -1.01704480e+01  -5.73194486e+00
  -3.62795423e+00  -4.72669529e+00  -6.56244682e+00  -1.02024397e+01
  -8.98772881e+00  -1.02652963e+01  -5.17084180e+00  -3.61060636e+00
  -5.26787765e+00  -5.42617427e+00  -3.20738509e+00  -6.87189191e+00
  -1.22803162e+01  -1.33654127e+01  -8.43051297e+00  -1.10894440e+01
  -7.05510226e+00  -8.40366319e+00  -1.16711642e+01  -6.01321072e+00
  -8.54678000e-01  -6.99761360e+00  -1.47780604e+01  -1.93657997e+01
  -1.53223655e+01  -9.20045705e+00  -6.49622178e+00  -2.53526391e+00
  -4.40559861e+00  -4.70017100e+00  -2.01126905e+00  -6.81345622e+00
  -9.87982032e+00  -7.51285050e+00  -2.82388872e+00   1.93814596e+00
  -1.94982394e+00   1.61185009e+00   5.64931995e+00  -2.44742865e+00
  -1.16855731e+01  -3.50801675e+00   6.88537120e+00  -1.17621166e+00
  -1.34575618e+01  -1.38302002e+01  -1.04280621e+01  -7.84357494e+00
  -1.05226908e+01  -1.59248840e+01  -1.89760270e+01  -1.46514123e+01
  -1.14923148e+01  -1.09329680e+01  -1.33426081e+01  -1.40269281e+01
  -8.66822205e+00  -4.23423195e+00   2.80998370e+00   9.31713975e+00
   7.95057896e+00   2.58227001e-01  -6.91892692e-01   8.72052557e+00
   4.98328286e+00   2.98606420e+00  -2.25842901e+00  -2.47558743e+00
  -3.03930541e+00  -2.65137120e+00  -4.22296099e+00  -5.91736664e+00
  -8.98428659e+00  -1.27897326e+01  -1.51539850e+01  -1.84561040e+01
  -1.73529260e+01  -1.61190113e+01  -1.55963924e+01  -1.97823257e+01
  -2.21153941e+01  -2.31037818e+01  -1.50228647e+01  -1.75745656e+01
  -2.24070423e+01  -2.47040533e+01  -2.32104471e+01  -2.38770332e+01
  -2.20292810e+01  -1.69953509e+01  -2.32216870e+01  -1.40550853e+01
  -4.26595793e+00   2.86068131e+00   9.74971048e-01  -1.44645748e+00
  -4.85378090e+00  -9.31110446e+00  -1.14085907e+01  -4.33749961e+00
  -7.35032368e+00  -1.55132606e+01  -9.30039262e+00  -1.06181288e+01
  -1.31393833e+01  -8.68645421e+00  -5.29805316e+00  -4.81634202e+00
  -6.59334403e+00   7.44697102e-01   5.28591315e+00   5.79158981e+00
   7.03130543e-01   7.48288873e+00   4.04808951e+00  -2.81745732e+00
  -4.26916690e+00],[ -7.10542736e-14  -6.75141527e-02  -8.95660143e-01   1.92811934e+00
   1.09583073e+00  -1.46077195e+00  -1.22786767e+01  -1.40991929e+01
  -1.52822203e+01  -1.43158866e+01  -1.44153225e+01  -2.00032308e+01
  -1.89723396e+01  -1.94814961e+01  -1.90489312e+01  -1.84071439e+01
  -1.69656798e+01  -1.79014244e+01  -1.96127738e+01  -1.55963188e+01
  -1.73511599e+01  -1.68656577e+01  -1.90586388e+01  -1.71100165e+01
  -1.66591702e+01  -1.05194061e+01  -1.15668697e+01  -7.27393588e+00
  -5.82586074e+00  -1.35172098e+00  -1.76253781e+00  -9.10441719e+00
  -1.30797345e+01  -9.26750062e+00  -3.52960234e+00  -1.02422968e+01
  -9.12332390e+00  -7.42792641e+00  -3.89009340e+00  -3.47262794e+00
  -7.53023665e+00  -1.30062795e+01  -7.45928132e+00  -8.90340584e+00
  -1.40419080e+01  -1.35591395e+01  -1.52198518e+01  -1.60247803e+01
  -1.84886192e+01  -1.87071551e+01  -2.67605815e+01  -2.55882970e+01
  -1.68862210e+01  -1.34416153e+01  -1.82429083e+01  -1.62118230e+01
  -8.48907806e+00  -5.03945522e+00  -3.46782018e+00   2.32509862e+00
   5.05280803e+00   7.37589877e+00   6.13381822e+00   2.11921979e+00
   2.02972914e-01  -3.62126093e-01   4.24771160e+00  -5.13580993e-01
  -4.18217822e+00  -8.21838953e+00  -6.98633683e+00  -5.63672638e+00
  -9.05685629e+00  -1.52798462e+01  -1.30723322e+01  -1.53786291e+01
  -1.27325766e+01  -1.40107558e+01  -1.48476137e+01  -5.74488147e+00
  -2.09404702e+00  -4.16933194e+00  -1.10349420e+01  -1.38849545e+01
  -1.71730228e+01  -1.62703137e+01  -1.65839144e+01  -1.56546051e+01
  -5.91674985e+00  -1.19577656e+00  -8.38963166e-03  -3.66117948e+00
  -1.31474432e+01  -1.27182304e+01  -1.37925430e+01  -9.99902298e+00
  -1.31196651e+01  -1.05136523e+01  -4.52574812e+00  -6.03736849e+00
  -6.19778799e+00  -1.13328697e+01  -3.82275592e+00   2.56426443e-01
  -1.17816630e+00  -5.10548165e+00  -6.96915442e+00  -1.05305065e+01
  -1.05342306e+01  -9.45320745e+00  -4.45695495e+00  -8.57580536e+00
  -1.34811007e+01  -9.66366388e+00  -2.79587430e+00  -1.00085044e+01
  -1.25504579e+01  -1.63585285e+01  -1.83710399e+01  -9.94491900e+00
  -1.19632111e+01  -1.67236972e+01  -2.04193944e+01  -1.86564307e+01
  -1.81364807e+01  -1.05319185e+01  -4.88249571e+00  -3.71530058e+00
  -7.76464856e-01  -2.32299338e+00  -1.80752117e+00  -5.68644814e+00
  -6.12621170e+00  -4.08879004e+00  -1.08161000e+01  -1.77484120e+01
  -2.11560127e+01  -2.47082200e+01  -2.78619229e+01  -2.40590405e+01
  -1.69340984e+01  -5.83040639e+00   5.95827753e-01   3.20863525e-01
  -8.55616057e+00  -5.56124456e+00  -3.82769323e-02  -2.97899058e+00
  -3.43231335e-01  -7.20841041e-01  -3.44950346e-01  -3.41794286e+00
  -2.05620180e+00   1.07950102e+00   4.93973442e+00   6.62169213e+00
   3.40863494e+00  -1.20589386e+00  -3.53406320e-01   3.09048693e-01
   2.11364579e+00   2.86944803e+00   2.60996985e+00   4.74775953e+00
   5.22816402e+00   2.16516872e+00   1.05365752e+00  -3.92703746e+00
  -4.64259315e+00   2.63060289e-01  -1.33905940e+00  -1.25932434e+00
   1.08386324e-01   3.61861926e-01   1.63104330e+00  -1.59122384e+00
  -1.28770994e+00   7.60543836e-01   8.11988202e+00   1.29048562e+01
   8.00588367e+00   6.40706117e+00   1.70123091e+01   1.79464026e+01
   9.17025514e+00   6.76873374e+00   1.18004848e+00  -1.59861042e+00
  -8.07350942e+00  -8.38283191e+00  -3.56482440e+00   2.59668272e+00
   7.12272114e-01  -3.04422649e+00  -3.45634411e+00   2.16060209e+00
   6.42157385e+00   8.54609323e+00   4.36066895e+00   1.37720846e+00
   5.34526735e+00   6.09083636e+00   1.03596498e+01   1.57774926e+01
   1.78281093e+01   1.37272877e+01   1.24096904e+01   1.78724595e+01
   1.26230991e+01   5.28777949e+00  -1.98404612e+00  -9.84586443e-01
   3.14669436e+00   5.18931663e+00   3.24055513e+00  -1.67300321e+00
  -7.68858879e+00  -9.24368016e+00  -7.03738316e+00  -8.91733865e-01
   5.02908999e+00   8.49866182e+00   9.67074668e+00   7.50199203e+00
   3.55594163e+00   7.10885271e+00   1.33256010e+01   9.37688997e+00
   3.51868085e+00   5.15547485e+00   7.94747445e+00   1.01771802e+01
   8.82221255e+00   1.27131820e+01   4.66285944e+00   8.21434249e+00
   4.22425320e+00   1.14025399e-01  -6.31976517e+00  -4.35801292e+00
  -3.28190763e-01  -2.52820772e+00  -9.24802207e+00  -2.12327004e+00
  -3.66055771e+00  -5.98968165e+00  -2.31729212e+00  -7.71103820e+00
  -8.55262161e+00  -7.20322466e+00  -4.65165006e+00   3.75695318e+00
   6.63155117e+00   9.64483671e+00   9.23048157e+00   1.09716596e+01
   6.42801058e+00   1.09266124e+01   1.08888148e+01   6.74642936e+00
   4.15379698e+00],[ -7.14983628e-14  -1.38056164e+00  -2.51305224e+00  -4.68287153e-01
   4.35011535e-02   7.50095267e-01  -9.05793936e+00  -1.04061306e+01
  -4.91172488e+00   2.39326064e+00   8.17697202e+00   5.53026177e+00
   9.60425041e-01  -4.91354568e+00  -7.30646198e+00  -5.92636187e+00
  -2.47392385e+00  -5.12615089e+00  -4.33347368e+00   2.65623610e-01
   1.40746253e+00   2.87232681e+00   7.28771902e-01   7.51449133e+00
   7.74272356e+00   6.76087764e+00   4.24258031e+00   4.76755017e+00
   1.06326461e+01   1.51221375e+01   1.35234756e+01   1.31963027e+01
   1.24878982e+01   8.00999720e+00   1.14767982e+01   7.64578481e+00
   5.49681865e+00   6.37117267e+00   9.62325522e+00   9.70506409e+00
   6.29450271e+00  -3.43302126e+00  -7.73449178e-01  -6.20390950e-02
   1.21233893e+00  -1.32410194e+00  -6.99062666e+00  -9.41110574e+00
  -9.09258330e+00  -1.16155776e+01  -2.41773710e+01  -2.38119092e+01
  -1.58096768e+01  -1.13191879e+01  -1.28710760e+01  -8.64474081e+00
  -3.66102634e+00  -5.95896892e+00  -4.44463623e+00  -1.52916082e+00
   1.70414278e+00   4.87346067e+00   4.92881897e+00   1.52338916e+00
  -1.10005167e+00  -2.61134116e+00   9.36762036e-01   2.90004953e+00
   7.65950363e+00   9.20179869e+00   8.16528305e+00   3.21638968e+00
  -2.36965148e+00  -2.34149721e+00  -4.16819465e-01  -3.47522109e+00
  -1.55900783e+00  -2.62418638e+00  -6.17817482e-01   7.47989772e+00
   6.44829202e+00  -6.74635058e+00  -1.22114536e+01  -8.75650374e+00
  -4.18970169e+00  -2.56893149e+00  -4.28984908e+00  -3.67464480e+00
   3.91477344e+00   5.24501789e+00   2.01936366e+00  -1.64903662e-01
  -5.20364163e+00  -8.63508425e+00  -5.17637647e+00   3.45724725e-01
  -5.72258126e+00  -5.65700759e+00  -4.67703683e+00  -4.63051483e+00
  -1.10873570e+01  -1.03610402e+01  -1.53168297e+00  -3.69427203e+00
  -1.52024244e+01  -1.43463507e+01  -6.06018914e+00  -1.08283628e+00
   9.92892749e-01  -1.75979865e+00   3.48904027e+00  -1.82087248e+00
   2.64007705e+00   1.21911369e+01   1.33085758e+01   7.51998576e-01
  -6.77803964e+00  -6.57034898e+00  -2.32516476e+00  -1.49530778e+00
  -6.36732975e+00  -1.25689002e+01  -1.73566174e+01  -1.52099658e+01
  -1.25302501e+01  -1.27431243e+01  -1.67096881e+01  -8.68390827e+00
  -3.72212980e+00  -5.54822984e+00  -6.73320443e+00  -9.64442299e+00
  -7.35385355e+00  -8.09654869e+00  -1.11466118e+01  -1.53419426e+01
  -1.58606363e+01  -1.48740542e+01  -1.81004004e+01  -1.31016541e+01
  -9.62976248e+00  -1.11072278e+00   3.07610343e+00   1.66292255e+00
  -4.07899783e+00  -4.01402056e+00  -1.08941572e+00  -4.48416372e+00
  -4.16655977e+00  -5.23902547e+00  -7.82642318e-01  -2.02475968e+00
   1.57470119e+00   4.56232913e+00   4.81465911e+00   2.27891114e+00
  -1.52010715e+00  -6.31646751e+00  -6.19442678e+00  -7.54749663e+00
  -1.19788424e+01  -3.62997829e+00  -2.43712341e+00  -5.40269580e+00
  -3.60785384e+00  -1.75714025e+00  -2.84845293e+00  -8.33993208e+00
  -1.21133649e+01  -3.75692034e+00  -3.13357718e+00  -7.90800244e+00
  -8.20013970e+00  -1.12639833e+01  -6.89525798e+00  -3.30199904e+00
  -2.02203025e+00   6.02696083e-01   5.91492490e+00   1.04042913e+01
   6.00557343e+00  -1.08249537e+00   6.38808878e+00   8.28754487e+00
   1.10659165e+01   9.20840158e+00  -9.17928406e-01   1.44646595e-01
  -3.44676284e-01   1.41706632e+00   3.07318249e+00   5.05446533e+00
   7.47384678e+00   6.68468399e+00   4.08675542e+00   5.56673688e+00
   1.03143104e+01   1.44365773e+01   8.63301433e+00   8.80873806e+00
   9.94424280e+00   6.87220256e+00   8.79720233e+00   1.03160416e+01
   9.96358921e+00   1.25462304e+01   1.41577761e+01   1.47462785e+01
   7.57936321e+00  -1.69828328e+00  -1.18051165e+01  -7.36216324e+00
  -2.37277470e-01   3.33648805e+00   6.29115504e+00   2.55134668e+00
  -2.27342130e+00  -5.55749208e+00  -4.54993377e+00   1.64051426e-01
   3.79465889e+00   9.35390580e+00   1.34896875e+01   1.40501585e+01
   1.63160577e+01   2.12409197e+01   2.43623002e+01   2.29459271e+01
   2.25515238e+01   2.17221902e+01   2.07562052e+01   1.33930754e+01
  -3.94549297e-02   4.37505388e-01  -6.87817016e+00  -7.92664504e+00
  -7.30639641e+00  -1.10531783e+01  -1.90527217e+01  -1.64467118e+01
  -3.33905333e+00   8.02701766e+00   3.66684941e+00   4.79330444e+00
   4.93001921e+00   2.36790821e+00   4.99495106e+00   4.28039590e+00
   2.36059053e-01  -1.04045942e+00   1.77173654e+00   4.89642628e+00
   5.32547365e-01  -1.87194321e+00  -6.81839951e+00  -6.90694977e+00
  -4.77579071e+00  -1.16264721e+01  -1.39358965e+01  -9.23577508e+00
  -7.41580105e+00],[  2.13162821e-14  -4.30092529e+00  -7.78583425e+00  -2.73160147e-01
  -5.18298984e+00  -7.88642309e+00  -1.38439415e+01  -1.28962854e+01
  -6.87909071e+00  -1.51766521e+00   4.42932500e+00   7.14848649e+00
   5.31715671e+00   7.44302800e+00   1.51053974e+01   1.63519335e+01
   1.62136312e+01   3.83892269e+00   1.16970680e+00   7.26629709e+00
   8.86088914e+00   5.13141823e+00   5.44581333e+00   8.16239760e+00
   3.89231654e+00   2.48792317e+00   2.23163906e+00   2.94832800e+00
   6.40872871e+00   9.24877031e+00   1.12868142e+01   1.30471257e+01
   8.48194677e+00   2.35326338e+00   2.55218028e+00  -3.87855454e+00
  -5.72686297e+00  -5.54482729e+00  -4.64178243e+00  -4.10808471e+00
  -3.48429838e-01  -5.79940326e+00  -8.89577816e+00  -1.20377799e+01
  -1.23418054e+01  -1.51472068e+01  -1.31903415e+01  -7.10708651e+00
  -6.42281705e+00  -1.35793542e+01  -2.11445167e+01  -1.79289785e+01
  -1.12859558e+01  -1.04676398e+01  -1.06279412e+01  -5.37679060e+00
  -5.61091283e+00  -7.86794720e+00  -7.20283168e+00  -6.90604547e+00
  -5.27668004e+00   2.51052950e+00   7.17475635e+00   7.55420562e+00
   6.46683638e+00   2.75547673e+00   6.80433665e+00   1.68810233e+01
   2.63564252e+01   2.95157615e+01   2.96263455e+01   2.95243454e+01
   2.11234752e+01   1.88937024e+01   1.74771150e+01   1.18792539e+01
   5.76691809e+00   2.05839593e+00   3.84692496e+00   5.20160927e+00
   7.70652840e+00   5.89790010e-01  -8.55122316e+00  -5.44863054e+00
  -7.07535017e-02  -2.26063874e-01   3.93892575e-01  -1.29551151e+00
   4.09781428e+00   1.61205072e+00  -3.75794707e+00  -2.10838535e+00
   1.43505949e+00   2.61448157e+00   8.08513788e+00   6.59095083e+00
   2.40335867e+00   1.23933422e+00  -7.58079288e-01   3.62138399e-01
  -4.59776052e+00  -2.80212467e+00   1.50256658e+00  -5.46487554e+00
  -1.19450509e+01  -9.99605526e+00  -2.35352485e+00   3.68076145e+00
   6.65380508e+00  -8.05201888e-03  -9.40791015e-01  -1.71638065e+00
   6.83094493e+00   1.23824627e+01   7.11904564e+00  -1.55085703e+00
   1.22678401e+00   4.40980384e+00   3.70167017e+00   6.94169358e-01
  -7.87508109e+00  -8.86009009e+00  -4.92782390e+00   2.57320616e+00
   2.71451960e+00   1.70325327e+00  -2.60747094e+00   9.15466890e-01
   6.95130061e+00   9.29362620e+00   6.69349641e+00   8.08642281e+00
   6.08252510e+00  -6.24261100e-01  -2.61135891e+00  -3.80787843e+00
  -2.04647755e+00  -4.38882316e-01  -3.72819504e+00  -5.00311756e+00
  -7.21287582e+00  -5.61452570e+00   4.01376056e+00   1.11322898e+00
  -3.01153877e+00  -5.08451118e+00   5.49031150e+00   8.39270211e+00
   7.95845198e+00   3.12907589e+00   5.38851648e+00   4.80379255e+00
   4.90992121e+00   3.47692094e+00   2.21630957e-01   1.59359034e+00
  -2.15905541e-01   2.41433958e+00  -8.86235516e-01  -5.48898668e+00
  -1.00386957e+01   5.26395578e-01   1.46009419e+00   1.42743757e+00
   1.01109452e+01   8.81876731e+00   7.69023834e+00   7.00438936e+00
   5.06958057e+00   2.36191354e+00   8.94461813e-01   1.82047689e-01
  -3.95584251e+00  -1.38244892e+00   3.26328295e-01   1.23728515e+00
   2.58409206e+00   5.03725759e+00   8.50093086e+00   1.21230554e+01
   4.41844474e+00  -3.69292276e+00   3.69865161e+00   9.14113402e+00
   1.07868512e+01   8.74829714e+00  -2.23390593e+00  -3.97789692e+00
   3.92970414e+00   7.11382412e+00   9.80631306e+00   7.78313669e+00
   4.88074223e+00   6.73648174e+00   2.81165732e+00  -5.26327676e+00
  -3.98740360e+00   7.99251965e-01  -4.24578950e-01   3.82375980e+00
   4.70491837e+00   2.24596403e+00  -1.29181402e+00  -8.29207504e+00
  -1.08438278e+01  -3.48244608e+00  -6.03745202e+00  -7.61041198e+00
  -4.79102677e+00  -4.75701923e+00  -7.34132897e+00  -1.57746516e+00
   2.72613284e+00   2.86855330e+00   4.31813265e+00   4.19972437e+00
   6.78668701e-01   2.45189009e+00   6.06981387e+00   5.74010481e+00
   5.01089032e+00   1.04439553e+01   1.39036829e+01   1.65423644e+01
   1.78919954e+01   1.70915729e+01   2.18846709e+01   2.24702444e+01
   3.10464106e+01   3.58694811e+01   3.45497525e+01   2.85113988e+01
   2.33244738e+01   2.31100347e+01   1.10640038e+01   3.98052613e+00
   4.58128351e+00   1.04137015e+01   1.03641404e+01   9.72201709e+00
   1.31467275e+01   9.94122155e+00   7.80995414e+00   8.06416649e+00
   5.67710376e+00   2.10483549e+00   7.97402365e+00   1.05559302e+01
   2.90887325e-01  -3.57459517e+00  -6.34483711e+00  -6.11073338e+00
  -8.14762446e+00  -7.11738872e+00  -1.11463666e+01  -1.51657332e+01
  -1.29039928e+01  -1.50778322e+01  -1.00525894e+01  -5.43641553e+00
  -3.52745714e+00],[  3.68594044e-14  -8.44876860e-01  -4.09826539e+00   5.18169022e-01
  -3.76256505e+00  -6.75440996e+00  -1.09142364e+01  -1.15532488e+01
  -9.98559564e+00  -9.35196678e+00  -8.31783083e+00  -9.87692610e+00
  -1.15730139e+01  -2.68711832e+00   3.42039123e+00   4.56190062e+00
   6.74944539e+00   4.48451584e+00   3.74494522e-01   4.27525781e-01
  -1.58428585e+00  -4.33891500e+00   4.05398750e+00   4.09550480e+00
  -5.19643331e+00  -1.29227362e-01   1.75854657e+00   4.41475683e+00
   6.72897341e+00   9.31918749e+00   7.35836627e+00   4.98857679e+00
  -2.79258230e-01  -5.87522355e+00  -6.13738358e+00  -1.24003511e+01
  -1.74166042e+01  -1.51085579e+01  -1.40013117e+01  -1.70439278e+01
  -1.63606809e+01  -1.53183218e+01  -5.75068766e+00  -3.01738433e+00
   9.56216443e-01  -1.22369096e+00  -2.59091584e+00  -5.16457705e+00
  -1.00545876e+01  -1.40140956e+01  -1.38902144e+01  -9.60364122e+00
  -5.24451174e+00  -5.64042649e+00  -4.10352245e+00  -1.09648246e+00
   6.70440581e-01  -1.06518439e+00  -3.09007918e+00  -4.59628946e+00
  -9.03906033e+00  -4.48626531e+00  -3.72439019e-01   1.62290273e+00
   4.81563480e+00   3.19699722e+00   2.79209815e+00   6.30046790e+00
   1.27916325e+01   1.52510220e+01   1.74645436e+01   1.48513011e+01
   8.74933543e+00   6.77093995e+00   8.59119171e+00   1.11417577e+01
   4.57854421e+00  -6.03886046e-01   1.98335596e+00   1.53516263e+00
   4.55681334e+00   8.17646477e+00  -4.91602212e+00  -7.90638964e+00
  -4.69895096e+00   3.16235588e+00   8.94867653e+00   1.08110416e+01
   1.71445275e+01   1.81807870e+01   1.58862239e+01   1.70247287e+01
   1.51440821e+01   4.33322628e+00  -3.99781387e+00  -2.95548113e+00
   1.46139967e+00   3.45655048e+00  -2.16836090e+00  -4.62590625e+00
  -5.40453304e+00  -1.50081393e+00   6.54405785e-01  -1.54910935e+00
  -3.81120684e+00   2.34780333e+00   8.81846623e+00   9.36657406e+00
   7.02111812e+00  -1.40121148e+00  -6.79057879e+00  -7.27230793e+00
  -2.84835216e-01  -7.77978530e-01  -3.56521562e+00  -7.53190770e+00
  -2.50491312e+00  -5.56417073e-01  -6.02562621e+00  -9.22384513e+00
  -1.35027090e+01  -6.68054163e+00   4.72278644e-01   3.57879127e+00
   5.78731952e-01  -2.62207830e+00  -4.39855371e+00  -5.81707231e+00
  -1.83539687e+00   2.83324084e+00   4.66326266e+00   1.04296397e+01
   5.95523443e+00  -2.80903709e+00  -5.08442580e+00  -1.75531447e+00
   3.75879093e+00   5.64841872e+00   2.56270672e+00  -2.22611291e+00
  -4.38302217e+00  -4.19176366e+00   3.39137521e+00   2.79573956e+00
   2.07493103e+00   1.28239344e+00   6.70012021e+00   4.37172774e+00
  -9.59474752e-01  -1.87344887e+00  -2.69882957e+00   1.03334536e-01
   5.17397861e+00   3.30041839e-01  -7.62375675e+00  -8.66273303e+00
  -4.61257041e+00  -1.24705765e+00  -6.33180466e+00  -5.23912505e+00
  -7.23200698e+00  -3.07600273e+00  -3.88074080e+00  -3.30080743e+00
  -2.38977357e+00  -3.28275304e+00   6.62447078e-01   1.34203682e+00
  -9.23082108e+00  -1.32772318e+01  -1.13256699e+01  -1.42967993e+01
  -1.16599334e+01  -4.94446338e+00  -5.90146176e+00  -1.01467912e+01
  -9.84852738e+00  -5.54212071e+00  -3.68283539e+00  -5.01574222e+00
  -1.37790196e+01  -1.85615011e+01  -1.93887306e+01  -1.17601540e+01
  -5.94473830e+00  -1.02687660e+01  -2.01620663e+01  -1.83148118e+01
  -6.54033794e+00  -9.42806010e+00  -8.71978375e+00  -7.51669191e+00
  -7.69528965e+00  -4.39692496e+00  -9.01766591e+00  -1.28717096e+01
  -8.08325762e+00  -6.24687910e+00  -8.79895884e+00  -5.45040796e+00
  -6.66487511e+00  -1.29206006e+01  -1.85954699e+01  -2.26775992e+01
  -2.14342651e+01  -9.33320823e+00  -1.06363703e+01  -1.38139409e+01
  -7.71687106e+00  -2.25325757e+00  -1.69898455e+00   3.08336626e+00
   2.72681517e+00   6.55390011e-02   1.73970952e+00   5.74761912e+00
   2.51042964e+00   2.97466752e+00   9.79689193e+00   1.38565875e+01
   9.12241175e+00   7.54442026e+00   9.88943608e+00   1.32613495e+01
   9.37125321e+00   9.70749083e+00   1.49724656e+01   1.37194489e+01
   1.49843197e+01   1.44038356e+01   1.71768761e+01   1.02294759e+01
   7.13078213e+00   6.69357051e+00  -3.04217648e+00  -9.47067681e+00
  -3.51294388e+00  -2.01137906e-01  -1.93100869e+00  -2.19580240e+00
   1.51545981e+00  -2.38937983e-01   2.78258904e+00  -4.37571193e+00
  -2.84395413e+00   5.02304999e+00   8.86974573e+00   1.37088241e+01
   1.08730774e+01   6.57775345e+00  -8.00876600e-01  -5.63877391e+00
  -1.74729013e+00  -4.10306057e+00  -1.01321956e+01  -1.25868640e+01
  -1.30544880e+01  -1.27035492e+01  -9.43677454e+00  -8.48240034e+00
  -8.44610626e+00]