[-788.54055635 -788.54055635 -787.60089563 -706.23607264 -653.09018238
 -663.54383852 -679.5145426  -678.20667836 -680.56563295 -688.41996802
 -691.88347115 -690.61741083 -687.99906101 -686.35434858 -689.49473447
 -692.21320939 -691.00049118 -684.14739308 -688.23274466 -690.26118036
 -686.94911908 -688.49059408 -688.12839301 -691.95186266 -694.34417496
 -695.85681639 -695.72682964 -694.60807757 -697.25403496 -694.48739326
 -688.83262634 -688.31841286 -686.89298967 -689.24374876 -688.49477308
 -690.48759239 -688.0460132  -691.15616483 -693.2939349  -693.76134231
 -698.35703799 -701.10474735 -700.91338649 -698.29264234 -693.60139382
 -695.1710364  -697.55199804 -703.65401595 -704.93149905 -701.5043838
 -699.28198917 -699.19750523 -697.17976197 -702.36266956 -705.07062065
 -701.45775512 -700.80789958 -698.44348574 -695.66918331 -673.05390219
 -644.89756729 -644.75226337 -651.41320096 -647.25044551 -641.50252653
 -636.7370745  -635.74934359 -610.84529655 -563.26869676 -517.98661471
 -488.85465457 -465.69091946 -450.94047979 -451.03741668 -469.35630131
 -483.02924682 -497.48334325 -505.80357094 -503.43553452 -470.86199801
 -416.34064491 -385.64233046 -376.91001804 -370.67593785 -370.22185047
 -366.40548097 -365.76212523 -373.6901451  -392.89414752 -417.03503028
 -432.46499698 -399.44080728 -374.86865219 -373.63632823 -393.02057908
 -421.80715321 -441.18400435 -445.37969074 -440.60812546 -436.03494929
 -445.39131662 -463.67708931 -461.62735623 -473.01664113 -488.01078071
 -481.6138441  -454.15959927 -425.19913623 -425.20760029 -430.95064761
 -452.58669199 -489.05261344 -510.90609135 -505.43933052 -461.92498506
 -439.61469038 -442.25298105 -447.21868856 -455.907648   -464.60049072
 -471.08520759 -482.8284992  -498.08583802 -489.8796827  -476.58505721
 -465.81127419 -465.17775884 -463.37420493 -458.29562405 -449.76989263
 -449.8707309  -434.33717489 -418.09009652 -416.30439285 -428.08304102
 -450.67959371 -491.27338889 -548.28080182 -591.1724795  -580.97627449
 -517.19439645 -472.05210876 -438.54380891 -412.96967279 -404.89764413
 -408.09062884 -418.12790108 -427.47163235 -440.40497642 -458.19397301
 -456.43675907 -457.30123544 -461.06072431 -459.79183377 -458.6576611
 -460.7480167  -460.51515853 -458.30995293 -454.87221059 -448.66748849
 -447.45224456 -461.44216851 -473.1921267  -474.10390625 -476.82250872
 -477.4733589  -470.41015384 -451.15023988 -435.68215747 -421.80618697
 -413.16150699 -416.89215857 -425.40332846 -426.2713268  -417.43016402
 -419.90333697 -432.36176692 -434.61033825 -424.46154966 -425.47185438
 -441.42359259 -462.03633803 -482.21949038 -515.45672355 -555.31896604
 -575.24208589 -566.21666028 -559.31705362 -535.22143246 -509.82166647
 -507.23928377 -507.83729546 -512.13661525 -522.46083258 -542.85891037
 -563.4159002  -577.97388553 -583.39686505 -580.10536677 -573.15777275
 -566.04661787 -556.04745086 -555.02889756 -560.6033153  -570.02854122
 -585.89613837 -611.87991451 -627.21002621 -631.41244588 -634.50144024
 -649.01248117 -651.02417049 -639.51142814 -644.14174074 -648.10358291
 -644.37757627 -628.57936809 -613.95797032 -597.12906357 -566.97247772
 -532.87856375 -500.81430675 -473.16986415 -455.90234667 -452.50258071
 -460.7260531  -471.05456675 -499.70434621 -544.47438891 -535.53786951
 -518.6362026  -519.90600446 -532.66983417 -536.48914326 -537.24118495
 -541.49001523 -554.20480842 -546.76877967 -523.74047282 -516.86769426
 -532.85746449 -571.26012656 -615.75843033 -630.39215569 -612.95206488
 -545.88828264 -487.95767051 -451.65285927 -437.17917188 -434.12604212
 -446.8031866  -466.17071658 -489.38643518 -491.9975858  -493.751909
 -497.6108275  -485.9753658  -484.2247287  -489.21393196 -489.27246698
 -495.25431935],[ -1.50990331e-13  -1.50990331e-13   8.82163510e-01   7.57677952e+01
   1.11974225e+02   1.05287860e+02   9.48984511e+01   9.66749708e+01
   9.25366049e+01   8.71770130e+01   8.75933229e+01   8.66866319e+01
   8.76089012e+01   8.98162345e+01   8.78595363e+01   8.75162430e+01
   8.68036924e+01   9.05793550e+01   8.65259763e+01   8.36353303e+01
   8.82813884e+01   8.84226428e+01   8.73435904e+01   8.45776114e+01
   8.32483134e+01   8.02794583e+01   8.27746223e+01   8.10066174e+01
   7.67325213e+01   7.95034115e+01   8.43358163e+01   8.29132144e+01
   8.64453758e+01   8.41293828e+01   8.59610761e+01   8.18549593e+01
   8.60793850e+01   8.32017978e+01   8.06229147e+01   8.26411365e+01
   8.20757165e+01   7.70127471e+01   7.41522344e+01   7.80571888e+01
   8.29555856e+01   8.41029745e+01   8.39433657e+01   7.65056929e+01
   7.78451382e+01   7.97971049e+01   8.45153724e+01   8.48977722e+01
   8.35073142e+01   7.97209817e+01   7.49785316e+01   7.84721412e+01
   8.05830076e+01   8.05997276e+01   7.98753917e+01   1.06780011e+02
   1.33268392e+02   1.30748986e+02   1.24202250e+02   1.29809926e+02
   1.41856170e+02   1.48714109e+02   1.50380396e+02   1.69209425e+02
   2.00192341e+02   2.31708863e+02   2.47779147e+02   2.57340291e+02
   2.62460306e+02   2.58363288e+02   2.48379428e+02   2.43840122e+02
   2.30933730e+02   2.17959473e+02   2.12499548e+02   2.29049822e+02
   2.47846012e+02   2.50324121e+02   2.45862290e+02   2.43985142e+02
   2.38033546e+02   2.38322848e+02   2.39957383e+02   2.43867559e+02
   2.39066706e+02   2.23448929e+02   2.04896462e+02   1.95816098e+02
   1.90536166e+02   1.81259203e+02   1.35417061e+02   8.38676698e+01
   5.35791677e+01   3.34714086e+01   2.92818120e+01   3.15533962e+01
   3.88098605e+01   6.49783896e+01   1.20808701e+02   1.54291837e+02
   1.69458618e+02   1.86705428e+02   2.02958873e+02   2.24990978e+02
   2.38784922e+02   2.39851676e+02   2.31252205e+02   2.14774973e+02
   1.86006962e+02   1.67828516e+02   1.52781886e+02   1.26678059e+02
   1.27773739e+02   1.55618951e+02   1.78500928e+02   1.92759447e+02
   1.97276367e+02   1.93022691e+02   1.81070596e+02   1.60661556e+02
   1.53338855e+02   1.71781065e+02   1.94752477e+02   2.08355110e+02
   2.02981831e+02   1.85390291e+02   1.66357478e+02   1.35427509e+02
   9.84319599e+01   5.72911516e+01   2.73689171e+01   1.86285228e+01
   1.47560069e+01   2.47334776e+01   4.73184553e+01   6.91935602e+01
   8.46951749e+01   1.00479392e+02   1.45661320e+02   2.03154462e+02
   2.25859517e+02   2.29671454e+02   2.26793560e+02   2.18452948e+02
   2.06977179e+02   1.75536960e+02   1.27947904e+02   8.37389595e+01
   6.10179186e+01   5.19758054e+01   5.00156221e+01   5.41820503e+01
   5.22118815e+01   5.18686128e+01   4.99247654e+01   5.95671136e+01
   7.33772104e+01   9.06202700e+01   1.29344080e+02   1.59431387e+02
   1.68805589e+02   1.57910894e+02   1.37321712e+02   1.15855828e+02
   9.32726636e+01   7.82149291e+01   7.57621490e+01   7.25340077e+01
   7.01418712e+01   7.18567996e+01   9.19738313e+01   1.09341775e+02
   1.37211435e+02   1.78606545e+02   1.99134755e+02   2.07755533e+02
   2.18053999e+02   2.22270194e+02   2.13281221e+02   2.03105594e+02
   1.86339878e+02   1.71020838e+02   1.74082036e+02   1.69631294e+02
   1.71722156e+02   1.81616618e+02   1.86073141e+02   1.95455945e+02
   2.09356086e+02   2.13248765e+02   2.12275063e+02   2.09413476e+02
   2.05603052e+02   2.03132405e+02   2.07055927e+02   2.14816507e+02
   2.23960446e+02   2.32980858e+02   2.32302531e+02   2.25331322e+02
   2.19365102e+02   2.05072737e+02   1.77497568e+02   1.60824174e+02
   1.54985769e+02   1.53155669e+02   1.40708299e+02   1.36433560e+02
   1.43110865e+02   1.39303313e+02   1.34442200e+02   1.33340020e+02
   1.37376036e+02   1.49833792e+02   1.75145496e+02   2.04391739e+02
   2.29184793e+02   2.45384793e+02   2.52056837e+02   2.56865928e+02
   2.51320290e+02   2.45341779e+02   2.40010114e+02   2.25834302e+02
   1.96793673e+02   1.97566911e+02   2.07427960e+02   2.07492902e+02
   1.99543635e+02   2.00116079e+02   2.02198168e+02   1.97242555e+02
   1.83609132e+02   1.92249200e+02   2.16273103e+02   2.35807069e+02
   2.38449194e+02   2.10341398e+02   1.69078688e+02   1.49434835e+02
   1.49525682e+02   1.93477905e+02   2.40502294e+02   2.63473632e+02
   2.66942475e+02   2.66413459e+02   2.53454189e+02   2.43482533e+02
   2.32529986e+02   2.37150789e+02   2.42979358e+02   2.43453839e+02
   2.52682863e+02   2.54614418e+02   2.52225218e+02   2.45799457e+02
   2.26787986e+02],[  8.17124146e-14   8.17124146e-14   1.91436088e-02   2.06050644e+01
   1.67703987e+01   3.31403391e+01   4.92965569e+01   4.97447889e+01
   4.53441983e+01   4.53420401e+01   4.92228507e+01   5.13029568e+01
   4.68755023e+01   4.74138432e+01   4.99114213e+01   4.98209320e+01
   4.82050614e+01   4.65959110e+01   4.11377156e+01   4.20313132e+01
   4.50457408e+01   4.91051335e+01   4.68287497e+01   4.47019789e+01
   4.78350837e+01   4.70210552e+01   4.73131590e+01   4.26833071e+01
   4.02554782e+01   4.23526389e+01   4.60073666e+01   4.42328349e+01
   4.58673450e+01   4.58466785e+01   4.10824453e+01   3.87813544e+01
   4.82409964e+01   4.68051343e+01   4.03186370e+01   4.35713428e+01
   4.74391774e+01   4.49687850e+01   3.98832576e+01   4.48658136e+01
   4.90596262e+01   4.71032046e+01   4.89258944e+01   4.66913366e+01
   5.00661191e+01   5.19570227e+01   5.11981429e+01   4.71668097e+01
   4.98496553e+01   5.01320190e+01   4.86939978e+01   5.21609926e+01
   5.01801587e+01   4.67951272e+01   4.53999059e+01   5.71352584e+01
   6.69395713e+01   6.20982872e+01   5.47961810e+01   6.28796807e+01
   7.50458736e+01   7.72653190e+01   7.63535876e+01   6.71190203e+01
   5.00949909e+01   3.48445713e+01   9.05899798e+00  -1.43029065e+01
  -2.87775058e+01  -3.23669732e+01  -2.12290440e+01  -7.05487739e+00
  -5.68629098e+00  -5.72812853e+00  -8.56307385e+00  -1.79041362e+01
  -5.12724603e+01  -7.14211221e+01  -8.19117365e+01  -8.69366432e+01
  -9.52899084e+01  -9.83982543e+01  -1.02890626e+02  -1.00293770e+02
  -8.41866265e+01  -4.46720596e+01  -2.71210126e+01  -4.90670962e+01
  -5.60522255e+01  -4.15356308e+01  -3.81875304e+01  -4.96859393e+01
  -6.02273617e+01  -8.09831840e+01  -9.67522884e+01  -1.04406200e+02
  -9.73119651e+01  -6.41629982e+01  -2.86267326e+01  -1.09648969e+01
  -8.77766813e+00  -1.60435400e+01  -3.34485506e+01  -5.12065839e+01
  -4.98640650e+01  -3.86873689e+01  -2.06209868e+01   6.46360066e+00
   1.68830300e+01   4.65368980e+00  -5.95575587e+01  -9.86777021e+01
  -9.20173282e+01  -6.73573308e+01  -4.81225729e+01  -3.43057838e+01
  -2.73896674e+01  -2.42341414e+01  -2.29234954e+01  -4.25729885e+01
  -5.66007005e+01  -5.01154558e+01  -3.41366604e+01  -2.65148741e+01
  -2.26261309e+01  -2.23663220e+01  -1.80100534e+01  -3.61576666e+01
  -6.42556862e+01  -8.00162908e+01  -8.55627800e+01  -7.54743365e+01
  -6.45019021e+01  -4.59502111e+01  -1.58086741e+01  -2.26153702e+01
  -6.22488377e+01  -6.58310616e+01  -5.61316620e+01  -4.72397115e+01
  -5.20948610e+01  -5.26443026e+01  -4.76324709e+01  -4.10867021e+01
  -2.92450467e+01  -2.53639348e+01  -5.94292614e+01  -9.42348734e+01
  -1.11461282e+02  -1.18644931e+02  -1.23612753e+02  -1.20378871e+02
  -1.17208774e+02  -1.13906457e+02  -1.13766155e+02  -1.11431299e+02
  -1.06544706e+02  -9.03688670e+01  -5.61006102e+01  -3.61492142e+01
  -2.85286690e+01  -1.95146784e+01  -1.57249009e+01  -3.54511830e+01
  -4.76903910e+01  -5.03454111e+01  -4.60731552e+01  -4.38903786e+01
  -4.07560835e+01  -4.41326118e+01  -4.52860217e+01  -4.31157432e+01
  -3.75308107e+01  -3.22105990e+01  -3.58414086e+01  -4.16640548e+01
  -3.86121100e+01  -2.94339459e+01  -1.58186712e+01   1.15987247e+01
   3.76454784e+01   4.64395079e+01   4.45174212e+01   3.02411536e+01
   9.23189612e+00  -9.55674424e+00  -2.38282707e+01  -2.78481256e+01
  -1.42317230e+01   1.88864091e+00   2.89556018e+01   5.30500469e+01
   6.40003873e+01   6.81046806e+01   6.84092134e+01   6.86494335e+01
   7.33194655e+01   7.23790658e+01   7.15558863e+01   7.28111456e+01
   7.97984190e+01   7.84394997e+01   7.65821090e+01   7.93112455e+01
   7.75329170e+01   7.92931189e+01   7.71050433e+01   7.20999383e+01
   7.12538275e+01   7.37894735e+01   6.49762308e+01   6.03215385e+01
   4.85569324e+01   4.20478699e+01   5.17637663e+01   5.10945091e+01
   4.16775842e+01   3.19946740e+01   1.30661399e+01   2.49734098e-01
  -5.35689722e+00  -3.71516661e+00   5.67500361e-02   1.10017138e+01
   2.33889367e+01   5.74111707e+00   3.23812195e+00   7.44626380e+00
   1.05471067e+01   1.32812210e+01   1.67337595e+01   1.60884053e+01
   8.87047255e+00   6.61240521e+00   2.00009513e+00   1.42090424e+01
   3.84502683e+01   5.24515106e+01   6.17487810e+01   6.53833035e+01
   4.00163870e+01   1.29178872e+01   1.15105065e+01  -2.51221569e-01
  -1.33239352e+01  -1.87366783e+01  -2.50535233e+01  -2.00690048e+01
  -1.01631042e+01   1.35030540e+00   1.43967723e+01   2.71538781e+01
   2.52987406e+01   2.58168116e+01   2.73329190e+01   1.95860516e+01
   1.01543980e+01],[ -4.26325641e-14  -4.26325641e-14  -4.53086354e-01   1.93048502e+01
   2.21557831e+01   3.89304302e+01   5.61951461e+01   5.56892899e+01
   4.87334428e+01   4.85773494e+01   5.17346105e+01   5.04037467e+01
   4.33924699e+01   4.00072754e+01   4.41475878e+01   4.56189549e+01
   4.71770969e+01   4.95502620e+01   4.46482679e+01   4.67505823e+01
   4.74382493e+01   5.21243730e+01   4.71340344e+01   4.40491738e+01
   5.07400277e+01   4.77656608e+01   4.52698843e+01   4.40907790e+01
   4.65684339e+01   4.58801742e+01   4.58162748e+01   4.91668828e+01
   4.85696386e+01   4.27612684e+01   3.83677523e+01   4.22440805e+01
   4.50461095e+01   4.48484456e+01   3.72782829e+01   3.75216428e+01
   4.30909424e+01   4.24776656e+01   4.23071061e+01   4.52697134e+01
   4.31914077e+01   4.04366933e+01   3.73410222e+01   3.62827591e+01
   3.72459645e+01   3.74713645e+01   3.70698447e+01   3.73449928e+01
   4.21694613e+01   4.45139755e+01   4.01623563e+01   4.06078305e+01
   4.32287323e+01   3.76793047e+01   3.54986528e+01   4.10372568e+01
   3.99329886e+01   3.61548233e+01   3.20332718e+01   3.60091699e+01
   4.74985232e+01   4.45082694e+01   4.51370972e+01   3.76361707e+01
   1.97454841e+01   4.05469867e+00  -1.91329478e+01  -3.52586798e+01
  -4.42043400e+01  -4.07765016e+01  -3.62080558e+01  -2.70241078e+01
  -1.72849117e+01  -8.98999272e+00  -3.64972021e+00  -2.49439095e+00
  -1.12501909e+01  -1.23446715e+01  -1.62103087e+01  -1.54906651e+01
  -1.64845718e+01  -1.59345805e+01  -2.15620198e+01  -2.93026463e+01
  -3.08648147e+01  -1.40221015e+01   2.93777984e+00   8.90032835e+00
   2.66007181e+01   5.00855950e+01   9.09092028e+01   1.06168894e+02
   1.12604416e+02   1.14793583e+02   1.09922701e+02   1.04983499e+02
   1.01962511e+02   9.77167510e+01   7.45160704e+01   5.29037390e+01
   4.18228136e+01   3.52444621e+01   2.56603498e+01   8.55584847e+00
  -1.43575191e+00  -3.24743488e+00   2.13913402e+00   1.98584812e+01
   5.00619262e+01   6.07035506e+01   4.94381773e+01   5.62361282e+01
   6.01543344e+01   4.37461183e+01   2.55413995e+01   1.32369115e+01
   9.76642686e+00   9.03999002e+00   1.35502532e+01   3.50138911e+01
   4.43520329e+01   3.69289945e+01   2.10223961e+01   1.35518899e+01
   1.35447205e+01   2.68464500e+01   4.76468032e+01   7.80143054e+01
   9.70274170e+01   1.11873942e+02   1.13472478e+02   1.13836884e+02
   1.14300181e+02   8.94158919e+01   6.62792713e+01   4.80382731e+01
   4.19880817e+01   5.71279186e+01   4.78449036e+01   2.21037640e+01
   1.31318201e+01   7.52935048e+00   3.24998830e+00   7.01345602e+00
   2.01688593e+01   5.18928128e+01   8.23617291e+01   1.01941157e+02
   1.04963397e+02   1.05304136e+02   9.67753989e+01   8.91111695e+01
   8.72389967e+01   8.46601978e+01   8.29482419e+01   7.40179483e+01
   6.99317847e+01   6.27765433e+01   5.48149545e+01   4.62090083e+01
   4.52011458e+01   5.78278432e+01   8.87753111e+01   1.06555093e+02
   1.19690649e+02   1.28789680e+02   1.30713050e+02   1.25039382e+02
   1.24114083e+02   1.25808091e+02   1.25046067e+02   1.13985867e+02
   8.90533569e+01   5.18224085e+01   3.97606463e+01   2.83988646e+01
   1.60179364e+01   1.46502730e+01   2.08342997e+01   2.45505338e+01
   3.17903011e+01   4.36055286e+01   4.85753339e+01   4.55725525e+01
   4.54173855e+01   3.83842998e+01   2.55276954e+01   5.80971942e+00
  -4.37526039e+00  -7.69265065e+00  -2.37839188e-01   1.12499248e+01
   1.30473469e+01   1.50711099e+01   1.20937964e+01   3.38699566e+00
   4.88257355e-01  -6.08961319e+00  -9.64189827e+00  -1.10095982e+01
  -5.00593658e+00   1.38379300e+00   9.80288234e+00   2.16237746e+01
   2.22498471e+01   2.60298336e+01   3.05924445e+01   2.83137261e+01
   2.57537061e+01   2.61978752e+01   2.25008955e+01   1.92422853e+01
   1.33472836e+01   8.18614596e+00   6.06549252e+00  -1.08488925e+00
  -1.57224593e+01  -1.68790185e+01  -1.94523383e+01  -2.14645915e+01
  -1.05748070e+01  -4.63401857e+00  -3.92275328e+00  -1.25337374e+00
   9.34679126e+00  -1.42033790e+00  -3.56216769e+00  -4.34150369e-01
   3.67281488e+00   3.44317359e+00   5.00657427e+00   9.65464969e+00
   1.10686484e+01   4.38710341e+00  -1.45038083e+01  -2.55127503e+01
  -2.31040361e+01  -5.43325642e+00   1.71657181e+01   3.49290745e+01
   2.21044908e+01  -2.30953621e+00  -5.09353004e+00  -1.27755836e+01
  -2.08169882e+01  -2.56946201e+01  -3.08804681e+01  -3.71694268e+01
  -3.61240915e+01  -3.77668310e+01  -4.22669731e+01  -3.99729284e+01
  -4.83308394e+01  -4.75128685e+01  -4.10056007e+01  -3.07857403e+01
  -1.31535870e+01],[  7.99360578e-14   7.99360578e-14  -3.68709752e-01   2.74805327e+01
   3.83661399e+01   4.12158351e+01   4.50045007e+01   4.57553282e+01
   4.20233035e+01   4.11588837e+01   4.20207523e+01   3.90587340e+01
   3.43654351e+01   3.33476297e+01   3.53992899e+01   3.45017299e+01
   3.62887318e+01   4.27861071e+01   4.55995062e+01   5.00816549e+01
   4.72319707e+01   4.78873563e+01   4.33375409e+01   4.18434026e+01
   4.43547809e+01   4.18145702e+01   4.12337467e+01   4.07182860e+01
   4.01012229e+01   3.71043455e+01   3.58703659e+01   4.19506607e+01
   4.14820320e+01   3.51515477e+01   2.98319482e+01   3.15654435e+01
   3.08506154e+01   3.40699492e+01   3.27335521e+01   3.12661426e+01
   3.60897550e+01   3.64046120e+01   3.59259675e+01   3.48337117e+01
   3.28412095e+01   3.48452803e+01   3.09769018e+01   2.99791034e+01
   3.26678474e+01   3.02534796e+01   2.95710231e+01   3.41890545e+01
   3.87322141e+01   3.96059833e+01   3.59229163e+01   3.25767947e+01
   3.67689863e+01   3.31025541e+01   2.94560217e+01   2.88843657e+01
   3.10606940e+01   3.34454545e+01   3.28650557e+01   3.01732647e+01
   3.45894222e+01   3.52589501e+01   3.36271141e+01   2.74669964e+01
   1.93441304e+01   1.57577503e+01   1.28898589e+01   1.88714828e+01
   2.57503484e+01   3.22823056e+01   2.76146769e+01   2.43785559e+01
   3.22002830e+01   3.13450526e+01   2.34344317e+01   1.88405447e+01
   1.17534758e+01   2.26310755e+00  -8.96646142e+00  -1.53343230e+01
  -1.53326867e+01  -1.48156994e+01  -1.42307002e+01  -9.95413690e+00
  -1.22454583e+01  -2.24462537e+01  -2.96287399e+01  -3.67076852e+01
  -4.13345183e+01  -4.65107295e+01  -4.63443715e+01  -4.97148417e+01
  -4.90831279e+01  -4.73499487e+01  -4.32817917e+01  -3.85435420e+01
  -3.37252202e+01  -2.65646664e+01  -1.95580511e+01  -8.22315893e+00
   5.72282090e+00   1.78257266e+01   2.71795266e+01   3.47960468e+01
   4.77024998e+01   3.83148132e+01   2.61472891e+01   1.86047536e+01
   1.21060591e+01   1.78628161e+01   3.32941067e+01   2.90174450e+01
   2.78478667e+01   1.92994089e+01   1.40221548e+01   1.48076061e+01
   1.71216354e+01   2.21904286e+01   2.67687030e+01   3.25291281e+01
   3.45909907e+01   3.14757240e+01   2.54848413e+01   2.39762607e+01
   1.75974051e+01   1.47185521e+01   1.00007228e+01   1.00190371e+01
   2.88051234e-01  -1.38623398e+01  -2.81813426e+01  -3.30891808e+01
  -2.35721487e+01  -1.15273489e+01   2.32372077e-01   2.75708851e+00
  -1.88296204e+01  -3.38587116e+01  -2.44465165e+01  -5.10812376e+00
   1.19143374e+00   3.03897890e+00   2.75170735e+00  -7.50682825e-01
  -2.39857764e-01   1.11351671e+01   1.97793330e+01   2.13860900e+01
   2.05676083e+01   1.81381265e+01   8.54628820e+00   7.32336710e+00
   5.36926238e+00   4.22648798e-01  -6.67240801e+00  -9.37997679e+00
  -1.27587413e-01   5.75312828e+00   2.30975517e+01   3.67960093e+01
   3.67980611e+01   1.94069048e+01   4.42424094e+00  -1.03776043e+01
  -1.86940381e+01  -3.06959794e+01  -3.80323720e+01  -3.74249359e+01
  -3.98180977e+01  -3.80282794e+01  -3.01542020e+01  -2.61717710e+01
  -2.10537734e+01  -6.86865892e+00   1.06140413e+01   1.79541929e+01
   2.52894459e+01   4.02653989e+01   4.27725831e+01   3.68192662e+01
   2.70003000e+01   2.28162834e+01   2.68296245e+01   3.38385370e+01
   4.00724802e+01   4.89962694e+01   6.44323288e+01   6.38612087e+01
   5.67074920e+01   3.99086688e+01   2.25800463e+01   2.26336374e+01
   2.44718824e+01   2.22923403e+01   1.72756620e+01   8.24015762e+00
   9.60564472e-01  -4.20754777e+00  -6.37333611e+00  -9.31875160e+00
  -9.81372967e+00  -7.36465262e-01   7.52954534e+00   1.31191133e+01
   9.85974918e+00   1.01412157e+01   1.66649962e+01   1.16579356e+01
   1.60941822e+00   9.74542196e-01   3.00997509e+00   8.83413598e+00
   1.50608947e+01   1.43836681e+01   6.29462410e+00  -1.00244021e+00
  -7.41115449e+00  -1.18033378e+01  -1.42224585e+01  -1.22173082e+01
  -1.82308398e+00   4.53161569e+00   1.42278809e+01   2.47765532e+01
   2.91176357e+01   3.64429731e+01   3.60022459e+01   3.99429359e+01
   4.76645617e+01   5.14966573e+01   5.33816405e+01   5.67684680e+01
   5.97782549e+01   5.97732807e+01   5.12277299e+01   3.90487844e+01
   2.15779262e+01   1.71300425e+01   1.97770582e+01   2.70144202e+01
   3.00974972e+01   1.68496942e+01   1.02832549e+00  -8.11836115e+00
  -1.31759023e+01  -1.62839677e+01  -1.73982931e+01  -2.37725929e+01
  -2.36827126e+01  -3.12671580e+01  -3.74329134e+01  -4.24929822e+01
  -4.01936775e+01  -3.91824564e+01  -3.73884128e+01  -2.23427032e+01
  -1.22334291e+01],[ -1.42108547e-14  -1.42108547e-14  -1.71504196e-01   9.44363978e+00
   5.61294701e+00   4.83938692e+00   6.62187229e+00   7.15606327e+00
   6.95776636e+00   6.30284105e+00   4.88083405e+00   5.99259596e+00
   8.14973754e+00   1.10721902e+01   1.01975181e+01   6.28173405e+00
   6.54473541e+00   8.15676879e+00   1.19658131e+01   1.48346206e+01
   1.13682305e+01   1.05685089e+01   9.87868720e+00   1.36260363e+01
   1.29992199e+01   1.30227964e+01   1.08081755e+01   9.57842151e+00
   4.34669132e+00   4.69058404e+00   2.70133941e+00   4.76827181e+00
   8.51928450e+00   5.53052244e+00   1.80573565e-01   5.17251337e-01
   2.66592662e+00   7.69082436e+00   5.19998755e+00   3.08539150e+00
   4.74725811e+00   4.42463069e+00   2.29943524e+00   1.01496838e+00
   7.02104344e+00   1.05232706e+01   8.68020672e+00   9.51515317e+00
   1.45288813e+01   1.22010310e+01   1.04987753e+01   1.08922757e+01
   9.26204271e+00   9.60253412e+00   1.05956446e+01   8.86652461e+00
   7.48174283e+00   8.34105663e+00   5.48772855e+00  -2.04530417e+00
   1.38111918e+00   6.89369725e+00   5.53908488e+00   1.99688410e+00
   4.27774217e+00   1.13826802e+01   8.92978791e+00  -2.97809775e+00
  -1.38492072e+01  -2.07542010e+01  -1.30645584e+01   3.46764646e+00
   1.67448004e+01   2.20170397e+01   2.18144210e+01   1.41112867e+01
   1.18400647e+01   1.96350581e+01   1.68148459e+01   7.87934945e+00
  -1.02729026e+01  -1.67120042e+01  -1.99047243e+01  -2.34387817e+01
  -2.35184147e+01  -2.40575623e+01  -2.68273184e+01  -2.74447095e+01
  -2.06284371e+01   7.31029798e-02   7.57853539e+00   1.43028991e+01
   1.03672061e+01   1.02968099e+01   1.33311248e+01   2.03094185e+01
   2.03254162e+01   1.09761797e+01   1.58247394e+01   2.30309629e+01
   2.37324633e+01   2.85289576e+01   3.53831150e+01   3.46549197e+01
   2.99784500e+01   2.54278536e+01   2.17987146e+01   1.65314707e+01
   2.13163542e+01   2.57416344e+01   2.55584382e+01   2.17706005e+01
   1.87045929e+01   2.99504035e+01   3.72225651e+01   3.55949483e+01
   3.49664291e+01   3.68850393e+01   3.93559322e+01   4.11180419e+01
   4.59401420e+01   5.23205812e+01   5.35159213e+01   4.28769446e+01
   3.75024340e+01   3.16544649e+01   3.28705146e+01   3.41781697e+01
   3.97639028e+01   4.16517400e+01   3.72239628e+01   4.04292707e+01
   4.31975053e+01   4.53561759e+01   4.69383731e+01   4.42888229e+01
   3.10816138e+01   2.69087466e+01   2.81805148e+01   1.87462969e+01
  -2.63019343e+00  -1.67346694e+01  -3.67874963e+00   5.32373324e+00
  -4.29005982e+00  -4.33048529e+00  -1.12184760e-02   2.87825657e+00
   6.48239551e+00   1.09366444e+01   1.07644305e+01   7.04783168e+00
   1.17862301e+01   1.16164034e+01   2.93157854e+00   5.61353555e+00
   1.61580948e+01   1.36140791e+01   1.19749474e+01   1.72220547e+01
   2.22227065e+01   1.80597848e+01   2.48663623e+01   3.38937883e+01
   3.21174324e+01   2.42608700e+01   1.16544418e+01   4.40852347e+00
   5.56009896e+00   1.10959347e+00   1.46557631e+00   6.48134252e+00
   3.35640768e+00  -1.91045327e+00   4.80217635e-01   6.31349588e-01
   4.35321366e+00   1.86387238e+01   2.54793946e+01   2.25703240e+01
   1.13010455e+01   1.08248074e+01   1.61869600e+01   1.72093987e+01
   6.83023059e+00  -4.49275628e+00  -6.20669988e-01   9.28640802e+00
   1.48438310e+01   2.10737180e+01   3.59506363e+01   4.34854542e+01
   4.14256982e+01   3.08014088e+01   1.19256999e+01   6.09106740e+00
   7.19773374e+00   3.55231878e+00  -1.45296994e+00  -3.21395558e+00
  -4.91909308e+00  -5.31025027e+00  -1.14717159e+00   5.12212800e-01
  -6.11956725e-01   7.60669955e+00   1.20716925e+01   7.82749905e+00
  -3.44609774e-01  -2.54273704e+00   6.15281287e+00   3.47669374e+00
  -9.02010780e+00  -8.91561796e+00  -8.77595361e+00  -4.12181314e+00
   4.28352143e+00   7.45559080e+00   1.48038784e+00   4.24399394e-01
   4.39716650e+00   6.67274673e-01   5.62262298e-01   2.20172753e+00
   7.55944623e+00   8.73431208e+00   2.10361737e+01   3.13734589e+01
   2.84443215e+01   3.71399400e+01   4.53827194e+01   5.31025113e+01
   5.76489687e+01   5.68884713e+01   5.26171291e+01   4.71368966e+01
   4.16397396e+01   3.72074457e+01   3.53544203e+01   3.64472453e+01
   3.15145105e+01   2.04377540e+01   1.74779237e+01   1.09776143e+01
   1.49030064e+01  -3.32609715e+00  -3.53699049e+01  -5.31044877e+01
  -5.71406968e+01  -5.45007114e+01  -4.60488681e+01  -3.71456511e+01
  -2.99161251e+01  -2.94212068e+01  -2.24748499e+01  -1.87465445e+01
  -5.38256003e+00  -2.46855490e+00  -6.35784859e+00  -8.84158307e+00
  -1.29400476e+01],[  7.81597009e-14   7.81597009e-14  -8.07765866e-02   3.57108208e+00
  -9.80944645e-01   1.29909130e+00  -1.31084878e+00  -1.40662875e+00
  -7.94643272e-01  -3.04328190e-01  -4.07770725e+00  -2.34309644e+00
   3.36156920e+00   5.77068910e+00   5.33270231e+00   2.41349399e+00
   1.64774459e+00  -1.57612505e+00  -1.23303338e+00  -2.40004225e+00
  -3.29219452e+00  -2.00874869e+00  -1.91299699e+00   3.84684249e+00
   2.56259578e+00   2.12986791e+00   2.46419909e+00   3.66657600e+00
   6.58965751e-01   4.73085047e+00  -1.97985166e+00  -3.51608549e-01
   4.40572641e+00   3.62791071e-02   5.45081534e-01  -8.06099576e-01
   1.27744200e+00   3.79247282e+00  -2.59230324e+00  -4.79598047e+00
  -5.49801270e+00  -4.79498615e+00  -3.52965699e+00  -1.29736063e+00
   4.77940231e+00   8.15368380e+00   3.01376588e+00   2.29206826e+00
   6.85433282e+00   5.47883644e+00   3.22944547e+00  -3.11032776e+00
  -5.80994426e+00  -4.11556390e+00  -5.89138261e+00  -3.66999945e+00
  -2.05746464e+00   8.80944287e-01   2.99395395e+00  -6.85132387e+00
  -1.49144051e+01  -1.41242970e+01  -1.59353991e+01  -1.56044720e+01
  -9.32217181e+00  -5.18719451e+00  -3.81401839e+00  -1.37530669e+01
  -2.60992975e+01  -3.64683359e+01  -2.62248500e+01  -1.19947533e+01
  -4.89255308e+00   1.09034770e+00   9.78505591e+00   1.24279975e+01
   6.85610478e+00   1.64459806e+01   2.49079161e+01   1.61876114e+01
   3.02258524e+00  -6.70053336e-01   1.48852035e+00   6.18375530e+00
   7.79179875e+00   7.73587165e+00   8.36010275e+00   5.91490278e+00
   1.15848267e+00  -4.09174857e+00  -2.54125186e+00  -4.29187720e+00
  -4.08222742e+00   9.86993058e-01   6.08511170e+00   1.12474357e+01
   8.96758279e+00   5.81226573e+00   1.90470886e+01   2.10565933e+01
   2.01319243e+01   2.48676241e+01   2.42834675e+01   1.95788258e+01
   1.33564216e+01   1.11963438e+01   3.26494865e+00  -9.16498353e+00
  -1.13431041e+01  -1.13056715e+01  -2.62033684e+00   8.02680130e+00
   2.50228110e+01   2.16719303e+01   8.28560372e+00   6.70287351e+00
   5.83635631e+00   1.62704323e+01   2.70259069e+01   2.72786638e+01
   2.99052201e+01   3.07722353e+01   2.46098651e+01   1.87819098e+01
   1.60877278e+01   1.22326666e+01   1.95492470e+01   2.63538955e+01
   2.15893776e+01   1.24829716e+01   2.52892113e+00   5.55172772e+00
   1.24329917e+01   1.44340647e+01   1.37039912e+01   1.67259557e+01
   1.53521769e+01   1.36792145e+01   8.97835735e+00   7.05320868e-01
   2.99884179e+00  -2.11245233e-01   1.01428765e+01   7.44444621e+00
   8.85584522e+00   1.16783447e+01   6.31389950e+00   8.75898237e-01
   2.24000004e-01   3.44401777e+00   5.85852309e+00   2.48299568e+00
   4.45766147e+00   3.19988568e+00  -6.79335505e+00  -9.99208980e+00
  -4.75821599e+00  -1.44919572e+01  -1.52281464e+01  -8.58053790e+00
  -5.40152185e+00  -1.05295173e+01  -1.16753778e+01  -1.16815126e+01
  -9.71016520e+00  -6.17002454e+00   1.29836721e+00   1.07130018e+01
   1.22781241e+01   7.64757724e+00   8.40653852e-01   3.66483200e+00
   7.10844772e+00   5.00503998e+00   8.01788096e+00   4.90999832e+00
   6.90496485e+00   1.02919118e+01   1.18706403e+01   1.41035528e+01
   1.20579436e+01   1.41316756e+01   9.78065534e+00   9.84598136e+00
   2.31262645e+00  -1.55926025e+00  -3.90416932e+00  -5.67715409e+00
  -8.17281052e+00  -1.72583133e+01  -1.40173765e+01  -3.51915984e+00
   5.26332039e+00   8.80362444e+00   2.34056593e+00  -5.85138721e+00
  -1.30526157e+01  -1.73363261e+01  -2.05013489e+01  -1.84072982e+01
  -1.02031703e+01  -5.76082353e+00  -9.90554805e-03   3.18349387e-01
  -1.69572097e+00  -5.79703722e-02   7.14473239e-01  -5.69160910e+00
  -1.18973879e+01  -1.31067093e+01  -2.17275731e+00  -3.77292367e-01
  -9.78912019e-01   4.21131769e-01  -4.20286733e+00  -1.46912682e+01
  -1.14575446e+01   1.20578460e+00   8.60957488e-01   1.20145068e+01
   2.64366073e+01   2.81791327e+01   2.77400738e+01   2.60858758e+01
   2.83791178e+01   2.07807348e+01   8.98459608e+00   2.87428113e+00
   1.62612150e+00   3.80816854e+00   3.48488933e+00   2.71659594e+00
   8.76211497e-01   1.58832716e-01   1.48408527e+00   4.17754525e+00
   5.91517321e+00  -1.46950976e+00  -6.41898457e+00  -4.70764268e+00
   3.78163399e+00   6.66227657e+00   1.29246834e+01   4.04765517e+00
   6.22368532e+00  -8.91667049e+00  -2.52455207e+01  -2.90654025e+01
  -2.53452738e+01  -1.84975381e+01  -1.01975368e+01  -1.60696213e+00
   2.49329606e+00   9.08426397e-01  -3.28727412e+00  -2.42591212e+00
  -9.49237761e-01   3.16068644e+00   7.12760872e+00   3.95681840e+00
   1.94624679e+00],[ -8.17124146e-14  -8.17124146e-14   1.83823789e-01   1.64402520e+01
   2.46985910e+01   2.89909572e+01   2.28560711e+01   2.23754771e+01
   2.83631426e+01   2.73879953e+01   2.04504962e+01   2.16070628e+01
   2.76537535e+01   2.95117760e+01   2.83275899e+01   2.31255729e+01
   2.65326946e+01   2.42797407e+01   2.36033238e+01   2.37531485e+01
   2.26133709e+01   2.44237240e+01   3.08416595e+01   3.15452116e+01
   2.87326658e+01   3.12487563e+01   3.11350522e+01   3.06457952e+01
   3.09770781e+01   3.08139669e+01   2.54741661e+01   3.15804079e+01
   3.37182123e+01   3.01636024e+01   2.65217491e+01   2.07485474e+01
   2.49700710e+01   2.45574478e+01   1.82223964e+01   1.77874404e+01
   1.38346930e+01   2.10768601e+01   2.59468902e+01   2.67433344e+01
   2.52453284e+01   2.51498260e+01   2.45596279e+01   2.42308961e+01
   2.49228201e+01   2.45849775e+01   1.95489453e+01   1.48986648e+01
   2.30576498e+01   2.15414579e+01   1.71755713e+01   2.04655864e+01
   2.33656291e+01   2.48168342e+01   3.00461658e+01   1.69474186e+01
   1.05746768e+01   1.07682682e+01   4.72340302e+00   8.04916671e+00
   1.20818800e+01   1.01443941e+01   1.09296856e+01   1.33067134e+00
  -2.40252094e+00  -6.36083959e+00  -4.10056698e-01  -8.94361558e-03
  -6.12125096e+00  -8.97209874e+00  -3.75338208e+00   8.70625596e+00
   8.65360543e+00   4.44566811e+00   5.50181765e+00  -4.56389388e+00
  -1.60737078e+01  -2.41767486e+01  -2.62752433e+01  -2.35281971e+01
  -2.26451190e+01  -2.51147704e+01  -2.31410425e+01  -2.03607850e+01
  -2.06811647e+01  -1.72928725e+01  -1.17007699e+01  -2.46831345e+01
  -2.94077500e+01  -2.41132275e+01  -1.85369139e+01  -8.53143542e+00
  -6.54588246e+00  -2.88318136e+00   8.53595696e+00   3.31118978e+00
  -5.82454889e+00  -5.56846722e+00  -7.81036893e-01  -8.32941518e-01
  -1.07384963e+01  -1.83113032e+01  -1.24845393e+01  -1.02629188e+01
  -6.88095983e+00  -1.21445255e+01  -8.60907322e+00  -2.33931630e+00
   7.41336375e+00   1.16633790e+00  -2.94870745e+00  -1.09134090e+01
  -2.15221603e+01  -2.16634458e+01  -1.60321467e+01  -1.20804258e+01
  -1.73332147e+01  -2.27232563e+01  -2.60706468e+01  -2.74460787e+01
  -2.43770585e+01  -2.38992002e+01  -1.43215810e+01  -1.06567007e+01
  -5.17099391e+00   4.47698365e+00  -4.74508261e-01  -1.55587032e+00
   6.16325145e+00   1.49754083e+01   1.90174227e+01   2.22348640e+01
   2.32804861e+01   1.94036025e+01   1.72227236e+01   1.45492204e+01
   6.06458936e+00  -9.15836062e+00  -1.32989912e+01  -1.48148449e+01
  -2.02899962e+01  -2.15984543e+01  -2.38117586e+01  -2.63160720e+01
  -2.24100753e+01  -5.99261743e+00   2.85616519e+00   5.60383243e-01
  -1.64895878e+00  -5.25459904e-01  -4.91728001e+00  -9.77702514e+00
  -9.04485622e+00  -1.71642962e+01  -1.85573928e+01  -1.34078904e+01
  -1.15141573e+01  -1.73314530e+01  -2.08937633e+01  -2.07597043e+01
  -2.69153525e+01  -2.40329599e+01  -1.31027484e+01  -8.02656595e+00
  -2.59221609e+00  -4.96514531e+00  -1.21407132e+01  -1.38166031e+01
  -1.36104279e+01  -1.59314366e+01  -2.01615171e+01  -2.13110353e+01
  -1.92743276e+01  -2.07132345e+01  -2.35192257e+01  -2.02877792e+01
  -1.97849228e+01  -1.53904648e+01  -1.55733545e+01  -3.35092085e+00
  -1.49423914e-01  -3.27675185e-01  -9.34252068e+00  -1.08998525e+01
  -1.49133265e+01  -2.24477395e+01  -2.52664208e+01  -2.11169152e+01
  -1.33908391e+01   1.00781055e+00   6.09902502e+00   4.15410707e+00
  -7.65391712e-01  -6.79512405e+00  -9.86988021e+00  -1.06972942e+01
  -9.46105633e-01   4.98896697e+00   1.15554454e+01   1.52470982e+01
   1.38219493e+01   6.35878223e+00   8.28492689e+00   1.05645661e+01
   1.25705505e+01   1.35634732e+01   1.57043175e+01   1.42589063e+01
   1.69936601e+01   2.11434981e+01   1.64924777e+01   6.74955928e+00
   7.37734926e+00   1.34308255e+01   1.12689761e+01   9.62528558e+00
   1.64388824e+01   7.17664073e+00  -1.20179484e+01  -2.32229561e+01
  -2.43127483e+01  -3.09489941e+01  -4.52928731e+01  -4.48152807e+01
  -2.72551072e+01  -2.75694392e+01  -3.91766876e+01  -4.68282658e+01
  -4.52243492e+01  -3.80086926e+01  -2.85115408e+01  -1.73951636e+01
  -1.52640810e+00   2.52582627e+00  -5.08832325e+00  -8.28134343e+00
  -4.29009669e+00   8.99597326e+00   1.92385204e+01   1.48533725e+01
   1.07442934e+01  -3.48698576e+00  -1.02922851e+01  -6.74282523e+00
  -3.29155639e+00  -2.13238375e+00  -2.12426453e+00   1.30222215e+00
   5.78422416e+00   2.64569574e+00  -5.27219856e+00  -3.98434389e+00
  -6.98835458e+00  -3.12181167e+00  -3.61554502e+00  -2.06786640e+00
  -2.39856496e+00],[  2.84217094e-14   2.84217094e-14   7.31356401e-01   1.11980238e+01
   1.36488420e+01   1.41328831e+01   8.18190519e+00   6.75920547e+00
   8.89333672e+00   9.83334854e+00   5.32063517e+00   3.42124712e+00
   8.29853240e+00   1.27496394e+01   1.08115188e+01   9.22893376e+00
   1.57121492e+01   1.47781655e+01   1.19617064e+01   1.01534083e+01
   6.65214044e+00   8.59365935e+00   1.49173186e+01   1.37223503e+01
   9.99038261e+00   1.32046191e+01   1.20114437e+01   1.16604553e+01
   1.29032278e+01   1.23298892e+01   6.60261873e+00   6.22117218e+00
   3.76176328e+00   2.47461816e+00   4.53212999e-01  -2.95164030e+00
   2.41323506e+00   4.66941799e+00  -4.05988390e+00  -5.74008478e+00
  -4.06899738e+00   2.17094994e+00   6.29208413e+00   3.14623275e+00
  -4.65893985e+00  -3.47426594e+00   4.12223838e+00   5.81505505e+00
   5.58681998e+00   3.19460675e+00   1.24024120e-01   4.58230646e+00
   9.61665887e+00   5.37017974e+00   1.65661873e+00   2.52212483e+00
   5.63868003e+00   2.83729751e+00   9.74627514e-01  -6.44785415e+00
  -9.90203234e+00  -8.47919192e+00  -9.15866759e+00  -1.29252569e+01
  -1.29568022e+01  -1.36411565e+01  -9.28586637e+00  -8.71869537e+00
   2.41533487e+00   1.16870042e+01   1.82744622e+01   1.43689684e+01
   2.37933051e+00  -1.05299222e+01  -1.50163360e+01  -1.28011008e+01
  -1.29088606e+01  -1.56858266e+01  -1.47033202e+01  -1.39047583e+01
  -1.79032031e+01  -1.64230395e+01  -1.46187456e+01  -1.24220060e+01
  -8.31148964e+00  -1.09511700e+01  -1.70861629e+01  -1.99730080e+01
  -2.10349754e+01  -1.54685989e+01  -1.08281027e+01  -1.77357698e+01
  -2.19971987e+01  -2.15014573e+01  -1.58118557e+01  -3.62422376e+00
   3.77970908e+00   6.99610537e+00   5.20756594e+00   3.48848713e+00
  -2.69065612e+00  -2.76384106e+00  -2.69793688e-01  -9.72489655e-01
   3.16134794e-01  -1.67926067e+00  -1.80409789e+00   3.04151903e+00
   1.80751999e+00   8.70990125e+00   1.52193038e+01   1.39874553e+01
   1.94118469e+01   2.20897411e+01   3.19425952e+01   3.11229246e+01
   1.83581096e+01   5.51518081e+00   1.88012055e+00  -5.61840721e-01
  -4.46105695e+00  -1.00511432e+01  -1.04163997e+01  -4.07781643e+00
   4.67734755e+00   9.24422919e-01  -4.11740830e+00  -8.30001698e+00
  -4.85542849e+00  -5.46183313e+00  -1.14372112e+01  -1.48286358e+01
  -8.03751162e+00  -1.47704787e+00   5.98265842e-01   2.04612316e+00
   2.25585611e+00   8.44381503e-01   1.59526619e+00   5.39821959e+00
   8.00966231e+00  -4.47781396e+00  -1.51114112e+01  -1.35446472e+01
  -1.17618263e+01  -1.49735561e+01  -1.54574053e+01  -1.31247047e+01
  -1.01422531e+01  -3.28208524e+00   1.34556954e+01   2.05165450e+01
   1.76901728e+01   1.81305036e+01   1.81699254e+01   1.51405557e+01
   1.26804155e+01   7.18602221e+00   1.68590166e+00   2.17060713e+00
   4.85632668e+00   3.91574505e+00   4.28606947e+00   7.96893281e+00
   7.90339285e+00   3.62102264e+00   1.09944086e+00  -1.19861124e+00
  -3.64133711e+00  -3.71230191e+00  -6.92362675e+00  -7.03423207e+00
  -8.83972460e+00  -9.85197832e+00  -1.40944657e+01  -9.22419446e+00
  -1.44666367e+00  -4.61922185e+00  -1.05252182e+01  -1.20042403e+01
  -1.53199833e+01  -1.63067656e+01  -1.12147253e+01  -1.89842505e+00
  -2.94463836e-01  -3.77254184e+00  -7.93539027e+00  -5.65265163e+00
   1.59862727e+00   7.25587490e+00   7.79271229e+00   2.15922572e+00
  -9.66890047e+00   1.38764751e+00   1.02924499e+01   9.95254710e+00
   7.70965508e+00   1.70631522e+00   5.11915834e-02  -3.14343044e+00
  -2.07669555e+00  -4.08881443e-01  -3.24925509e-01   2.35465653e+00
   3.33293753e+00  -1.15235219e+00  -1.37468213e+00  -2.34465955e+00
   3.04557967e+00   4.54974888e+00   1.99345172e+00   2.92875260e+00
  -5.47756240e-01  -2.24599952e+00  -6.35847925e-01  -4.57176767e+00
  -9.95281981e+00  -8.18683945e+00  -6.18299771e+00  -1.46290817e+01
  -2.46301051e+01  -3.37953024e+01  -3.96948201e+01  -3.92711584e+01
  -3.48018303e+01  -3.14547971e+01  -2.73188131e+01  -2.55748623e+01
  -1.46218726e+01  -1.35532771e+01  -9.62125876e+00  -8.91759750e+00
  -6.59168396e+00  -7.24935623e+00  -9.42113111e+00  -1.44317616e+01
  -8.11991756e+00  -4.56328785e+00  -9.26025821e+00  -7.40575482e+00
  -4.01774428e+00   7.82553931e+00   1.13903623e+01   5.17718346e+00
   2.21842740e+00   5.13825346e-01  -2.74600453e+00  -4.44559713e+00
  -5.84787650e+00  -8.94516639e+00  -1.26093560e+01  -9.97383758e+00
  -7.02645006e+00  -1.03051195e+01  -1.51059663e+01  -1.45554710e+01
  -1.25139128e+01  -7.93122801e+00  -1.29499151e+01  -9.18635002e+00
  -2.74258261e+00],[ -3.73034936e-14  -3.73034936e-14   1.04417794e+00  -3.79410699e+00
  -2.66348757e+00   2.45440519e+00   1.96261130e+00   1.48072621e+00
  -8.74451103e-01   1.73917723e+00  -1.19290848e+00  -9.36084505e-01
  -2.36283102e+00  -4.31460115e-01   2.49635873e+00   3.75563317e+00
   3.78344231e+00   1.21752283e+00  -3.19257900e+00  -5.15567758e+00
  -8.50119633e+00  -1.16645486e+01  -7.61310982e+00  -3.88188633e+00
  -7.19577332e+00  -2.66237687e+00  -2.68715180e+00  -4.98066012e+00
  -2.69025510e+00   1.98288378e-01  -3.99501564e+00  -8.03105577e+00
  -1.15197237e+01  -8.65132313e+00  -6.34976992e+00  -5.19641378e+00
  -1.88610726e+00   6.05328757e-02  -6.66865731e+00  -1.17434966e+01
  -1.07246840e+01  -6.86240625e+00  -5.13293714e+00  -5.47428017e+00
  -8.78545747e+00  -1.05729045e+01  -2.13885815e+00   2.17801287e+00
   1.25434917e+00   1.96686417e-01  -3.08122092e+00  -1.15691702e+00
  -3.52989433e+00  -7.40938023e+00  -2.16247029e+00   5.58459405e-01
  -2.67830144e+00  -5.08089161e+00  -6.09708653e+00  -9.57840966e+00
  -1.40052727e+01  -1.05148650e+01  -6.59734851e+00  -1.26022715e+01
  -1.98094095e+01  -2.05734822e+01  -1.96914383e+01  -2.00656587e+01
  -6.00704220e+00   5.47017706e+00  -1.92550031e-01  -8.36966068e+00
  -1.45857073e+01  -1.44789790e+01  -1.15995232e+01  -1.76573824e+01
  -1.70832993e+01  -1.51299376e+01  -8.54616577e+00  -8.79769393e+00
  -1.18875084e+01  -1.14368953e+01  -1.12660830e+01  -8.42820492e+00
  -3.27957469e+00  -2.68949629e+00  -1.73264451e+00  -1.19852147e-01
  -7.08973885e+00  -2.20251940e+01  -2.80141835e+01  -2.91855378e+01
  -2.53584016e+01  -2.61050115e+01  -2.68735167e+01  -1.46262731e+01
  -7.50135664e+00  -3.55722126e+00  -1.15210447e+01  -1.13803208e+01
  -1.29239458e+01  -1.27586568e+01  -1.87383585e+01  -1.10088001e+01
  -3.33710868e+00  -5.97154011e+00  -1.96593894e+01  -2.23565399e+01
  -2.21347449e+01  -1.78514093e+01  -1.00282868e+01  -1.05393102e+01
  -1.19250117e+01  -8.40498459e+00  -9.96439118e+00  -1.58909002e+01
  -1.63397452e+01  -1.47017286e+01  -1.67630078e+01  -1.94245910e+01
  -1.34751174e+01  -1.18610935e+01  -1.54114126e+01  -1.90276477e+01
  -2.03985538e+01  -1.99533559e+01  -1.91618394e+01  -1.96219638e+01
  -1.98590760e+01  -2.34461305e+01  -2.42237761e+01  -2.72835190e+01
  -3.24860541e+01  -3.04595092e+01  -2.62575963e+01  -2.28044039e+01
  -2.40724809e+01  -1.41361380e+01  -4.50677973e+00  -2.56714877e+00
  -9.29078488e-01  -1.43648067e+01  -3.09851025e+01  -3.11259941e+01
  -2.81155084e+01  -2.33821050e+01  -2.41473598e+01  -2.81249612e+01
  -2.91975890e+01  -3.38654171e+01  -2.84576879e+01  -2.19095835e+01
  -2.59640912e+01  -2.80741246e+01  -3.02251005e+01  -2.71659438e+01
  -2.40118411e+01  -1.93580973e+01  -2.11125132e+01  -1.81149014e+01
  -1.44801934e+01  -1.06312976e+01  -2.72603899e+00   2.87379359e+00
   4.82763064e+00   1.93146878e+00  -3.83497005e+00  -1.29007174e+01
  -1.58475861e+01  -8.40269418e+00  -8.60919033e+00  -2.13522438e+00
  -7.61980896e-01  -4.78212572e+00  -1.17105638e+01  -1.38224092e+01
  -1.83685497e+01  -2.47182524e+01  -2.41531943e+01  -2.16828376e+01
  -1.19482133e+01  -1.48277162e+00  -2.06219716e+00   1.87994305e+00
   5.49852448e+00   7.73175558e+00   6.56920432e+00   2.12541417e-01
   2.57998727e+00   4.00046895e+00   3.89892600e+00   1.30732773e+00
  -8.43883169e+00  -8.04070423e+00   8.49653501e-01   3.53901828e+00
   8.98785636e-01  -9.40605703e-01   7.37392022e-02   3.09216712e-02
  -3.99059402e+00  -9.98264258e+00  -1.60359154e+01  -1.17116554e+01
  -5.99387974e+00  -8.42707244e-01   4.57191680e+00   7.33004117e-01
   2.92210310e+00   2.32126763e+00   1.06949242e+00   2.24458296e+00
  -6.23354263e+00  -1.15040421e+01  -9.83792918e+00  -8.19316997e+00
  -9.94689465e+00  -8.60987383e+00  -6.35686056e+00  -1.57356100e+01
  -3.09384486e+01  -2.97670709e+01  -1.66964827e+01  -4.23557410e+00
   3.11184767e-03   2.11873357e+00   5.30618919e+00   2.33029233e+00
   5.83591664e+00   3.99805464e+00   7.35827728e+00   7.83107802e+00
   6.48182229e+00   4.86465034e+00   7.31968839e+00   2.42252240e+00
  -2.54658055e-01  -6.18588170e+00  -1.48025646e+01  -1.53849440e+01
  -1.17932821e+01  -5.35476588e+00   3.31158520e+00   8.68404933e+00
   1.42939071e+01   1.78615134e+01   1.55885572e+01   1.34042137e+01
   1.12800225e+01   1.07591894e+01   1.01782016e+01   1.09696056e+01
   8.32416116e+00   2.20172298e+00  -4.13996514e+00  -5.16710084e+00
  -5.22436777e+00  -2.75595163e+00  -2.76271277e+00   3.69268155e+00
   6.05659383e+00],[  3.90798505e-14   3.90798505e-14   5.91435326e-01  -8.17901657e-01
   7.49839420e+00   1.11665812e+01   8.56798559e+00   6.55107952e+00
   5.79149956e+00   9.08791916e+00   1.04315735e+01   7.81354326e+00
   5.86697535e+00   1.89004076e+00   5.72630583e+00   8.04832501e+00
   2.37732048e+00  -8.85425724e-01  -2.83664218e+00  -7.33977086e+00
  -5.83289303e+00  -7.87255653e+00  -6.71971500e+00   2.23832015e-01
  -7.21321452e-01  -1.13884120e+00   1.26018950e+00  -2.73242521e+00
  -1.83692252e+00   4.73981984e-01   6.88694145e-01   1.26914991e+00
   1.98260194e+00   3.03105542e+00   9.40029132e+00   1.22015310e+01
   1.36772587e+00   3.25740704e+00   4.70018390e+00   8.76120340e-01
  -2.73586676e+00  -2.74788696e+00  -3.39670081e+00  -9.59017834e-01
  -1.89515551e+00  -1.79156442e+00   3.42431638e+00   4.64014143e+00
   7.21806874e-01  -1.98698767e+00   1.08513669e+00   8.51828154e-01
  -6.82135458e+00  -5.94322135e+00   1.72095859e-01   6.75751420e-02
  -1.20354989e+00  -8.50351574e-01   8.60941504e-01  -8.88838119e-01
  -9.99456306e+00  -7.72567219e+00  -3.67318574e+00  -9.17196268e+00
  -1.62856951e+01  -1.81779817e+01  -2.03077912e+01  -2.47500665e+01
  -2.13102200e+01  -2.21036983e+01  -3.86564176e+01  -4.96649518e+01
  -5.02524133e+01  -3.60243746e+01  -2.37861144e+01  -2.32256274e+01
  -1.74751664e+01  -1.31923714e+01  -7.95335302e+00  -1.61124008e+01
  -2.00888984e+01  -1.41795258e+01  -1.39310872e+01  -1.18387185e+01
  -1.10380470e+01  -8.71719688e+00  -3.85736848e+00  -4.83063937e+00
  -1.15512418e+01  -1.50202152e+01  -1.38576438e+01  -9.85212087e+00
  -3.81030432e+00  -2.74843043e+00   1.44840283e+00   1.08341787e+01
   1.47425380e+01   1.66829823e+01   1.51080433e+01   1.62558124e+01
   5.93766112e+00  -3.12154356e+00  -8.33555374e+00  -2.28232288e+00
   7.98652884e-01  -6.17918111e+00  -7.23197653e+00  -7.81311530e+00
  -5.04393507e+00  -5.41554284e+00  -5.22546632e+00  -4.57883791e+00
  -1.05818720e+01  -8.33645957e+00  -3.92113086e+00  -5.59650320e+00
  -1.38792838e+00   9.05176726e-02  -7.63497884e+00  -9.73416008e+00
  -1.05923127e+01  -1.12129857e+01  -7.88148557e+00  -1.02592165e+01
  -1.53897412e+01  -1.26558008e+01  -4.61991805e+00  -3.81892263e+00
  -4.37289557e+00  -6.92239357e+00  -4.22958288e+00   3.58960472e+00
   9.14953311e+00   1.39211473e+01   1.72198512e+01   1.99404137e+01
   1.25893018e+01   1.11347413e+01   1.14835616e+01   1.35116517e+01
   1.43288992e+01   3.96783532e+00  -2.05872080e+01  -3.30565276e+01
  -3.93698702e+01  -3.60128418e+01  -3.14964689e+01  -2.83887176e+01
  -2.22319945e+01  -1.09005389e+01  -1.52461942e+00   1.28063635e+01
   9.46197220e+00   4.32940347e+00  -3.90325254e+00  -3.40518342e+00
   5.49978892e+00   4.77305267e+00   1.73419536e+00  -1.40774559e+00
  -1.95669423e+00   2.16175939e-01   1.63663582e+00  -2.42979934e-01
  -2.93231513e+00   8.38480813e-01   1.07232445e+01   1.42723591e+01
   1.63516570e+01   1.29153673e+01   1.05198619e+01   9.23055776e+00
   9.82693889e+00   9.44226586e+00   1.32080971e+01   1.45827860e+01
   8.14419687e+00  -6.01565766e+00  -1.80312285e+01  -2.29430612e+01
  -2.49690887e+01  -2.42920930e+01  -2.15391366e+01  -1.37955180e+01
  -4.74968124e+00   1.44191543e+00   5.46304116e+00   6.04028358e+00
   8.09027054e+00   2.47452475e+00  -4.87455669e+00  -1.05729318e+01
  -1.49437903e+01  -2.07872307e+01  -1.68117055e+01  -8.14527964e+00
  -6.00094583e+00  -2.92420535e+00  -5.85515698e-01   3.31475496e+00
   4.46066664e+00  -3.91019754e+00  -1.42041399e+01  -1.79990211e+01
  -1.65714541e+01  -8.57197684e+00  -3.43743108e+00  -6.37316906e+00
  -7.27022777e+00  -8.16052100e+00  -5.16982770e+00  -9.79060220e+00
  -2.09576389e+01  -2.80314962e+01  -2.52506685e+01  -2.29948107e+01
  -1.90332784e+01  -1.68492357e+01  -1.04747689e+01  -1.11728813e+01
  -2.08555783e+01  -1.44788808e+01  -9.18608859e+00  -7.90663445e+00
  -1.01769322e+01  -1.44915127e+01  -2.06547960e+01  -2.10835837e+01
  -9.88802651e+00  -1.33135461e+01  -2.45560677e+01  -3.21183629e+01
  -3.01646792e+01  -2.32913675e+01  -1.45167072e+01  -7.92413706e+00
  -4.81812865e+00  -9.82257113e+00  -1.65306036e+01  -1.74509797e+01
  -1.88514520e+01  -1.88780833e+01  -1.00231213e+01  -2.78930713e+00
   1.49348366e+00   3.29111835e+00  -2.50694692e+00  -4.16140115e+00
  -9.06486948e+00  -9.79294475e+00  -7.81951349e+00  -3.83961613e+00
  -1.27267592e+00  -4.50278895e-01  -1.20347988e+00   8.24005130e-01
   2.25078938e+00   3.99419237e+00   3.43347908e+00  -6.22583397e-01
  -7.06241068e+00],[  1.24344979e-14   1.24344979e-14  -3.37877849e-01   2.73127608e+00
   1.03825245e+01   1.48108460e+01   1.29718967e+01   7.27782098e+00
   9.25539398e+00   1.45176813e+01   1.92372438e+01   2.19507389e+01
   2.28595850e+01   2.20556345e+01   1.92677375e+01   1.79920146e+01
   1.65077164e+01   1.56200827e+01   1.79375474e+01   1.62327685e+01
   1.76944108e+01   1.81114617e+01   1.59652110e+01   2.04912868e+01
   1.92543345e+01   1.64210884e+01   1.82713603e+01   1.63602133e+01
   1.24669669e+01   1.42739475e+01   1.61708540e+01   1.69216739e+01
   1.58059095e+01   1.68968522e+01   1.87941416e+01   2.12304771e+01
   1.13908253e+01   1.31995449e+01   1.80310991e+01   1.70659637e+01
   1.40415151e+01   1.15450067e+01   7.04079429e+00   6.57475561e+00
   7.11460493e+00   9.09963356e+00   1.12008815e+01   1.16937140e+01
   7.83614775e+00   4.84791068e+00   8.80065745e+00   1.07746223e+01
   9.22293582e+00   1.45293545e+01   1.72948227e+01   1.21562179e+01
   1.09843488e+01   1.22828002e+01   1.13184091e+01   6.92021052e+00
   1.45640376e+00   2.54184246e-01  -3.24879454e-01  -3.77392552e+00
  -6.07601729e+00  -7.37320154e+00  -6.42901719e+00  -9.07237436e+00
  -5.56970116e+00  -1.62571194e+01  -2.76290449e+01  -2.87988987e+01
  -2.59707362e+01  -2.07783684e+01  -1.99875053e+01  -2.11698299e+01
  -2.30584706e+01  -1.99642926e+01  -1.92582371e+01  -2.00437298e+01
  -5.70885668e+00   5.39967555e+00   5.66891414e+00   6.50390137e+00
   7.91255063e+00   9.87633487e+00   7.06437948e+00   3.58237143e+00
  -5.66507883e+00  -1.54612687e+01  -1.88607679e+01  -1.78338529e+01
  -1.57451742e+01  -1.42777920e+01  -1.08438883e+01  -1.26823999e+01
  -9.70120496e+00  -8.46898584e+00  -7.38736264e+00  -7.30716616e+00
  -1.39412459e+01  -1.76439338e+01  -2.25543826e+01  -2.69119286e+01
  -2.72841386e+01  -2.94509731e+01  -1.53308976e+01  -7.75498420e+00
  -4.11981808e+00  -1.88419088e+00  -4.30439789e+00  -4.68603899e+00
  -5.34838974e+00  -1.15970133e+01   2.00409481e-01   3.47438844e-01
   3.33400210e+00   3.54121717e+00   7.87835487e+00   8.78176377e+00
   5.34875413e+00   4.70954775e-01   3.05685003e-01   2.74407497e+00
   4.28951520e+00   5.17156232e+00   5.99660378e+00   8.99747743e+00
   7.23127263e+00  -8.40012269e-01  -6.99117246e+00  -4.24787961e+00
  -1.55762680e+00   1.84107112e+00  -4.97321483e+00  -1.99148023e+00
  -3.59670735e+00  -6.61615332e+00  -4.66231965e+00   1.24785317e+00
   7.56678220e+00   2.07571736e-01  -1.25125908e+01  -1.92100941e+01
  -1.33930874e+01  -9.75291945e+00  -1.22376303e+01  -1.06020779e+01
  -6.91032298e+00   3.64207995e-01   3.33722958e+00   1.52094500e+01
   9.34389242e+00   5.46074461e+00  -3.97836961e+00  -8.24995121e-01
   4.91580779e+00   1.14900208e+00  -4.41432894e+00  -1.04677962e+01
  -8.81165747e+00  -4.24904954e+00  -8.73568696e+00  -1.56304360e+01
  -9.34159897e+00  -1.20762020e+01  -4.28150617e+00   2.24285953e+00
   2.54206463e+00  -2.21284572e+00  -2.17499507e+00  -4.14049349e+00
  -7.60071896e+00  -6.28608000e+00  -1.28404183e+00   2.15711870e+00
  -2.34728600e-01  -9.80934974e+00  -1.20360037e+01  -1.20714794e+01
  -9.95450529e+00  -9.11222152e+00  -5.92119487e+00  -1.37574358e+00
   1.25427046e+00   1.79733511e+00   3.18118295e+00   6.46340207e+00
   7.64364780e+00   4.32678211e-02  -4.66721595e+00  -7.65765812e+00
  -7.32584928e+00  -1.45415469e+01  -1.77691296e+01  -8.36181824e+00
  -9.84027975e-01   3.55705092e+00   9.30377295e-01   3.68708219e+00
   8.95625190e+00   6.34910848e+00  -3.83083628e-01  -7.54848661e+00
  -1.27134520e+01  -1.01959018e+01  -3.76793816e+00  -1.30167586e+00
  -2.64514804e+00  -4.61467021e+00  -2.76876437e+00  -7.19594439e+00
  -1.33023939e+01  -1.55213858e+01  -1.57080937e+01  -1.60366763e+01
  -1.07321415e+01  -1.08393989e+01  -9.13839813e+00  -3.10789097e+00
  -9.03056014e+00  -2.00146383e+00  -4.46865083e-01  -5.72668590e+00
  -5.91799777e+00  -5.31164841e+00  -8.32433736e+00  -4.81182776e+00
   2.33977670e+00  -2.50404730e+00  -9.28498517e+00  -1.09497221e+01
  -8.08484295e+00  -4.95314135e+00  -7.28548193e+00  -2.03998299e+00
  -1.60270143e+00  -5.36717634e+00  -6.78649259e+00  -7.55877077e+00
  -1.62693679e+01  -2.07741611e+01  -1.00232288e+01  -5.47928244e+00
  -5.26882621e+00  -4.21209010e+00  -1.52793664e+01  -1.88047268e+01
  -2.14579767e+01  -2.25084218e+01  -2.48811660e+01  -2.31994940e+01
  -2.14883594e+01  -1.94097649e+01  -2.14843483e+01  -1.80624261e+01
  -1.37706531e+01  -1.09151934e+01  -1.32209422e+01  -1.61070402e+01
  -1.08983348e+01],[  6.75015599e-14   6.75015599e-14  -8.77130754e-01  -8.46077637e+00
  -6.60222862e+00   7.49629815e-01   4.78708919e+00  -4.53478558e-01
   1.91134248e-01   1.02625139e+00   1.50789755e+00   3.70945764e+00
   6.84060685e+00   7.55816309e+00   2.36337240e+00  -4.65630444e-02
  -1.76730201e+00   3.99483293e-01   8.57801125e+00   7.19940032e+00
   5.12742772e+00   5.19616280e+00   3.91752670e+00   5.28834265e+00
   4.07469951e+00   5.31466647e+00   4.17790027e+00  -1.11584674e-01
  -3.16545983e+00  -3.25219270e+00  -2.26883825e+00  -2.21294226e+00
  -1.96498395e+00   1.13836565e+00  -1.16380979e+00   3.80768088e+00
   1.28150558e+00  -2.08496752e+00  -7.41771033e-01   4.59839669e-01
   3.39747640e+00   1.87168302e+00   1.48949342e+00  -4.62225515e-01
  -1.29295053e+00  -6.09877791e+00  -5.47528028e+00  -2.23422233e+00
  -4.72769747e+00  -6.08168381e+00  -4.83312082e-01   4.12154959e+00
  -4.70525304e-01   4.28114344e+00   6.91701844e+00   2.55943871e+00
  -3.37892642e-01   8.91189897e-01  -2.70633605e+00  -2.87480903e+00
  -2.61586020e+00  -4.01985133e+00  -9.48796538e+00  -1.62694641e+01
  -1.21770968e+01  -1.17942916e+01  -6.70607368e+00  -1.50500511e+00
   7.17902256e+00  -1.45080072e+00  -2.03339179e+00   7.23508943e+00
   1.42005668e+01   1.08057324e+01  -5.91133139e-01  -8.18324411e+00
  -2.17735713e+01  -2.61531343e+01  -2.53788059e+01  -1.70821120e+01
   7.72211796e+00   8.56106689e+00   6.71504957e+00   6.39045672e+00
   6.90813075e+00   6.60318570e+00   6.06759884e+00   1.46428033e+01
   1.53172695e+01   8.44435508e+00   9.70645932e-01   7.71285687e+00
   5.01404810e+00   6.84832712e+00   1.05245424e+01   7.55754132e+00
   8.06213458e+00   8.90453057e+00   7.37723513e+00   5.43852791e+00
   7.99594802e+00   7.40743860e+00  -5.00800229e+00  -1.50583574e+01
  -2.39997057e+01  -2.84894813e+01  -2.46267891e+01  -2.44641927e+01
  -2.54096261e+01  -2.65224673e+01  -2.47038813e+01  -2.93326545e+01
  -2.82395993e+01  -2.30616447e+01  -1.55742147e+01  -1.56667188e+01
  -1.36142524e+01  -1.50973749e+01  -1.27205913e+01  -1.21324372e+01
  -1.24687561e+01  -1.31009663e+01  -1.80212967e+01  -1.86869951e+01
  -1.88741658e+01  -2.04976424e+01  -2.30018202e+01  -2.51955443e+01
  -1.88076987e+01  -8.55645198e+00  -5.65245348e+00  -5.33910506e+00
  -7.75951039e+00  -8.65263941e-01  -4.85880492e+00   1.27160163e+00
   2.42201084e+00  -1.28650896e+00   1.10360652e+00   1.49224652e+00
  -2.80314369e+00  -1.07780654e+01  -7.47262183e+00  -1.10990152e+00
   8.97610248e-01   3.30811399e+00   7.58623652e-01  -2.99123316e+00
  -4.51755587e-01   1.48865749e+00  -4.90852986e+00   4.77198002e+00
   2.79367558e+00   4.81297234e+00  -5.14845795e+00   4.21260368e-01
   3.40155341e+00   4.58192051e+00   1.28400525e+00  -2.09087524e+00
  -1.77901259e+00  -5.10307748e+00  -1.33139224e+01  -1.69500824e+01
  -1.61514432e+01  -1.92646649e+01  -1.79232397e+01  -1.37522414e+01
  -5.84945214e+00  -4.32273424e+00  -6.74847307e+00  -1.23321052e+01
  -1.49869959e+01  -1.49490413e+01  -1.26385457e+01  -9.38583190e+00
  -8.41577213e+00  -6.02597259e+00  -1.88137960e+00  -1.48748309e+00
  -1.78247790e+00   2.73924442e-01   1.46552245e-01  -4.82676950e-01
  -2.26205989e+00  -5.97242455e+00  -1.06597263e+01  -7.96391217e+00
  -1.12582331e+01  -1.64621591e+01  -1.66880559e+01  -1.57915774e+01
  -7.04760157e+00  -9.37320837e+00  -1.69298850e+01  -1.67149700e+01
  -9.95250089e+00  -7.12047310e+00  -1.56611322e+01  -2.14297149e+01
  -2.10481967e+01  -1.76166610e+01  -1.36036552e+01  -9.83495814e+00
  -1.05102261e+01  -1.12306062e+01  -1.15246628e+01  -9.96824932e+00
  -9.47739948e+00  -8.36057999e+00  -7.55796010e+00  -9.67126654e+00
  -1.10503629e+01  -7.97477571e+00  -1.21994687e+01  -1.61076206e+01
  -1.65798796e+01  -1.23629667e+01  -1.11245937e+01  -3.53795176e+00
  -7.80004798e+00  -7.15737835e+00  -2.13544946e+00   2.98270378e+00
   5.88183311e+00   8.76156429e+00   5.49577761e+00   8.01454414e+00
   8.75850937e+00  -8.85514487e-01  -4.96391578e+00  -6.51127156e-01
  -1.10346507e+00  -6.40261187e-01  -3.17209020e+00  -2.58128198e+00
  -3.44017453e+00  -3.64712286e+00  -1.28751393e+00  -2.46943416e+00
  -1.20227561e+01  -1.74067533e+01  -9.95270213e+00  -8.72376919e+00
  -3.86449379e+00  -3.10315111e+00  -6.20032197e+00  -2.88310350e+00
   1.83948674e-02   2.57961712e+00  -2.16396088e-01  -3.36237110e+00
  -9.24522103e+00  -9.75296644e+00  -1.48832410e+01  -1.40438694e+01
  -1.26786183e+01  -1.00324926e+01  -7.36288982e+00  -9.05035635e-01
   4.02784490e+00],[ -5.32907052e-14  -5.32907052e-14  -6.38706956e-01  -1.02139636e+01
  -6.05953993e+00  -2.72729940e+00  -5.16681977e+00  -4.83202671e+00
  -4.26348397e+00  -4.88016925e+00  -4.18738175e+00  -8.94934965e+00
  -7.24396640e+00  -5.72385309e+00  -4.54914530e+00  -6.70572243e+00
  -1.54459701e+01  -1.14083022e+01  -5.24177237e+00  -6.13052524e+00
  -7.05116172e+00  -9.38936511e+00  -1.36416494e+01  -1.30030407e+01
  -1.17646141e+01  -7.53484873e+00  -6.33326783e+00  -7.16797979e+00
  -5.16723138e+00  -8.40787224e+00  -5.17840086e+00  -6.02671878e+00
  -9.79174023e+00  -6.00572596e+00  -2.64508420e+00  -1.98831002e+00
  -8.32521545e+00  -1.49740668e+01  -1.67146779e+01  -1.50354585e+01
  -7.38826445e+00  -3.89210702e+00  -1.70001518e+00  -5.28131727e-01
   2.16883078e+00  -3.86757468e+00  -1.02607274e+01  -1.03519248e+01
  -1.07514021e+01  -1.15176775e+01  -2.62611754e+00  -3.04486485e+00
  -1.35434226e+01  -7.71424554e+00  -5.55603131e+00  -9.43370764e+00
  -6.55823823e+00  -5.20190932e+00  -5.61961287e+00   2.71467282e-01
  -2.48138246e+00  -1.55585982e+00  -2.74481458e+00  -1.17845619e+01
  -9.95032167e+00  -1.39897031e+01  -1.29300830e+01  -8.57368329e+00
  -1.23951175e+01  -2.01952852e+01  -1.70258490e+01  -9.46579626e+00
  -5.04412195e+00  -2.15139927e+00  -3.50589980e+00  -1.29381120e+00
  -7.98341704e+00  -1.20117055e+01  -9.91553235e+00  -6.08639412e+00
   3.18399479e+00   3.57529983e+00   6.27206979e+00   6.99778493e+00
   3.81989095e+00   2.23974759e+00   2.29921069e+00   8.81588503e+00
   1.17764453e+01   1.17964637e+01   1.07987940e+01   1.02012197e+01
   3.28425834e+00  -8.90525257e-01  -2.41460458e+00  -7.56898313e+00
  -1.03260212e+01  -9.76749292e+00  -4.63397689e+00  -6.34572429e+00
  -8.84154924e+00  -1.55972765e+01  -1.72788954e+01  -1.36607638e+01
  -9.67608271e+00  -5.25544539e+00  -6.91554249e+00  -1.12654998e+01
  -1.02790521e+01  -9.88217920e+00  -6.48358958e+00  -1.03195674e+01
  -1.58226172e+01  -4.60956899e+00   1.18212391e+00   3.99248278e+00
  -9.86392860e-01  -7.31070901e+00  -1.30284090e+01  -1.55073261e+01
  -1.40713545e+01  -1.26762482e+01  -8.84095265e+00  -5.09944070e+00
  -9.26197447e+00  -1.65629664e+01  -1.63773945e+01  -2.02784392e+01
  -2.44036391e+01  -2.27032150e+01  -1.64889138e+01  -1.71777386e+01
  -1.67298851e+01  -1.35236329e+01  -1.86277977e+01  -1.29400561e+01
  -6.91552670e+00  -8.83922752e+00  -1.08127587e+01  -4.34150174e+00
   6.71187461e-01   4.22401812e-01   6.29831276e+00   1.14819439e+01
   1.41314952e+01   1.41742474e+01   1.33206288e+01   9.85778747e+00
   7.13799468e+00   2.32814568e+00   3.23256743e-01   7.00274852e+00
   6.34246304e+00   9.99936461e+00  -9.67233760e-01  -2.21753899e+00
  -2.56914115e+00  -1.04680168e+00  -6.39081330e+00  -1.28128490e+01
  -1.54569799e+01  -1.75168031e+01  -1.92460778e+01  -1.67589041e+01
  -1.46847391e+01  -1.00141871e+01  -1.35011433e+01  -1.43818495e+01
  -1.15114793e+01  -1.37068598e+01  -2.16038483e+01  -2.33532321e+01
  -1.94041562e+01  -1.50740542e+01  -1.54101908e+01  -1.63978992e+01
  -1.08985986e+01  -6.13463955e+00  -6.23378806e+00  -5.37758884e+00
  -1.31831339e+01  -2.19688866e+01  -2.31123965e+01  -1.75779540e+01
  -8.83863431e+00  -7.82614195e+00  -1.27285336e+01  -9.98182456e+00
  -1.33285995e+01  -1.69871075e+01  -1.61416083e+01  -2.07601262e+01
  -1.61714365e+01  -1.10778343e+01  -1.51453048e+01  -2.00705645e+01
  -1.67376967e+01  -1.43913443e+01  -1.93156063e+01  -3.13150055e+01
  -3.68009493e+01  -3.42980827e+01  -2.91833127e+01  -2.06179906e+01
  -1.52380525e+01  -1.33390135e+01  -1.74027691e+01  -1.88943928e+01
  -1.72145258e+01  -1.55840526e+01  -1.09697205e+01  -9.90640549e+00
  -4.77868388e+00  -6.53833083e+00  -1.32978795e+01  -1.64025707e+01
  -2.13090728e+01  -1.40432177e+01  -1.67763627e+01  -1.27519288e+01
  -1.17955129e+01  -1.22431683e+01  -9.57951925e+00   5.66515561e-01
   3.48969026e+00   1.19844229e+00  -4.92150013e+00  -1.03017009e+01
  -1.44208923e+01  -2.32309483e+01  -2.84534363e+01  -2.89080176e+01
  -2.82748305e+01  -2.51368924e+01  -2.07104909e+01  -1.88394105e+01
  -1.83587888e+01  -1.35493708e+01  -7.79482517e+00  -4.46788870e+00
  -2.93576663e+00  -2.29712177e+00  -4.70111104e+00  -8.76754807e+00
  -1.94443706e+00  -6.38886874e+00  -6.78746385e+00  -1.87436878e+00
   8.06908108e-01   5.29013621e+00   6.16779669e+00   7.02759886e+00
   6.91776969e+00   1.18615033e+01   1.23777329e+01   1.16712578e+01
   1.29123002e+01   1.34412112e+01   1.67756231e+01   2.01217955e+01
   1.87090966e+01],[  5.15143483e-14   5.15143483e-14  -1.07618072e-01   3.32009037e+00
   6.01429070e+00   5.31599667e+00  -1.46123696e+00  -1.87337998e+00
   3.27009770e+00   6.20501127e+00   1.24914870e+01   1.12634961e+01
   7.33079991e+00   6.01784329e+00   9.79224435e+00   7.51702506e+00
   6.20230933e+00   7.38818315e+00   4.37145497e+00   6.20355696e+00
   9.72307450e+00   4.94834170e+00   2.96516895e+00   4.58615361e+00
   1.16628931e+01   1.47674404e+01   9.73802776e+00   1.44972437e+01
   1.87298726e+01   1.04071801e+01   1.41147998e+01   1.52757704e+01
   1.21111937e+01   1.24383007e+01   1.57893287e+01   1.40052217e+01
   5.14641638e+00  -3.98859733e+00  -1.72159896e+00  -1.75968789e+00
  -2.56795377e+00   5.25605568e+00   6.74581282e+00   6.14234137e+00
   1.42774374e+01   1.33011615e+01   7.72400513e+00   5.73297484e+00
   2.27793987e+00   3.85649434e+00   1.19394273e+01   7.38402176e+00
   1.54707800e+00   1.06192870e+01   1.06909586e+01   4.27562520e+00
   6.05059098e+00   7.59603576e+00   7.81467616e+00   7.20345880e+00
   7.97079103e+00   1.14399887e+01   1.16555238e+01   1.34768589e+01
   1.17120196e+01   5.37401073e+00   1.33527927e+00  -2.89788093e+00
  -1.22200150e+01  -1.44981130e+01  -6.33824282e+00  -2.86607116e+00
  -6.48027527e+00  -1.07260713e+01  -1.38494771e+01  -9.15598843e+00
  -3.70703233e+00  -1.98390230e+00  -2.09418433e-01   1.39499693e+00
  -3.75896748e+00  -6.12631582e+00  -8.29016088e+00  -8.08840741e+00
  -7.42460875e+00  -8.63697236e+00  -1.32713908e+01  -1.35316120e+01
  -1.04325622e+01  -6.39173267e+00   1.96838215e+00  -9.42070301e+00
  -9.32921512e+00  -9.28686789e+00  -7.97799709e+00  -1.64281072e+00
   1.66238678e+00   1.02771108e+01   2.21232005e+01   1.54675560e+01
   5.98591348e+00  -1.26893224e+01  -1.42142917e+01  -1.07197964e+01
  -1.55703351e+01  -1.65049272e+01  -1.56940181e+01  -1.67666156e+01
  -1.29630500e+01  -1.24828397e+01  -1.01084292e+01  -9.53444776e+00
  -1.32766028e+01  -7.03552800e+00  -5.97961579e+00  -5.81740378e+00
  -1.32240069e+01  -1.40825818e+01  -1.67385636e+01  -2.14427962e+01
  -1.78333038e+01  -1.61162517e+01  -1.13429022e+01  -1.30384498e+01
  -1.65327911e+01  -2.10804114e+01  -1.65798497e+01  -1.25886782e+01
  -1.34493799e+01  -1.62624305e+01  -1.31001706e+01  -3.11768035e+00
  -1.20523105e+00   3.45739307e+00  -1.34152254e+00   3.77043016e+00
   5.22136704e+00   6.70251007e+00   6.24887706e+00   2.73025541e+00
   7.41864760e+00   6.91357954e+00  -5.29388698e+00  -8.96941813e+00
  -5.16439764e+00  -4.40154028e+00  -9.74876703e+00  -1.48764759e+01
  -1.81470793e+01  -1.81018465e+01  -1.09919569e+01  -4.83733343e+00
   3.23816175e-01   8.40753948e+00   2.52782136e+00   3.72794578e+00
   7.22128415e+00   1.27114048e+01   8.06766351e+00   2.63379534e+00
  -4.47827843e+00  -9.38622444e+00  -1.35500579e+01  -1.68674545e+01
  -1.48155351e+01  -9.11271226e+00  -1.00816909e+01  -8.94873867e+00
  -5.92002671e+00  -5.94837460e+00  -1.02531078e+01  -1.48909861e+01
  -1.94092582e+01  -1.58334485e+01  -1.79545699e+01  -2.53904856e+01
  -2.39906526e+01  -3.02256261e+01  -2.38198683e+01  -1.83898753e+01
  -2.14379440e+01  -2.16113858e+01  -2.79779557e+01  -2.64593157e+01
  -1.66463967e+01  -1.07572108e+01  -1.37300478e+01  -1.32931113e+01
  -1.87044422e+01  -2.45902084e+01  -2.08748202e+01  -2.19498898e+01
  -1.69011908e+01  -1.05207016e+01  -9.39862841e+00  -1.19404762e+01
  -1.44512317e+01  -1.26181874e+01  -9.74940765e+00  -1.83600529e+01
  -2.13435641e+01  -2.37786350e+01  -2.10693665e+01  -1.58952092e+01
  -1.26535412e+01  -1.12357915e+01  -1.17895171e+01  -8.45534949e+00
  -9.45837263e+00  -9.31095425e+00  -3.82960109e+00   1.61690647e+00
   5.18253763e+00  -4.13552654e-01  -5.18887818e+00  -4.44417416e+00
  -8.87213718e+00  -6.24492781e+00  -9.53491823e+00  -1.36554050e+01
  -7.43247999e+00  -2.87863637e+00  -2.53341394e+00   1.71438231e+00
   6.36575424e+00   8.59741705e+00   7.45112222e+00  -9.84150099e-02
  -1.04984640e+01  -1.18642756e+01  -9.05863782e+00  -8.31866435e+00
  -7.96717730e+00  -8.53617362e+00  -8.74453352e+00  -8.45891721e+00
  -1.31723991e+01  -1.43193976e+01  -1.43348252e+01  -1.02842730e+01
   1.26264257e+00   9.54706462e+00   5.29479640e+00   4.38813543e+00
   3.04731672e+00  -2.37548501e-01  -2.58052878e+00  -5.43784786e+00
  -3.09035689e+00   1.47250424e+00   8.30010602e-01   2.36200357e+00
   5.86278225e+00   8.80779614e+00   5.35038865e+00   2.54659804e+00
   4.58548227e+00   5.13895800e+00   5.93107709e+00   2.56085764e+00
   5.30148151e+00],[  1.52766688e-13   1.52766688e-13   1.29573443e-01   4.79590079e+00
   2.93788902e+00   2.66930610e+00   2.36442131e+00   2.14454518e-01
   4.24601558e-01   3.04230998e+00   1.04112931e+01   1.02990330e+01
   7.56122722e+00   9.73787378e-01   2.74063227e+00   6.05491191e+00
   1.06000619e+01   1.21456350e+01   9.69925146e+00   9.02167158e+00
   1.12900741e+01   7.72996105e+00   6.37387752e+00   7.16404014e+00
   1.13524793e+01   1.06330627e+01   5.27021091e+00   1.10624776e+01
   1.36223186e+01   7.32731356e+00   8.41209017e+00   9.41149832e+00
   8.18692977e+00   5.15597983e+00   4.45547668e+00   6.22866486e+00
   1.04908977e+00  -4.46083680e+00   8.94137185e-01  -1.24546006e+00
  -5.91210874e+00  -3.34690831e+00  -1.62031194e+00  -2.45096497e+00
   3.93126143e-01   4.11304418e+00   3.99580836e+00   4.36700463e+00
   9.97168112e-02   1.85498567e+00   5.35363174e+00   5.44024337e+00
   6.14927220e+00   1.18659117e+01   6.71509085e+00   9.17924419e-01
   4.15454522e+00   4.28444446e+00   1.06709557e+00  -5.24783570e+00
  -7.22126116e+00  -7.69383824e+00  -6.09907913e+00  -1.03207048e+00
  -6.29274949e-01   4.72971281e-01   1.13984398e+00  -1.01825890e+00
  -5.88828875e+00   3.60118073e+00   1.70538397e+01   2.24923600e+01
   1.67363499e+01   6.18990603e+00  -4.82374706e+00  -8.02550793e+00
  -1.84718991e+00   1.74243244e-01   1.23023298e+00   2.81689046e+00
  -5.32988373e+00  -8.40388349e+00  -1.39881382e+01  -1.41757408e+01
  -1.14642269e+01  -1.11010820e+01  -1.28377497e+01  -1.24956040e+01
  -1.05083963e+01  -1.21349429e+01  -9.41507815e+00  -1.75600792e+01
  -1.68199240e+01  -1.79046865e+01  -1.13961283e+01  -2.92220892e+00
   1.12061339e-01   1.40417728e+01   2.76070804e+01   2.45494462e+01
   2.29972441e+01   4.58216979e+00   9.61832002e-01  -8.40700775e-01
  -1.08956259e+01  -7.74740304e+00  -6.86668254e+00  -6.37056800e+00
  -9.05248007e+00  -1.30445090e+01  -1.08322934e+01  -8.92554862e+00
  -4.83567640e+00  -3.39158782e+00  -8.55056715e+00  -1.24958802e+00
  -4.01953209e+00  -9.83513218e+00  -1.22711719e+01  -1.44439868e+01
  -1.57304215e+01  -1.45223548e+01  -9.72582529e+00  -9.75955673e+00
  -1.05009294e+01  -1.14047729e+01  -1.07149013e+01  -9.75622243e+00
  -9.46032807e+00  -1.60249944e+01  -1.82659373e+01  -1.64031471e+01
  -1.27534533e+01  -7.27002862e+00  -9.30267036e+00  -1.16479539e+00
  -8.68387410e-01   3.82312410e+00   5.65588246e+00  -2.25428811e+00
  -7.22284323e-01   2.15029748e-02  -1.80727419e+01  -1.58915646e+01
  -1.17486839e+01  -9.92522557e+00  -1.14449277e+01  -1.75493653e+01
  -1.96110114e+01  -1.26789739e+01  -1.09763968e+00   5.94170090e+00
   1.24331361e+01   1.72577305e+01   1.13194227e+01   1.20892092e+01
   1.34898156e+01   1.24400874e+01   5.65871004e+00  -3.34438515e+00
  -7.92432421e+00  -1.44078910e+01  -1.64596363e+01  -1.63573226e+01
  -1.46386709e+01  -1.78052064e+01  -1.48932773e+01  -6.71450615e+00
  -9.82394667e-01   4.27055567e+00   3.89971208e+00   6.18183356e+00
   1.58167147e+00   4.21986789e-01  -6.79340810e+00  -1.11286453e+01
  -1.65653903e+01  -1.87477906e+01  -1.05965660e+01  -3.55529058e+00
  -8.36713543e+00  -7.76745603e+00  -1.40153953e+01  -2.00088031e+01
  -1.83786645e+01  -1.40219234e+01  -1.31567515e+01  -1.26292854e+01
  -1.52455289e+01  -2.10315580e+01  -1.65101189e+01  -1.32086377e+01
  -8.31806828e+00  -6.20836540e+00  -6.49444470e+00  -7.99654515e+00
  -1.00322463e+01  -8.41130669e+00  -2.60376925e+00  -1.46009533e+00
   1.36301718e+00  -1.20200341e+00  -2.97773673e+00  -9.60436357e+00
  -1.59925908e+01  -1.59266624e+01  -1.31068287e+01  -8.96237637e+00
  -1.19924154e+01  -1.33590443e+01  -6.96779160e+00  -3.97938460e+00
  -4.86209132e+00  -8.34312553e+00  -8.50306570e+00  -1.04580866e+01
  -1.30166312e+01  -1.03013821e+01  -1.32997033e+01  -1.10057404e+01
  -1.16202504e+00   1.40890926e+00   3.23999038e-01  -6.79227271e-01
   2.73702364e-01   2.04593344e+00  -3.87745099e-01  -6.56868044e+00
  -1.28449498e+01  -7.17687739e+00  -5.51303220e+00   4.82319798e-01
   3.39746513e+00   1.42419401e+00  -2.51050356e+00  -5.43352427e+00
  -7.36151625e+00  -1.46700077e+01  -1.97673456e+01  -1.68578416e+01
  -5.88316343e+00   5.26931666e+00  -1.00361463e-01   1.39185187e-01
  -3.02623857e+00  -5.60772922e-01   3.98586646e+00   5.27480328e+00
   8.50102245e+00   1.25987264e+01   1.12391575e+01   7.54521317e+00
   4.26690929e+00   5.68457147e+00   4.29107107e-01   1.50065454e+00
   1.12754841e+00   1.70134254e+00   3.52647276e+00   2.91373236e+00
   1.63128565e+00],[ -8.17124146e-14  -8.17124146e-14   1.28753507e-01  -6.06284810e+00
  -1.00598686e+01  -8.89527050e+00  -2.36099611e+00   4.02804564e+00
  -3.19353929e-01  -4.36988383e+00  -1.96203060e-01   6.02677253e-01
  -1.37219574e+00  -7.31384786e+00  -5.77826352e+00  -1.64218663e+00
  -1.72360941e+00  -3.63042307e-01   4.19516033e+00   4.93611827e+00
   8.25997754e-01  -6.74796198e+00  -4.83691381e+00  -3.06730670e+00
  -4.75528566e+00  -5.90409833e+00  -9.15485925e+00  -8.46550592e+00
  -5.05254788e+00  -8.20956432e+00  -2.80969145e+00  -1.76803540e+00
  -3.74003293e+00  -3.29670928e+00  -9.07939896e-01   1.33923193e+00
  -2.88168610e+00  -7.71801077e+00  -3.02280124e+00  -5.87944337e+00
  -9.92978288e+00  -9.89180502e+00  -5.27550404e+00  -4.63283067e-01
  -4.88325864e+00  -6.39854793e+00  -6.04291286e+00  -1.56652562e+00
  -5.90731385e+00  -5.71388716e+00  -4.72070927e+00   1.32907348e+00
   2.08986352e+00  -5.25621203e-01  -2.05702031e+00  -3.90009124e-01
   2.53970206e+00   2.62451114e+00   5.79509785e-01  -8.39178566e+00
  -1.64718432e+01  -1.82621039e+01  -1.46023754e+01  -1.37575751e+01
  -1.36791480e+01  -8.30071967e+00  -8.12074887e+00  -1.00804780e+01
  -2.02329985e+01  -8.45628467e+00  -3.87797354e+00  -7.16149273e+00
  -9.52902069e+00  -6.80907730e+00  -1.01287696e+01  -1.29600840e+01
  -1.60148446e+01  -2.05147633e+01  -2.14813975e+01  -1.43833762e+01
  -1.36378245e+01  -7.82677523e+00  -7.91840759e+00  -6.61668034e+00
  -5.89303925e+00  -3.20520952e+00  -1.46594752e+00   1.98951053e+00
  -3.06973557e-01  -9.08526271e+00  -1.18174917e+01  -1.17411907e+01
  -7.03305469e+00  -7.81336448e+00  -1.17511457e+01  -9.45185952e+00
  -1.06243764e+01  -4.97366457e+00   4.98253225e+00   7.21823731e+00
   7.86530946e+00  -4.10265541e+00  -6.87604261e+00  -7.72176401e+00
  -1.32964086e+01  -1.05174523e+01  -7.73764415e-01   6.53015725e+00
   9.02287757e+00   8.51529772e+00   5.66108525e+00   4.79923833e+00
   2.39030075e+00  -3.90974425e+00  -9.86801082e+00  -4.95802289e+00
  -6.09993938e+00  -1.19147505e+01  -6.98644733e+00  -3.79000700e+00
  -3.48408515e+00  -4.76703446e+00  -4.77352081e+00  -5.09475532e+00
  -4.34144373e+00  -5.08223853e+00  -1.00689153e+01  -1.04185206e+01
  -1.52867843e+01  -1.59916706e+01  -1.04875245e+01  -1.49033205e+01
  -1.01163918e+01  -2.25971998e+00   5.97808069e+00   1.17880274e+01
   9.90440195e+00   1.39787196e+01   6.25029653e+00  -2.51279683e+00
  -1.10573887e-01  -5.31645697e-01  -8.94917690e+00  -5.67974144e+00
  -2.11191798e+00   5.66369222e-01  -1.67733393e+00  -7.49263709e+00
  -1.25788658e+01  -1.51169453e+01  -1.13147310e+01  -9.73165041e+00
  -4.63442816e+00  -3.41539419e+00  -5.24501352e+00  -2.66906052e+00
  -4.27501265e+00  -5.09908555e+00  -7.80444854e+00  -1.13575431e+01
  -8.23704818e+00  -1.05926649e+01  -2.12872275e+01  -2.35950117e+01
  -1.76414373e+01  -2.02149749e+01  -1.31719702e+01  -7.71376765e+00
  -4.76264371e+00  -2.21793743e+00  -6.50189379e+00  -8.00910218e+00
  -1.47260446e+01  -1.88161862e+01  -2.00575111e+01  -1.59523388e+01
  -2.01343309e+01  -1.63456755e+01  -8.65944791e+00   8.93755116e-01
   6.04459584e-02  -4.06574893e+00  -9.19828563e+00  -1.11392976e+01
  -8.33164813e+00  -2.93639879e+00  -2.97142749e-01  -1.31612864e+00
  -3.43233009e+00  -7.98039666e+00  -8.96196251e+00  -1.13432951e+01
  -1.40549082e+01  -1.19024854e+01  -1.42148708e+01  -1.72022770e+01
  -1.79467160e+01  -1.88968833e+01  -1.66937382e+01  -8.94647691e+00
  -3.44402204e+00  -1.43377790e+00  -1.85576941e+00  -4.84311539e+00
  -9.60007877e+00  -1.10009123e+01  -6.88401735e+00  -6.27710255e+00
  -7.35142081e+00  -7.17716044e+00  -4.73297275e+00  -6.09131238e+00
  -7.60913017e+00  -1.06615456e+01  -1.27118878e+01  -1.81271566e+01
  -1.42584028e+01  -8.66220638e+00  -1.36529774e+01  -1.20401385e+01
  -4.89721607e+00  -4.08492239e+00  -7.35667988e+00  -8.78600758e+00
  -1.04220477e+01  -1.19577538e+01  -1.20109726e+01  -1.33307146e+01
  -1.27249520e+01  -1.01934660e+01  -1.83394575e+01  -1.86833063e+01
  -1.66897667e+01  -1.63568106e+01  -1.31987514e+01  -1.07401169e+01
  -4.77848881e+00  -2.52131049e+00  -7.77426030e+00  -1.01932701e+01
  -1.12832945e+01  -7.14254917e+00  -4.07879922e+00  -1.95351550e+00
  -5.09873909e+00  -6.93949282e+00  -7.12940858e+00  -7.02418392e+00
  -9.90065201e+00  -1.01332549e+01  -9.79874793e+00  -1.27361651e+01
  -1.64141698e+01  -1.71373589e+01  -1.78661616e+01  -1.10844305e+01
  -1.46848957e+01  -1.62629455e+01  -1.42919842e+01  -7.14861315e+00
  -4.91801140e+00],[ -6.92779167e-14  -6.92779167e-14   2.52530300e-01  -4.47614884e+00
  -6.98158804e+00  -7.77239003e+00  -6.05670962e+00   2.43508307e+00
  -5.22167084e-01  -7.09888982e+00  -3.70505895e+00  -2.10833604e+00
  -3.33034818e+00  -2.61964354e+00  -5.14474955e+00  -3.11260037e+00
  -5.38219157e+00  -5.83133486e+00   1.71462551e+00  -4.66483682e-01
  -5.68035463e+00  -1.30574395e+01  -1.21773880e+01  -9.40833053e+00
  -6.94999071e+00  -9.76540820e+00  -1.07004937e+01  -1.11973669e+01
  -9.87264882e+00  -9.45103900e+00   2.35696977e+00   3.75919747e+00
  -8.94362081e-01  -6.45853730e-01   5.00341426e+00   5.20345710e+00
  -2.45327438e+00  -3.85080457e+00   2.86582542e+00  -7.42166746e-01
  -4.28864978e+00  -5.44003874e+00  -2.92579056e+00   6.08982245e+00
   1.81469641e+00  -1.11009638e-01  -6.80834488e-01   1.42409323e+00
  -2.27644675e+00  -1.17409241e+00   1.70583244e+00   3.40057075e+00
  -2.71675061e+00  -7.53633264e+00  -2.32478128e+00  -2.14773308e+00
   3.28602005e+00   6.60352552e+00   5.28851840e+00  -2.86732072e+00
  -8.54507353e+00  -6.38706727e+00  -2.76347840e+00  -8.50258564e+00
  -8.99630078e+00  -6.06990153e+00  -1.22486036e+01  -1.25206688e+01
  -2.20945745e+01  -1.37039154e+01  -1.53376257e+01  -2.16660019e+01
  -2.16869603e+01  -1.27417657e+01  -1.08722401e+01  -1.19215178e+01
  -2.24608701e+01  -2.82186903e+01  -3.17035053e+01  -2.42608471e+01
  -1.64605064e+01  -1.16929215e+01  -1.42089033e+01  -1.23089323e+01
  -8.82687005e+00  -9.25916511e+00  -9.38127448e+00  -3.21990733e+00
   2.11566734e-01  -3.27041616e+00  -3.31210148e+00   3.26311757e+00
   1.38904692e+01   1.64270256e+01   8.59955553e+00   9.76104941e+00
   3.64541728e+00  -3.76075969e+00  -1.31763100e+00  -4.29871085e-01
  -5.66277665e-01  -3.68284600e+00  -6.87270756e+00  -7.43546034e+00
  -1.29699557e+01  -1.65015257e+01  -9.00832215e+00  -7.46811844e+00
  -8.47595517e+00  -5.18486078e+00  -8.55663300e+00  -1.32952248e+01
  -1.04425230e+01  -8.13574605e+00  -1.20885173e+01  -1.17487891e+01
  -1.24172746e+01  -1.44425134e+01  -1.41527077e+01  -1.22822945e+01
  -8.27298871e+00  -6.58909708e+00  -7.05389673e+00  -1.34996264e+01
  -1.39686335e+01  -1.17730568e+01  -1.39602702e+01  -1.41611997e+01
  -1.70249424e+01  -1.31270641e+01  -6.89331031e+00  -2.79454340e+00
   3.68922389e-01   4.29670657e+00   1.35878074e+01   1.31601004e+01
   1.45280054e+01   1.78068352e+01   8.57031501e+00  -2.13547802e+00
   1.66392689e+00   2.15101108e+00   6.84500649e+00   6.70236439e+00
   4.85969357e+00   5.85188449e+00   4.58211335e+00   4.81455066e+00
   7.93488126e+00   1.06661996e+01   7.90138009e+00   2.72106915e+00
   7.03893029e+00   5.90322293e+00   6.90056915e+00   8.11069363e+00
   6.96009516e+00   3.32904503e+00   9.39988199e-01  -2.41473600e+00
  -2.85880673e-01  -1.04531332e+00  -1.09177256e+01  -1.40527035e+01
  -1.28110109e+01  -1.15116512e+01  -6.31359259e+00  -5.65916904e+00
  -4.11209975e+00  -2.39579309e-01   2.46976404e+00  -1.35517352e-01
  -5.59998115e+00  -1.26983935e+01  -9.22772832e+00  -2.31819119e+00
   3.09789004e-01   2.33661387e+00   1.04752730e+01   1.45140217e+01
   8.55331181e+00   4.81927736e+00  -8.23474436e-01  -3.13226745e+00
  -2.88149989e+00   6.72945565e-01   4.87885914e+00   4.14843606e+00
  -3.11603249e+00  -1.19915720e+01  -1.46678521e+01  -1.48588475e+01
  -1.50939891e+01  -1.22762371e+01  -1.28471866e+01  -1.36525413e+01
  -1.52538026e+01  -1.98525591e+01  -1.97400457e+01  -1.42593290e+01
  -1.20007777e+01  -7.52435562e+00  -6.54022263e+00  -4.41165852e-01
   4.24096922e+00   1.36180900e+00  -3.93439048e+00  -1.19204215e+01
  -8.73608515e+00  -6.64914784e+00  -5.63910388e+00  -8.22930644e+00
  -1.00139032e+01  -1.37179271e+01  -1.78730785e+01  -2.23341441e+01
  -1.63525853e+01  -8.32921027e+00  -8.14039813e+00  -4.13416892e+00
  -4.40308047e+00  -3.35958739e+00  -1.45183474e-01   2.21475424e+00
   1.67554125e+00   2.37557636e+00   4.26107145e+00   6.16658732e+00
   1.81373624e+00   1.37589622e+00  -2.85854381e+00  -7.09492954e+00
  -1.34451829e+01  -1.34944193e+01  -8.73288764e+00  -4.88086922e+00
  -2.21785453e+00   4.08156684e+00   3.72299454e+00   8.86190338e-01
  -4.16149297e+00  -7.17571840e+00  -9.17974583e-01  -3.17142126e+00
  -5.52003906e+00   5.05937748e-01  -8.44011494e-02  -5.33761705e+00
  -9.51352301e+00  -1.34985144e+01  -1.47357592e+01  -1.66558270e+01
  -1.87965168e+01  -2.38314491e+01  -2.74008435e+01  -2.92898075e+01
  -3.02694135e+01  -3.07861427e+01  -2.87358706e+01  -2.32252313e+01
  -1.67680241e+01],[  5.32907052e-15   5.32907052e-15   4.07499711e-01   3.03631722e+00
   1.53915209e+00   2.52900872e+00  -2.45983189e-01   1.33517920e-01
   2.65762001e+00   2.30058504e+00   6.63977872e+00   1.02395251e+01
   9.29709318e+00   1.22493724e+01   1.09825339e+01   1.28172501e+01
   1.01523555e+01   8.16002495e+00   1.02483989e+01   7.54637049e+00
   3.07171079e+00  -8.63083077e-01  -1.56304009e+00  -1.08048774e+00
   6.25635302e+00   6.30272215e+00   6.36497583e+00   4.97850502e+00
   4.15242388e+00   7.29171146e+00   1.60744137e+01   1.53550357e+01
   8.94562163e+00   9.52764173e+00   5.39453381e+00   6.38749149e+00
   4.83862971e+00   8.02456147e+00   1.25094148e+01   7.73822075e+00
   1.78387532e+00   1.09711573e+00  -1.84384130e+00   3.98422203e+00
   6.97427172e+00   8.83118133e+00   7.04423425e+00   9.16580895e+00
   7.84310169e+00   1.12969740e+01   1.08907877e+01   8.53545214e+00
   4.23495268e+00   4.99411972e+00   8.26152737e+00   1.71523295e+00
   6.52843248e+00   7.97156637e+00   5.23171947e+00  -5.83965613e-01
  -2.57502344e+00   1.37661979e-01   2.48584367e+00   4.13591939e+00
   8.15286690e+00   1.90305583e+00  -1.04820375e+01  -1.31804753e+01
  -6.81955120e+00   2.00818860e+00   6.01206034e+00   6.96956200e+00
   8.58322961e+00   7.41374071e+00  -1.12634897e+00  -6.84968328e+00
  -1.40776048e+01  -8.78488083e+00  -5.20047057e+00  -4.15805617e+00
   2.46825659e-01   2.41668184e+00  -2.16119365e-01   8.36868254e-01
   3.96435167e+00  -9.26903134e-02  -1.85052462e+00  -1.36789761e+00
  -7.45579451e+00  -1.29683790e+01  -1.60761782e+01  -9.39505815e+00
  -1.73488781e+00  -3.88066621e+00  -2.31459566e+00   2.60388784e-01
  -3.18311450e+00  -1.16885572e+01  -1.35674591e+01  -1.60837053e+01
  -1.53852818e+01  -1.16322710e+01  -1.29747863e+01  -1.21453842e+01
  -9.92554996e+00  -7.51070073e+00  -9.14860744e+00  -1.42654143e+01
  -1.99083278e+01  -2.01955468e+01  -1.93188027e+01  -2.05824405e+01
  -1.15478657e+01  -7.36675770e+00  -5.17935881e+00   1.03646944e+00
  -1.39234901e-01  -5.17205384e+00  -7.41911138e+00  -8.17326665e+00
  -1.05183447e+01  -8.36001303e+00  -1.78960581e+00  -1.51432034e+00
  -6.44094771e+00  -8.82248108e+00  -5.20012164e+00  -3.91123005e+00
  -6.67586526e+00  -8.13878424e+00  -8.53113886e+00  -9.38264953e+00
  -8.12346347e+00  -4.69640657e+00  -1.56955930e-01  -7.71669280e+00
  -7.30304034e+00  -6.46134969e+00  -8.26451462e+00  -6.31945091e+00
  -2.16897250e+00   6.79009627e-01   9.05510316e+00   4.91252801e+00
   2.39563404e+00   7.89646138e+00   1.11106296e+01   9.85743201e+00
   7.33822596e+00   1.20206549e+01   9.26892610e+00   2.83315519e+00
   1.04954726e+00   6.64196855e-01   3.05281986e-01  -3.71910321e+00
  -3.35106116e+00  -2.37888736e+00  -3.09288579e+00  -1.54284906e+01
  -1.16592879e+01  -1.09180770e+01  -1.01904727e+01  -7.37395525e+00
  -9.91347302e+00  -1.17797095e+01  -1.04963879e+01  -1.15426535e+01
  -1.77945284e+01  -1.99977183e+01  -2.03560071e+01  -1.97816901e+01
  -1.72490392e+01  -1.94611466e+01  -1.67981740e+01  -1.30171679e+01
  -4.29351708e+00   9.62281175e-01   3.79972595e+00   6.64131794e+00
   1.73475986e+00  -1.76507986e+00  -5.91432317e-01  -1.02505068e+00
  -5.72174898e-01  -1.05091077e+00  -1.60595125e+00  -2.26013293e+00
  -5.71883602e+00  -6.43664953e+00  -7.46673559e+00  -6.91849234e+00
  -7.19404286e+00  -7.84274587e+00  -5.57886499e+00  -2.33048705e+00
  -2.29029286e+00  -6.24881242e+00  -4.95935318e+00  -2.97589183e+00
  -6.09977856e+00  -7.21645305e+00  -1.00069201e+01  -2.95549969e+00
   4.18895998e+00   2.27098142e+00  -1.89154585e+00  -7.06087875e+00
  -4.94015165e+00  -5.12263289e+00  -7.55576103e+00  -9.91770496e+00
  -1.34788491e+01  -1.28542619e+01  -1.40189088e+01  -9.96764999e+00
  -5.78773312e+00  -4.57950678e+00  -6.21356757e+00  -1.31836527e+00
  -6.85704344e+00  -7.09028302e+00   1.69390189e+00   4.63681810e+00
  -1.04471589e-01  -4.88843709e+00  -5.76723600e+00  -2.63980025e+00
   9.76382535e-02  -1.74997309e+00  -6.33463923e+00  -9.42628407e+00
  -1.80284306e+01  -1.63309586e+01  -1.02080305e+01  -2.00251588e+00
  -3.92600493e+00  -5.59212443e+00  -1.70396632e+00   2.19505632e-01
   1.08864931e+00  -3.22226977e-01  -9.92433437e-01  -3.31844762e+00
  -3.93850535e+00   4.64503433e+00   1.15922880e+01   1.02926550e+01
   8.19209869e+00   4.70936777e+00   5.21888829e+00   3.90408546e+00
   8.43788585e-01   2.87887658e-01  -2.15937084e+00  -5.62957496e+00
   2.83067632e+00   4.79806830e+00   8.03632256e+00   3.69160108e+00
  -3.10712483e+00],[  4.61852778e-14   4.61852778e-14   1.33978135e-01  -4.24761877e+00
  -4.46311906e+00  -2.16834380e+00  -1.00116132e+00  -4.63207480e+00
   2.44610904e+00   4.33204419e+00   2.22836076e+00   3.47881047e+00
   3.04586494e+00   3.66166068e+00   6.29079387e+00   9.32805635e+00
   4.54729743e+00   4.09983215e+00   2.93784753e+00   7.67615707e-01
   1.70896179e-01   5.96504484e+00   5.37750062e+00   1.72960269e+00
   4.92806655e+00   6.99717877e+00   6.34782655e+00   4.65089322e-01
  -2.22447399e+00   2.55009180e+00   2.20234209e+00   5.96962701e-01
  -4.69849094e-01   5.14192344e+00  -8.84229167e-01   5.04828566e-01
   3.67177995e+00   6.45375152e+00   7.40810290e+00   1.93997816e+00
  -3.45917208e+00  -2.58868160e+00  -4.24212164e+00  -3.36009333e+00
  -1.58669271e+00  -4.13897378e+00  -4.24893457e+00   1.45011837e+00
   4.50065845e+00   3.89738976e+00  -1.35873010e+00   2.05767332e+00
   2.46574772e+00   2.28289880e-01   1.25027774e+00  -1.34219685e-01
  -1.25849968e+00  -2.13991426e+00   4.15636617e-01  -3.88507545e+00
  -5.91089755e+00  -6.18809461e+00  -5.95344932e+00  -1.06423621e+00
   1.75352632e+00  -4.57029307e+00  -1.07836620e+01  -1.73328344e+01
  -6.97424678e+00  -5.95789334e+00  -5.25633858e+00  -5.33483580e+00
  -2.27543711e+00  -8.81387181e-01  -7.68822553e+00  -1.05536750e+01
  -1.15344469e+01  -7.65578548e+00  -2.10217128e+00  -4.50602559e+00
  -8.58986242e+00  -1.04537628e+01  -9.91261721e+00  -1.10674097e+01
  -1.04850485e+01  -1.21550131e+01  -1.42179639e+01  -1.27081053e+01
  -1.78416618e+01  -1.90465288e+01  -1.87320451e+01  -1.64359644e+01
  -1.76618086e+01  -1.98692684e+01  -1.45608037e+01  -7.12179179e+00
   7.25447578e-01  -2.39330453e+00  -1.67027233e+00  -3.61256172e+00
  -4.19009409e+00  -1.01906270e+01  -1.99495860e+01  -2.26941090e+01
  -1.56887850e+01  -1.49813448e+01  -1.67197282e+01  -1.82727789e+01
  -1.53190974e+01  -1.72100398e+01  -2.11417643e+01  -2.05628604e+01
  -2.33316300e+01  -2.08853528e+01  -1.22621629e+01  -7.09165282e+00
  -1.16466170e+01  -1.39121071e+01  -5.26664965e+00  -5.16921087e+00
  -1.15333199e+01  -1.37006510e+01  -1.28159011e+01  -8.40707323e+00
  -9.77727831e+00  -1.23366872e+01  -5.99086051e+00  -1.19963628e+00
  -1.31953306e+00  -5.85285402e+00  -9.35682024e+00  -8.85227658e+00
  -9.84041864e+00  -9.80269733e+00  -5.59810565e+00  -8.20415783e+00
  -9.28603098e+00  -6.15951918e+00  -7.61556682e-01   5.02841927e+00
  -4.09661998e+00  -9.03383009e+00  -8.34288237e+00  -1.02252883e+01
  -7.95964978e+00  -2.85104012e+00  -3.30477613e+00  -5.59339686e+00
  -9.13686497e+00  -7.61526373e+00  -7.72457947e+00  -7.90442903e+00
  -1.20073452e+01  -9.30736899e+00  -6.98809319e+00  -7.62778431e+00
  -5.82140454e+00  -3.27163481e+00   4.45579915e+00   1.62282766e+00
   5.35852625e+00   1.12646375e+00  -2.57648215e-01   1.20429912e-01
  -4.50520400e+00  -9.19948474e+00  -1.10322048e+01  -1.40541514e+01
  -1.43465512e+01  -1.83235743e+01  -2.18461358e+01  -1.90162327e+01
  -1.28574597e+01  -1.52503165e+01  -1.76466296e+01  -1.85292343e+01
  -1.60184232e+01  -1.47734596e+01  -1.11441808e+01  -7.64130569e+00
  -6.88617392e+00  -7.70239415e+00  -8.26823270e+00  -1.25164204e+01
  -7.48346218e+00  -5.15625089e+00  -5.76025551e+00  -6.40221989e+00
  -9.10789929e+00  -3.32072167e+00  -5.22680880e-01  -1.47837142e+00
  -1.35713019e+00  -5.26673309e+00  -2.42214269e-01   4.72850062e+00
   4.21448303e+00   6.16103466e+00   7.73405022e+00   8.58040067e+00
   4.05714761e+00  -3.98580958e+00  -8.03159575e+00  -6.80135420e+00
  -4.82893719e+00  -8.32851750e-01  -2.73277233e+00  -5.16645609e+00
  -8.07568597e+00  -6.59001254e+00  -4.84784681e+00  -6.42112122e+00
  -1.14161076e+01  -7.72507184e+00  -7.72219764e+00  -3.13864285e+00
  -3.42350474e+00  -5.90589593e+00  -6.58536717e+00  -9.21539774e+00
  -1.13060146e+01  -4.66077668e+00  -2.26911671e+00  -6.74720493e+00
  -1.55178718e+01  -2.13362412e+01  -2.10257166e+01  -1.56878436e+01
  -3.64556088e+00  -5.26511725e+00  -9.18476570e+00  -5.95631009e+00
  -6.67777468e+00  -6.62221175e+00  -5.89172509e+00  -7.12142223e+00
  -1.05237488e+01  -1.21588635e+01  -8.56865267e+00  -4.13388598e+00
  -7.05990629e-01   3.07164884e+00  -4.52684543e+00  -3.58208771e+00
  -3.06630019e+00  -4.47583604e+00  -4.93514507e+00  -7.99553759e+00
  -1.31439644e+01  -1.53631148e+01  -1.22239572e+01  -9.56095342e+00
  -8.95700373e+00  -7.87109150e+00  -1.01275207e+01  -1.10960636e+01
  -5.62099102e+00  -5.40278822e+00   2.20180292e+00   1.76524816e+00
  -2.16847614e+00]