[-755.15720222 -755.15720222 -751.13190883 -625.12645448 -546.03212571
 -539.80767126 -556.62838428 -538.39858005 -515.022702   -508.70507453
 -510.86175678 -516.17901316 -520.36935376 -524.56819978 -533.73460756
 -545.04180984 -550.56403123 -554.4988613  -556.7133923  -554.16274822
 -549.27307472 -537.06025412 -510.89433904 -478.87637945 -455.06764442
 -437.17805744 -420.62935641 -409.30894659 -405.39651749 -422.17467571
 -447.80741469 -445.63922815 -420.60981542 -409.07594031 -413.94843015
 -425.32371133 -430.87704041 -451.22963347 -484.731354   -502.16676169
 -519.26103394 -527.33878268 -532.81918877 -536.30868394 -540.52706325
 -553.84687137 -549.25530236 -490.99343521 -447.38758078 -424.89883726
 -415.30349008 -431.58010238 -481.8369342  -524.0193906  -538.59079089
 -539.69273652 -514.72323905 -442.72100962 -386.90648162 -360.9045467
 -355.84554556 -354.00070641 -360.01422451 -372.16785368 -394.07505577
 -430.81673328 -451.11634349 -432.01098759 -391.37118733 -358.03314674
 -347.0108894  -350.83109125 -358.3804058  -365.53270574 -365.89105676
 -393.11520924 -408.92874717 -400.67151995 -410.37489749 -439.9254763
 -480.46973636 -506.04614992 -525.87405961 -540.03657655 -552.08673433
 -551.89366944 -549.3420096  -511.8318707  -460.08040079 -454.14875583
 -464.59725381 -466.63459405 -472.63880578 -480.11155996 -481.84255765
 -457.84425569 -417.51311265 -394.01189356 -382.34995685 -370.75040467
 -376.02929931 -390.82324982 -403.4685963  -404.72949052 -379.85548982
 -345.70065889 -343.66702361 -360.7524907  -391.36468046 -422.40233708
 -452.12565864 -469.75258281 -478.48448244 -494.39004724 -500.27641058
 -507.13787276 -494.84486613 -481.29761074 -468.55576476 -457.3409995
 -439.31255809 -419.95116777 -410.14329649 -416.49519312 -431.90621358
 -464.2577971  -488.56320235 -465.85092665 -401.58192433 -360.95895034
 -349.52776249 -345.09736255 -338.67501285 -337.01374367 -333.62433568
 -335.55412955 -340.55452684 -342.94164201 -343.01553419 -347.38820815
 -371.40850019 -420.00872945 -460.71985344 -487.14264241 -509.20491342
 -517.71956089 -520.10125503 -520.78082084 -519.75393914 -510.51591066
 -508.74048937 -512.68577821 -517.249975   -518.74483494 -527.68837404
 -538.64317441 -539.10560147 -541.18448568 -542.44680275 -539.57509319
 -552.23071711 -569.45306897 -549.35508284 -496.73405027 -443.19284467
 -406.05639978 -410.9297915  -450.07110941 -461.07728311 -432.8295378
 -386.54647105 -348.9380066  -338.50211754 -343.89917337 -345.62065519
 -339.66554611 -334.73135781 -337.69226979 -345.18832782 -360.40948854
 -392.68620369 -434.25409893 -466.4804271  -484.35866757 -505.29619874
 -527.04964357 -540.26721557 -551.44269687 -563.46562994 -566.42338515
 -496.00441459 -429.47833175 -415.35689703 -421.36574662 -421.9194923
 -407.21457811 -387.17164222 -374.3400461  -378.18454399 -407.95745287
 -430.30973555 -425.0833903  -390.49584388 -367.96332225 -361.43992288
 -360.24805849 -367.17844619 -366.71736326 -360.5202242  -350.91931978
 -355.28775751 -376.77878951 -389.32519823 -391.0612564  -398.89440333
 -413.76787456 -440.54273792 -472.95591613 -496.07794906 -518.38283918
 -532.17601295 -502.69007376 -424.55978723 -380.05198067 -363.60196653
 -370.16102772 -393.33863658 -408.3292193  -396.49871294 -391.15662529
 -402.95086126 -419.98511868 -434.97650314 -439.13237408 -440.53556367
 -441.20523463 -430.99398798 -428.67203066 -413.03841742 -395.95082903
 -407.92099112 -439.5355552  -480.57382534 -486.11382878 -446.88009978
 -420.18557066 -428.17223956 -454.74764985 -480.84855961 -490.45679393
 -489.7970655  -471.73603485 -436.39813893 -423.41623968 -426.8135071
 -437.78746705 -458.35503045 -489.67538649 -504.47172764 -516.67541322
 -526.34429059],[ -1.10134124e-13  -1.10134124e-13   4.14860004e-01   1.10682591e+02
   1.45486562e+02   1.41665689e+02   1.23938634e+02   1.46450325e+02
   1.80960800e+02   2.04161253e+02   2.19175169e+02   2.23271195e+02
   2.25582943e+02   2.23628531e+02   2.19441841e+02   2.14132743e+02
   2.09597211e+02   2.05414150e+02   1.93867737e+02   1.89128779e+02
   1.88634103e+02   1.93470821e+02   1.99568685e+02   2.01319828e+02
   2.03445575e+02   1.95605294e+02   1.83652231e+02   1.75539454e+02
   1.71936491e+02   1.71545283e+02   1.71390748e+02   1.65977924e+02
   1.60321709e+02   1.48827859e+02   1.39256837e+02   1.32046988e+02
   1.34695343e+02   1.41343167e+02   1.48804617e+02   1.56014746e+02
   1.60475828e+02   1.59024656e+02   1.50722361e+02   1.46181987e+02
   1.36814266e+02   1.21610415e+02   1.17896128e+02   1.45713354e+02
   1.72879395e+02   1.86240007e+02   1.83564386e+02   1.78055976e+02
   1.60006219e+02   1.40778689e+02   1.28996617e+02   1.19622111e+02
   1.20366762e+02   1.45162186e+02   1.68271334e+02   1.75388305e+02
   1.75866904e+02   1.77660564e+02   1.75236634e+02   1.70973272e+02
   1.66873662e+02   1.55667664e+02   1.53704244e+02   1.72354384e+02
   1.97506148e+02   2.14175921e+02   2.15540547e+02   2.14085167e+02
   2.15353310e+02   2.12304669e+02   2.11444396e+02   1.92499018e+02
   1.99149938e+02   2.10889815e+02   2.12002772e+02   1.97919659e+02
   1.70879875e+02   1.50026124e+02   1.32061575e+02   1.21263686e+02
   1.16096239e+02   1.17744203e+02   1.08297722e+02   1.11416387e+02
   1.23277213e+02   1.25340946e+02   1.28962085e+02   1.40475769e+02
   1.44013761e+02   1.39119324e+02   1.39993934e+02   1.59252698e+02
   1.86775551e+02   1.94250127e+02   1.92970542e+02   1.99991465e+02
   2.02240853e+02   1.97292926e+02   1.85854658e+02   1.86868939e+02
   2.00454613e+02   2.15825088e+02   2.16586677e+02   2.16330736e+02
   2.09583219e+02   1.90591886e+02   1.65659639e+02   1.41204810e+02
   1.29014557e+02   1.14472413e+02   1.10429158e+02   9.86910987e+01
   8.64736643e+01   7.67509241e+01   9.24394303e+01   1.39637233e+02
   1.84254604e+02   1.92079293e+02   1.87388365e+02   1.83453765e+02
   1.81230549e+02   1.63693614e+02   1.54288549e+02   1.66761971e+02
   1.99362881e+02   2.14498717e+02   2.14629378e+02   2.12310512e+02
   2.18360137e+02   2.19927970e+02   2.21703278e+02   2.18285797e+02
   2.15387398e+02   2.14467382e+02   2.14199048e+02   2.13027341e+02
   2.09980847e+02   1.91551135e+02   1.67048829e+02   1.44296153e+02
   1.31523238e+02   1.28537361e+02   1.17953586e+02   1.03755882e+02
   9.50822706e+01   9.62269763e+01   9.50275765e+01   9.42612946e+01
   8.92588725e+01   8.39617353e+01   7.81950806e+01   7.31444909e+01
   8.08325936e+01   8.63663061e+01   9.76671029e+01   1.04366318e+02
   9.47771826e+01   8.84878146e+01   1.07453939e+02   1.41645733e+02
   1.59313448e+02   1.69076950e+02   1.75335752e+02   1.77764142e+02
   1.77030091e+02   1.75092183e+02   1.74815850e+02   1.75447762e+02
   1.71453056e+02   1.65513864e+02   1.71368043e+02   1.83093991e+02
   1.90855717e+02   1.95691724e+02   2.04644434e+02   2.15742941e+02
   2.20049591e+02   2.08762103e+02   1.94623397e+02   1.90664361e+02
   1.84139362e+02   1.73772322e+02   1.65863973e+02   1.54596050e+02
   1.42716655e+02   1.29964546e+02   1.15041884e+02   1.47369949e+02
   1.70021000e+02   1.66409974e+02   1.51610520e+02   1.57712848e+02
   1.64945702e+02   1.59378483e+02   1.64402751e+02   1.72948393e+02
   1.80475768e+02   1.83099834e+02   1.84732785e+02   1.83770072e+02
   1.89802184e+02   1.94537046e+02   1.96317126e+02   1.96131007e+02
   1.91550540e+02   1.93055941e+02   1.93905974e+02   1.84209580e+02
   1.46491660e+02   9.92205519e+01   6.77671436e+01   5.22694545e+01
   6.22665502e+01   7.28041085e+01   7.78895981e+01   7.87538850e+01
   8.58217483e+01   1.11206597e+02   1.80133774e+02   2.13830766e+02
   2.18434437e+02   2.04515943e+02   1.79067933e+02   1.42871541e+02
   1.13626414e+02   7.77376768e+01   4.92989302e+01   3.58651366e+01
   2.27704396e+01   1.16903523e+01   4.93350553e+00   5.49251518e+00
   1.61924309e+01   3.67991745e+01   8.72757782e+01   1.31530715e+02
   1.50852684e+02   1.52782249e+02   1.31924597e+02   1.17111907e+02
   9.90352533e+01   7.39377495e+01   5.03608824e+01   3.39985710e+01
   2.80724391e+01   3.76260417e+01   3.89255775e+01   5.33088095e+01
   1.06675932e+02   1.45216255e+02   1.54264016e+02   1.48712339e+02
   1.45090448e+02   1.16157337e+02   7.59957655e+01   5.07240350e+01
   4.10315872e+01],[  4.08562073e-14   4.08562073e-14  -1.56057520e+00   3.53483617e+01
   2.66992925e+01   1.98853197e+01   2.10753144e+00   1.14885226e+01
   3.47200098e+01   5.20755685e+01   5.95722436e+01   6.21020425e+01
   6.78711109e+01   7.18534566e+01   7.89066474e+01   8.60702490e+01
   8.61345972e+01   8.87167095e+01   8.35558614e+01   7.94605255e+01
   7.64697718e+01   7.46439162e+01   6.56757975e+01   4.84970016e+01
   2.85123611e+01  -2.08666636e+00  -2.16805065e+01  -2.97028250e+01
  -3.02559956e+01  -2.20863145e+01  -2.82281749e+00  -6.12755975e+00
  -2.23884948e+01  -3.18085261e+01  -2.68256007e+01  -1.99681044e+01
  -1.07942667e+01   2.45124221e+00   1.93170203e+01   2.63209276e+01
   3.34376592e+01   3.73869725e+01   3.51141453e+01   3.54850028e+01
   2.97401607e+01   1.83228610e+01   4.83035981e+00  -2.35052883e+00
  -9.77367330e+00  -1.89447616e+01  -2.33609237e+01  -6.53853371e+00
   1.71736010e+01   2.32083687e+01   2.03448206e+01   2.09930438e+01
   4.21377165e+00  -2.00618079e+01  -3.15593712e+01  -4.31081221e+01
  -5.44687693e+01  -5.95394693e+01  -5.55869290e+01  -4.37100125e+01
  -3.22067223e+01  -2.14393150e+01  -1.32862043e+01  -1.72263204e+01
  -3.17338378e+01  -4.38702609e+01  -5.12825054e+01  -5.48996802e+01
  -4.96470856e+01  -4.33783876e+01  -3.83492340e+01  -3.01210444e+01
  -1.12642260e+01  -7.97186236e+00   1.49294078e+00   1.56427070e+01
   2.76436909e+01   2.32316715e+01   1.51977930e+01   1.29052459e+01
   1.80254842e+01   2.51400321e+01   1.66563893e+01  -6.62875459e+00
  -2.93120983e+01  -3.37110982e+01  -2.79476849e+01  -1.56203613e+01
  -6.44794355e+00  -6.70029016e+00   7.35651387e+00   2.21106703e+01
   1.65339686e+01   1.89585279e+00  -1.26129014e+01  -1.66564076e+01
  -1.35176346e+01  -1.08362450e+01  -1.63474919e+01  -1.93829472e+01
  -3.00738334e+01  -4.18455271e+01  -4.65476643e+01  -3.38756066e+01
  -1.50088069e+01  -2.35576817e+00   4.51517977e+00   6.23121122e+00
   4.34452838e+00   1.82796045e+00   6.68977853e+00   1.05705850e+01
  -1.80276989e+00  -1.98859412e+01  -2.04896464e+01   5.88809971e+00
   2.33554608e+01   1.21490615e+01   8.42558329e-01   2.42291932e+00
   1.76883337e+01   3.00040757e+01   2.76899587e+01   1.09400440e+01
  -1.15433212e+01  -3.00203924e+01  -4.42785600e+01  -5.66970199e+01
  -6.23601157e+01  -6.58568904e+01  -6.80332653e+01  -7.17408961e+01
  -7.44262412e+01  -7.45843808e+01  -7.23031509e+01  -6.57522066e+01
  -5.32777095e+01  -2.15729349e+01  -7.71880873e+00  -7.00722574e+00
  -1.21393352e+00  -1.53226037e+00  -9.26067354e+00  -1.92663574e+01
  -2.79745034e+01  -3.47571632e+01  -3.71404283e+01  -2.78573193e+01
  -2.54277362e+01  -3.30184818e+01  -3.35999097e+01  -3.05523837e+01
  -2.69975271e+01  -2.44169190e+01  -9.94489398e+00  -2.86634984e+00
  -3.48470088e-01   7.18142097e+00   8.77753070e+00   8.61886096e+00
  -7.24444246e+00  -8.80246178e+00   6.95350417e+00   2.94872443e+01
   3.47528801e+01   2.07768838e+01  -1.56838394e+00  -2.34492171e+01
  -3.57578115e+01  -3.90769203e+01  -4.01316496e+01  -4.35764719e+01
  -4.28790481e+01  -3.86700611e+01  -2.75871258e+01  -7.77346272e+00
   1.53724181e+01   2.84890503e+01   2.66213721e+01   2.60164440e+01
   2.94809279e+01   3.43281585e+01   3.41899642e+01   3.11581312e+01
   3.26717348e+01   2.93240265e+01  -2.31682081e+01  -3.38613128e+01
  -2.99437810e+01  -3.01207824e+01  -3.39895097e+01  -3.38947672e+01
  -4.22441625e+01  -5.73426085e+01  -5.84145972e+01  -3.36994070e+01
  -1.04214709e+01  -1.78383698e+01  -5.25541265e+01  -7.35538793e+01
  -7.03686413e+01  -5.98301359e+01  -5.15007292e+01  -4.88519071e+01
  -5.10870988e+01  -4.77193929e+01  -3.91214245e+01  -2.46556883e+01
  -2.13010463e+01  -2.97161440e+01  -3.53867730e+01  -3.32567264e+01
  -1.68211694e+01  -8.92774450e+00  -9.35933346e+00  -1.11476935e+01
  -2.04324880e+01  -3.40018399e+01  -2.93359621e+01  -4.29418978e+01
  -5.60000684e+01  -4.28042200e+01  -2.18658641e+01  -1.82158282e+01
  -3.42666952e+01  -5.07817501e+01  -6.11406697e+01  -6.16438544e+01
  -5.82242770e+01  -5.98991432e+01  -6.07431489e+01  -5.66248827e+01
  -6.38616599e+01  -5.48457565e+01  -2.56698453e+01  -2.26968297e+01
  -2.24709284e+01  -6.83666135e+00   3.27799175e+00  -1.70815464e+01
  -4.12187310e+01  -5.79515721e+01  -6.19215277e+01  -6.12694530e+01
  -5.54812304e+01  -4.78990816e+01  -5.08384266e+01  -5.52864609e+01
  -3.89876362e+01  -2.81283405e+01  -2.24523443e+01  -1.47071161e+01
   4.88995247e+00   2.07608902e+01   1.33155979e+01   1.58237364e+01
   1.93051571e+01],[ -8.17124146e-14  -8.17124146e-14   1.05114435e+00   1.84761566e+01
   2.92430228e+01   3.48079694e+01   2.90075649e+01   2.89701582e+01
   3.21326633e+01   2.83191972e+01   1.59193120e+01   7.94528370e+00
   4.60483632e+00   8.29082451e+00   1.35241728e+01   1.79968080e+01
   1.79174790e+01   2.72204584e+01   3.97863376e+01   4.12400681e+01
   3.92448507e+01   3.73685360e+01   3.31055702e+01   3.13175226e+01
   2.68821349e+01   2.81149652e+01   3.74591688e+01   4.57348964e+01
   5.20200141e+01   4.87857000e+01   5.20334863e+01   5.82926801e+01
   6.50226577e+01   7.08140191e+01   8.22535592e+01   9.13683979e+01
   8.93467678e+01   7.64332883e+01   6.54867510e+01   6.12191911e+01
   5.69080613e+01   5.88592496e+01   6.74090699e+01   6.83254674e+01
   6.47165594e+01   5.59634427e+01   4.59477700e+01   5.26211767e+01
   4.85327416e+01   3.89068310e+01   4.56824095e+01   5.80504696e+01
   6.28952532e+01   6.00649849e+01   5.51797821e+01   5.97147571e+01
   5.57530181e+01   6.00093101e+01   6.40208249e+01   6.90243033e+01
   6.87620318e+01   7.21936127e+01   7.69187716e+01   8.33711095e+01
   8.52339752e+01   8.47380627e+01   7.68653681e+01   6.46736711e+01
   5.41664498e+01   4.85720231e+01   4.48826543e+01   3.98589589e+01
   3.80519304e+01   3.14028062e+01   3.16494801e+01   4.46084336e+01
   3.94562192e+01   2.26322247e+01   1.98801402e+01   2.90077727e+01
   4.29844579e+01   3.89705158e+01   3.29535897e+01   2.66175478e+01
   3.06472870e+01   4.06103067e+01   4.96682505e+01   5.22528210e+01
   4.97663770e+01   4.73342730e+01   3.81239752e+01   3.94048838e+01
   3.41720547e+01   3.02117350e+01   4.51899422e+01   5.34157820e+01
   4.82239046e+01   4.86612388e+01   5.12559580e+01   4.81097553e+01
   5.28069973e+01   6.17960121e+01   6.89736659e+01   6.79556425e+01
   5.82071760e+01   4.49334845e+01   3.78428585e+01   3.44295789e+01
   3.60767723e+01   3.73626636e+01   4.23515905e+01   4.74922976e+01
   4.16779201e+01   4.03714201e+01   4.37919514e+01   5.35556395e+01
   5.49202397e+01   5.77644957e+01   5.96860575e+01   4.86873413e+01
   3.92663748e+01   4.42368290e+01   5.44330366e+01   6.46020514e+01
   6.98907893e+01   7.36005294e+01   6.97086838e+01   5.78143869e+01
   4.75157683e+01   4.17369980e+01   3.81318442e+01   3.30619587e+01
   2.53689142e+01   2.10926297e+01   1.91836435e+01   1.61306770e+01
   1.41077030e+01   1.81444306e+01   2.84094976e+01   3.82896848e+01
   4.11767490e+01   4.56163226e+01   3.56197338e+01   3.30399148e+01
   3.19744940e+01   3.18767059e+01   3.69761263e+01   4.09721273e+01
   4.27800499e+01   4.98336425e+01   5.30421147e+01   6.00284586e+01
   6.25887862e+01   5.98438258e+01   6.12162043e+01   6.11314160e+01
   5.35475155e+01   4.10187639e+01   3.62308890e+01   4.25104919e+01
   4.63896669e+01   4.54368753e+01   4.34953348e+01   5.08862615e+01
   5.37212696e+01   6.83488997e+01   7.54117197e+01   6.97578122e+01
   7.17299586e+01   7.63072946e+01   8.07731754e+01   8.83271165e+01
   8.93317724e+01   8.85432117e+01   8.13474810e+01   6.61358246e+01
   5.56346510e+01   3.95281446e+01   2.79693955e+01   2.20529888e+01
   2.52168758e+01   3.20646907e+01   3.28401365e+01   2.93718395e+01
   2.79000865e+01   3.04219473e+01   2.95817809e+01   2.69751827e+01
   3.33147689e+01   3.70021866e+01   6.69462034e+01   8.18170063e+01
   7.39607848e+01   7.61731473e+01   9.49398701e+01   1.06049006e+02
   1.08688820e+02   1.12333459e+02   1.00956596e+02   8.23347581e+01
   7.36377052e+01   6.86581111e+01   6.95345740e+01   7.18707179e+01
   7.52846223e+01   7.44288931e+01   6.62883340e+01   6.24144875e+01
   6.62533983e+01   6.75977872e+01   6.52696997e+01   7.18086361e+01
   9.98869024e+01   1.29621154e+02   1.41608734e+02   1.37528552e+02
   1.20752802e+02   9.98351006e+01   8.41687857e+01   7.60803558e+01
   7.10944493e+01   5.36473584e+01   4.12646014e+01   3.34553565e+01
   3.18236227e+01   4.36362458e+01   6.91444723e+01   1.01100621e+02
   1.23736155e+02   1.38911554e+02   1.47045198e+02   1.51933937e+02
   1.57095547e+02   1.60158850e+02   1.58623530e+02   1.54721671e+02
   1.35717507e+02   1.31214602e+02   1.35057496e+02   1.09690703e+02
   9.46896311e+01   1.01197066e+02   1.01626621e+02   8.46403732e+01
   1.03985701e+02   1.24689012e+02   1.35614803e+02   1.33472178e+02
   1.26097097e+02   1.17181497e+02   1.16998527e+02   1.12636216e+02
   1.07905897e+02   9.71010135e+01   8.96889379e+01   8.58258064e+01
   7.93564839e+01   7.24058404e+01   6.77610683e+01   6.22259009e+01
   5.82697728e+01],[  1.42108547e-14   1.42108547e-14  -5.04448484e-01  -8.23085063e+00
  -1.55423174e+01  -1.56236026e+01  -9.36229308e+00  -7.67379061e+00
  -1.04593820e+01  -1.36562959e+01  -8.16627685e+00   7.11415600e-01
   2.92657325e-01   1.42976856e+00   7.70593235e-01   2.40573126e+00
   4.06338051e+00   7.70194933e+00   1.64554535e+01   1.51333909e+01
   1.05752877e+01   5.89668788e+00  -4.19027905e+00  -1.13459576e+01
  -6.19424740e+00   1.00133534e+01   1.40241782e+01   1.09925981e+01
   1.09566459e+01   1.33245548e+01   1.69718145e+01   2.06461874e+01
   2.14108653e+01   1.65817150e+01   1.66939987e+01   2.15709754e+01
   1.70885924e+01   9.67798249e+00   9.07555945e+00   1.31110089e+01
   1.45614323e+01   1.39183200e+01   1.43627725e+01   1.01402975e+01
   8.10094804e+00   7.43627131e+00   2.41153644e+00  -1.00453912e+01
  -9.47717165e+00  -5.35976127e+00  -1.88748169e+00   1.71575283e+00
   5.57265426e+00   1.25517934e+01   6.03982047e+00   1.75448981e+00
  -5.76791928e+00  -1.13683857e+01  -7.20378013e+00   4.72903030e+00
   2.00785735e+01   2.91692986e+01   3.19989375e+01   3.12192015e+01
   2.86290075e+01   3.17388478e+01   2.74867537e+01   1.85970253e+01
   8.10207065e+00   2.44616445e+00  -1.97620552e+00  -2.93532153e+00
  -4.20897783e+00  -1.42194397e+01  -1.87192647e+01  -1.34720053e+01
  -1.82370287e+01  -2.70297802e+01  -2.55031438e+01  -2.28792121e+01
  -1.23381794e+01  -1.20087762e+01  -1.56925671e+01  -2.41715223e+01
  -2.36005415e+01  -1.74505713e+01  -1.42017725e+01  -2.22530071e+01
  -3.64319171e+01  -3.22673678e+01  -2.84153114e+01  -2.81770945e+01
  -3.69333550e+01  -4.61954731e+01  -4.02859231e+01  -4.47543181e+01
  -5.56212547e+01  -5.46072355e+01  -4.57439245e+01  -4.42465848e+01
  -3.38942211e+01  -1.48873945e+01   7.08129405e-02   1.80462947e+00
  -4.82233109e+00  -1.28258235e+01  -9.45857006e+00  -9.69971711e+00
  -1.40473325e+01  -1.82313753e+01  -9.89095378e+00  -8.05333195e+00
  -1.63793188e+01  -1.52082475e+01  -2.00999494e+01  -2.08103172e+01
  -2.94673204e+01  -3.35124060e+01  -2.84888637e+01  -3.19616638e+01
  -2.65152678e+01  -1.77987180e+01  -1.20086483e+01  -7.93592216e+00
  -1.11112698e+01  -1.28717184e+01  -4.56690189e+00  -5.11029655e+00
  -1.52669307e+01  -1.82316562e+01  -1.44795118e+01  -1.33254036e+01
  -1.88734210e+01  -1.99572021e+01  -2.11098359e+01  -2.31834123e+01
  -2.12030769e+01  -1.41971302e+01  -9.97288507e+00  -9.94592561e+00
  -4.06212808e+00  -4.60585892e+00  -1.13542485e+01  -1.45559261e+01
  -1.85132325e+01  -2.03874003e+01  -1.98840022e+01  -1.85427263e+01
  -1.49004306e+01  -6.50821398e+00  -2.87366120e+00  -1.10479471e+00
  -7.78634562e+00  -1.02604836e+01  -4.40657220e+00   3.42700765e+00
   3.84223808e+00  -1.03675757e+01  -1.72992541e+01  -9.98864192e+00
  -8.82370440e+00  -1.02930126e+01  -6.99772851e+00  -1.13320944e+01
  -1.67603604e+01  -1.81670234e+01  -1.67688621e+01  -9.09001522e+00
  -7.21283803e+00  -1.44744575e+01  -1.69214774e+01  -1.19027594e+01
  -8.86762691e+00  -6.33152036e-01   6.27697100e+00   1.52902882e+00
  -6.13692283e+00  -1.87840875e+01  -2.77794871e+01  -4.19525131e+01
  -3.77254941e+01  -1.52292204e+01  -1.52995986e+00   5.30774518e+00
   8.41002689e+00   1.33979994e+01   1.74785448e+01   1.38644332e+01
   1.06696362e+01   1.25697258e+00   1.02375281e+00   1.26984508e+01
   2.17410463e+01   2.96520256e+01   2.81747255e+01   2.61571014e+01
   2.67950650e+01   3.18176030e+01   3.49177096e+01   2.93242775e+01
   1.92187792e+01   2.25784615e+01   3.64580253e+01   3.55610555e+01
   2.99156860e+01   2.36801798e+01   1.85946618e+01   1.10505191e+01
   3.82375154e+00  -9.04358514e+00  -1.87946419e+01  -2.17871528e+01
  -2.98486037e+01  -3.90389527e+01  -4.20238340e+01  -4.11975249e+01
  -3.44571721e+01  -2.65640153e+01  -2.00264844e+01  -1.59076181e+01
  -1.01548993e+01  -1.11503877e+01  -2.23104818e+01  -1.30198181e+01
   1.49199800e+00   6.97737715e+00   3.78123593e+00  -2.89966439e-01
  -1.30018701e+01  -2.51574845e+01  -3.24552523e+01  -3.20330251e+01
  -2.56572222e+01  -2.42002502e+01  -3.10142603e+01  -3.35927545e+01
  -4.22477266e+01  -3.56425876e+01  -1.69742486e+01  -9.18620297e+00
  -2.70702256e-01   1.01302646e+01   1.11218780e+01   3.99759542e+00
  -2.71618297e+01  -4.18992345e+01  -3.87153640e+01  -3.29259746e+01
  -2.97098007e+01  -2.79335755e+01  -2.99894713e+01  -2.63434937e+01
  -8.09640598e+00   1.61874905e+01   2.82115815e+01   2.98031496e+01
   2.96699588e+01   1.72026366e+01   3.00345295e+00  -9.06155280e+00
  -1.47180491e+01],[ -4.26325641e-14  -4.26325641e-14   1.02174540e+00  -6.52586251e+00
  -8.17729352e+00  -1.03719960e+01  -8.44997133e+00  -1.30003331e+01
  -2.04468434e+01  -2.57692926e+01  -2.40886817e+01  -1.92074968e+01
  -1.73102371e+01  -1.41084725e+01  -1.23596706e+01  -8.24751273e+00
  -3.90492124e+00  -4.25381662e+00  -1.70630511e+00  -8.14342490e-01
   1.23741869e-01  -4.14340391e+00  -1.26405499e+01  -1.43660807e+01
  -3.36380420e+00   1.08495605e+01   1.82041530e+01   1.99053543e+01
   2.16887911e+01   2.45372422e+01   2.21550345e+01   2.04860606e+01
   2.18157152e+01   2.15245603e+01   1.93470883e+01   2.10466717e+01
   1.84893825e+01   1.44677058e+01   1.15203757e+01   6.14134128e+00
  -1.33284673e+00  -6.02833408e+00  -6.26992652e+00  -2.02897559e+00
   1.93656950e+00   3.73616340e+00   4.06524596e+00  -1.82242394e+00
  -3.64914746e+00  -4.33932617e+00  -4.77790289e+00  -3.19900741e-01
   7.68458732e+00   1.42946994e+01   8.97183492e+00   1.11803970e+01
   8.21703064e+00   4.74462610e+00   1.17648433e+01   1.72609053e+01
   1.74909610e+01   1.23548109e+01   9.88755956e+00   1.49463882e+01
   1.57639821e+01   1.61491155e+01   1.60561301e+01   1.12426451e+01
  -1.35206984e+00  -1.49480511e+01  -1.77781268e+01  -1.68116451e+01
  -1.74551544e+01  -1.05078922e+01  -2.22979674e+00   1.36608771e+00
   2.38444195e+00   6.17319909e+00   8.65036484e+00   4.39761585e+00
   1.08697560e+01   8.87585927e+00   1.94511284e+00  -1.13102363e+00
  -5.44556200e+00  -3.34315353e+00  -2.36271255e+00  -9.78148193e+00
  -1.49926053e+01  -1.23351885e+00   1.01878494e+00  -2.88900078e+00
  -4.83826435e+00  -1.49271171e+01  -1.31398883e+01  -7.02551743e+00
  -1.70078582e+01  -2.18833758e+01  -1.93902888e+01  -2.09767196e+01
  -2.55630088e+01  -2.17730304e+01  -1.55196525e+01  -1.36915046e+01
  -1.07782888e+01  -6.12483905e+00   7.37976285e-01   3.54910997e+00
  -3.35836939e-01  -2.03250075e+00   1.02135653e+01   1.42423885e+01
   1.08268869e+01   1.24256068e+01   9.72870954e+00   7.40493215e+00
   2.86664229e+00  -2.69857232e+00   1.84893868e+00   2.85090136e+00
   6.97931151e+00   4.60253912e+00   2.68706410e+00   2.45821984e+00
   3.97467124e+00   5.96086698e+00   5.55851974e+00   3.97137395e+00
  -1.05229191e+01  -1.56529860e+01  -1.97444079e+01  -2.11783850e+01
  -2.69430397e+01  -2.72175153e+01  -2.55030448e+01  -2.57479444e+01
  -2.46020963e+01  -2.36935986e+01  -2.58008287e+01  -3.17003225e+01
  -3.36751718e+01  -2.51958845e+01  -6.85863810e+00  -3.12594650e-02
  -1.94839966e+00  -6.88201223e+00  -7.79861340e+00  -2.97009601e+00
  -1.14384008e+01  -1.02617339e+01  -7.70008895e+00  -2.42760468e+00
  -6.53514743e+00  -1.06863338e+01  -6.20567741e+00   2.29421449e+00
   7.53250284e+00   3.17204349e+00   1.22573890e-02   1.76715238e+00
   1.30062497e+00  -2.93727341e+00  -3.47412609e-01  -1.94532673e+00
   4.02051623e+00   1.55060441e+01   1.83267873e+01   1.40350212e+01
   8.65063849e+00   1.26875441e+01   2.33033230e+01   2.00621579e+01
   1.67550556e+01   1.46626103e+01   1.67299750e+01   2.16693323e+01
   2.64450554e+01   3.16126438e+01   3.51124667e+01   2.49913867e+01
   1.71438890e+01   2.28119402e+01   2.66942809e+01   2.55987781e+01
   2.35136117e+01   2.28463493e+01   2.28527198e+01   2.06880858e+01
   1.60616406e+01   1.02897537e+01   9.06187517e+00   2.18898977e+01
   2.46523481e+01   2.00550999e+01   3.92672941e+00  -1.18991743e+01
  -1.39028369e+01  -1.16428481e+01  -9.90674749e+00  -4.31258225e+00
  -4.81651902e+00  -8.62493934e+00  -9.70487296e+00  -1.70872895e+01
  -2.62659330e+01  -2.56217433e+01  -2.27158510e+01  -2.01737623e+01
  -1.72985238e+01  -1.59386364e+01  -1.30911352e+01  -8.42982488e+00
  -4.63729718e+00  -2.96385986e-01   5.24349774e+00   3.65767316e+00
   2.35952729e+00   7.27598717e-01  -4.40987079e-01  -3.87631881e+00
  -7.64629194e+00  -8.09840969e+00  -2.27545161e+01  -2.47707307e+01
  -1.86704907e+01  -2.72504753e+00   8.27500215e+00   1.29355756e+01
   9.97896428e+00   1.17504132e+01   4.66522095e+00  -1.53888264e+00
  -6.43705838e-01  -5.00193308e+00  -6.57385426e+00  -4.79064110e+00
  -5.02810419e+00  -9.73875468e-01   9.67591894e-01   3.96961372e+00
   1.41827195e+00   3.17460328e+00   1.17378979e+01   1.86814172e+01
  -2.67869152e+00  -1.25827597e+01  -6.39244537e+00  -1.68738202e+00
   2.90863175e+00   8.82849565e+00   1.65286622e+00   1.44798874e+00
   2.73487858e+00  -2.05948632e+00  -2.17887693e+00   2.32059624e+00
   1.67083620e+01   3.08958276e+01   3.41909895e+01   3.25471467e+01
   2.89746473e+01],[  4.97379915e-14   4.97379915e-14   7.52358952e-01  -5.02494277e+00
  -1.44891322e+01  -1.33283661e+01   1.69510471e+00  -5.22311090e+00
  -1.75087653e+01  -2.33099371e+01  -2.63099770e+01  -2.80903118e+01
  -2.69825750e+01  -2.41036840e+01  -2.65297123e+01  -2.55441770e+01
  -1.98770895e+01  -1.57348046e+01  -1.30392196e+01  -1.12248939e+01
  -8.74839523e+00  -1.51736599e+01  -2.52043887e+01  -2.33752555e+01
  -2.00972471e+01  -2.24790596e+01  -3.08458106e+01  -3.91785483e+01
  -4.34299928e+01  -3.89017941e+01  -3.11250975e+01  -3.58129070e+01
  -4.58737104e+01  -5.05803613e+01  -5.41122501e+01  -5.26720136e+01
  -5.45375181e+01  -4.68181742e+01  -2.98954363e+01  -2.09518359e+01
  -1.56072690e+01  -1.37809960e+01  -6.26665293e+00  -2.57266059e+00
   4.97742947e+00   1.33954465e+01   1.22561460e+01   4.92937683e+00
  -4.38215230e+00  -1.41082153e+01  -1.39865718e+01  -5.53799208e+00
  -8.39265458e-01   8.40965910e+00   8.33968804e+00   7.16588636e+00
  -4.75859373e-01  -1.32693792e+00  -1.21726853e+01  -2.37634621e+01
  -3.23095224e+01  -3.54341474e+01  -3.90068708e+01  -3.73921996e+01
  -2.88748802e+01  -1.73923384e+01  -9.60136062e+00  -8.43435050e+00
  -7.00592523e+00  -1.28583496e+01  -1.43710716e+01  -9.76116738e+00
  -7.00282847e+00  -5.57129113e+00  -5.47375575e+00  -3.98224443e+00
  -1.79387080e+00  -5.21900685e+00  -4.08881615e+00   7.02228826e-01
   5.29863473e+00  -3.46391912e+00  -5.25445132e+00   1.64579810e+00
  -8.62563819e-01  -5.36165960e+00  -1.05046572e+01  -1.31204087e+01
  -1.44119742e+01   1.47976640e+00  -3.59860228e+00  -4.17998887e+00
  -2.80496879e+00  -4.60056079e+00  -1.08120547e+00   3.96870942e+00
   4.15405665e+00   4.23020215e+00   1.42671527e+00  -5.15584581e+00
  -1.32815051e+01  -1.63334932e+01  -1.35685624e+01  -6.92836145e+00
  -2.85473577e+00  -1.32518681e+01  -1.91248222e+01  -1.77729156e+01
  -1.22253929e+01  -1.23764755e+01  -1.07889623e+01  -1.08999777e+01
  -1.13744143e+01  -1.42173556e+01  -1.67884999e+01  -1.78721414e+01
  -2.30969939e+01  -3.18279278e+01  -2.37611752e+01  -1.16577572e+01
  -8.26699924e+00  -1.18122893e+01  -1.21869976e+01  -8.62370379e+00
  -6.24136858e+00  -9.12633088e+00  -5.17099564e+00   2.08480339e-01
  -1.29505595e+01  -1.87999344e+01  -2.48202902e+01  -2.43509205e+01
  -2.29217132e+01  -2.07088867e+01  -1.60369018e+01  -1.44623011e+01
  -1.21793058e+01  -1.42594268e+01  -1.30347642e+01  -1.59419065e+01
  -1.58566476e+01  -2.05402552e+01  -1.23409442e+01  -1.08613480e+01
  -1.89537223e+01  -1.22971681e+01  -9.33359539e+00  -1.13298414e+01
  -2.56231955e+01  -2.39074528e+01  -1.81513267e+01  -1.66063804e+01
  -1.78859308e+01  -2.09535279e+01  -2.10922674e+01  -1.76628869e+01
  -1.08897474e+01  -8.24361657e+00  -1.06953861e+01  -9.02850376e+00
  -6.39561298e+00  -7.68790858e+00  -1.54178185e+01  -2.07506926e+01
  -2.00150569e+01  -1.35590408e+01  -4.95014820e+00  -4.95493205e-01
  -6.01481559e+00  -1.62699884e+00  -1.57718650e+01  -2.99393436e+01
  -3.65315692e+01  -4.43925252e+01  -4.70257407e+01  -3.88575735e+01
  -3.19543525e+01  -2.89190903e+01  -2.37258097e+01  -1.41444079e+01
  -1.07430400e+01  -8.03814126e+00   1.10973981e+00   4.95255216e+00
   1.20260150e+01   1.42575522e+01   1.16632878e+01   1.31670520e+01
   1.67181810e+01   8.95507344e+00   9.85228478e+00   7.75860740e+00
  -2.57340989e-01  -9.69412694e+00  -9.54463616e+00  -1.36296053e+01
  -1.47374720e+01  -1.46046294e+01  -1.46676027e+01  -1.54556266e+01
  -1.04395829e+01  -2.06978244e+01  -3.21980848e+01  -3.82699122e+01
  -4.01517284e+01  -4.13770855e+01  -4.29613298e+01  -4.08071911e+01
  -3.41860532e+01  -2.67347953e+01  -2.12388155e+01  -1.59285972e+01
  -3.47574005e-01   1.02057971e+01   6.15849816e+00  -9.63704349e+00
  -1.82387713e+01  -2.15517674e+01  -1.73803807e+01  -1.13310994e+01
   6.45647171e-01   5.78990821e+00  -4.05130580e+00  -3.99903080e+00
  -1.03256516e+01  -2.15508653e+01  -1.56906516e+01  -1.54819210e+00
   9.58634842e+00   1.43207354e+01   1.44280541e+01   9.51404380e+00
  -2.08735590e+00  -1.21461631e+01  -6.35721447e+00  -8.97712886e+00
  -5.75790923e+00  -3.13240969e+00  -9.63767590e+00  -1.10467512e+01
  -1.04069702e+01  -1.28850304e+00   1.27122347e+01   2.51032323e+01
   2.41818767e+01   1.12890433e+01   1.75099343e+01   2.49000061e+01
   2.55266822e+01   2.82113644e+01   2.40853194e+01   1.41891360e+01
  -2.92851403e-01  -1.44314356e+01  -2.06139162e+01  -2.63040263e+01
  -1.96870260e+01  -1.01126887e+01  -1.25263373e+01  -1.35649947e+01
  -1.94915521e+01],[ -6.75015599e-14  -6.75015599e-14  -1.31127727e+00  -8.85048467e+00
  -1.80219783e+01  -2.18711977e+01  -1.20118818e+01  -1.52394360e+01
  -2.01076197e+01  -1.96785861e+01  -1.63056011e+01  -1.32544781e+01
  -9.65529448e+00  -1.02118056e+01  -1.61022349e+01  -2.09323252e+01
  -1.75984489e+01  -1.36022820e+01  -1.47826102e+01  -1.45296604e+01
  -1.32504484e+01  -1.04266576e+01  -1.42990992e+00   1.93182474e+01
   1.69820439e+01   6.29192303e-01  -1.68658270e+01  -2.90919305e+01
  -3.15840893e+01  -2.79821627e+01  -2.16732950e+01  -1.98754262e+01
  -2.15860453e+01  -1.87095052e+01  -1.78338120e+01  -1.82161162e+01
  -1.56368925e+01  -9.81516559e+00  -6.05305830e+00  -1.16930945e+01
  -1.44108536e+01  -1.49203978e+01  -1.79063632e+01  -2.28859529e+01
  -1.35055466e+01  -2.09228008e+00  -2.14446819e+00  -2.25336944e+01
  -2.57682107e+01  -1.88360947e+01  -1.38546961e+01  -7.35060426e+00
  -7.41727974e+00  -1.06412485e+00  -1.85279919e-01  -5.50044970e-01
  -5.85401328e+00  -1.80050809e+01  -2.81055508e+01  -2.86302047e+01
  -2.70895916e+01  -2.77861104e+01  -2.63094130e+01  -2.59158729e+01
  -2.50144545e+01  -2.42055703e+01  -2.28287681e+01  -2.63644716e+01
  -2.54328498e+01  -2.03663206e+01  -1.94276088e+01  -1.94355852e+01
  -1.94955749e+01  -1.90848053e+01  -2.52230287e+01  -2.91310936e+01
  -2.46898967e+01  -2.60126570e+01  -2.17876301e+01  -1.47144727e+01
  -6.20451770e+00  -1.04910938e+01  -1.07271531e+01  -8.17495816e+00
  -7.92440848e+00  -1.11981523e+01  -1.56232625e+01  -1.28385172e+01
  -2.14479470e+01  -1.36313145e+01  -8.77513819e+00  -1.06903581e+01
  -1.26742075e+01  -9.60086173e+00   3.22182774e+00   3.30458283e+00
   6.51376496e+00   6.83381160e+00   2.73419685e+00   7.03799246e+00
   1.01017380e+01   5.92137811e+00  -3.28729568e-01  -3.12452905e+00
  -8.59335473e+00  -2.38570422e+01  -3.40403288e+01  -3.31067505e+01
  -2.79091191e+01  -1.98196562e+01  -1.59837579e+01  -1.58463250e+01
  -1.41531008e+01  -1.43514598e+01  -1.42968371e+01  -1.10304560e+01
  -8.03935999e+00  -1.04616825e+01  -1.46538191e+01  -1.37242198e+01
  -1.64046211e+01  -1.53220434e+01  -9.85052714e+00  -5.80821702e+00
  -2.50543110e+00  -5.98864311e+00  -8.20172223e+00  -6.43347644e+00
  -2.21943099e+01  -2.23611408e+01  -1.86211353e+01  -1.40336276e+01
  -1.26816695e+01  -1.17865741e+01  -1.08003183e+01  -9.67840079e+00
  -1.01196795e+01  -1.22093713e+01  -1.79464829e+01  -2.59739596e+01
  -2.49342005e+01  -2.00669674e+01  -9.75007752e+00  -8.93871450e+00
  -1.86436483e+01  -1.80973020e+01  -2.27003898e+01  -2.46465709e+01
  -2.32052307e+01  -1.93369544e+01  -1.34816117e+01  -1.23993243e+01
  -1.42911946e+01  -1.88919548e+01  -2.33984770e+01  -2.13785507e+01
  -1.53847699e+01  -1.10792050e+01  -1.03182990e+01  -9.46634148e+00
  -9.12400171e+00  -8.74152613e+00  -1.84484310e+01  -3.12146160e+01
  -3.67330881e+01  -3.90971027e+01  -3.06887065e+01  -1.27088702e+01
  -1.57380964e+01  -1.68565296e+01  -3.34826844e+01  -4.06218554e+01
  -3.76870939e+01  -3.16074798e+01  -3.01621647e+01  -3.20166862e+01
  -3.64059803e+01  -3.89094673e+01  -3.15682208e+01  -1.95672213e+01
  -1.54443047e+01  -1.04646351e+01  -8.13294390e+00  -1.12262966e+01
  -1.09782831e+01  -1.25509725e+01  -1.54773861e+01  -1.26602039e+01
  -9.39872047e+00  -1.18133356e+01  -2.57205057e+01  -3.95584810e+01
  -3.82891434e+01  -2.72414365e+01  -9.57071669e+00  -5.71643068e+00
  -1.06880243e+01  -1.17358365e+01  -8.03002979e+00  -8.78977526e+00
  -1.08120823e+01  -1.52344121e+01  -2.29526693e+01  -2.74888990e+01
  -2.74713480e+01  -2.63070298e+01  -2.48560970e+01  -2.50263297e+01
  -2.79308557e+01  -2.53350333e+01  -2.64804312e+01  -3.00851996e+01
  -2.34715363e+01  -1.20473842e+01  -1.10249370e+01  -4.97303490e+00
   1.76940122e+00  -1.15876413e+01  -1.21441481e+01  -1.40461026e+01
  -2.28824124e+01  -1.52404212e+01  -2.22000799e+01  -2.46011324e+01
  -2.82763806e+01  -2.84696276e+01  -2.89789585e+01  -1.89613088e+01
  -1.57937874e+01  -1.34719933e+01  -1.00632181e+01  -1.90752301e+01
  -2.52398336e+01  -2.39654703e+01  -1.35351481e+01  -1.11922626e+01
  -7.99795352e+00  -1.76652168e+01  -2.77956894e+01  -2.85997166e+01
  -3.55762791e+01  -3.86112597e+01  -2.80814856e+01  -1.71064729e+01
  -2.92241305e+01  -3.27397470e+01  -1.69621289e+01  -7.95601070e+00
  -1.07655413e+01  -1.18509929e+01  -1.25297668e+01  -1.92165433e+01
  -2.97230471e+01  -1.87708618e+01  -1.07633212e+01  -1.22714211e+01
  -1.01124512e+01   2.96542668e+00   1.66802582e+01   2.33454124e+01
   1.87944100e+01],[  4.35207426e-14   4.35207426e-14   7.60362513e-01  -7.32385828e-01
   2.25123712e+00   1.95754864e+00   1.58283966e+00  -5.76010841e+00
  -5.16689212e+00  -2.21239312e+00  -4.83570029e+00  -7.55650417e+00
  -7.75748281e+00  -7.60775910e+00  -7.50676768e+00  -1.31956498e+01
  -1.13996117e+01  -8.88611170e+00  -1.25219063e+01  -1.32269368e+01
  -1.59461387e+01  -1.35058377e+01  -1.20277432e+00   1.09718717e+01
   4.50722512e+00  -4.29613954e+00   9.45787236e-01   9.64232397e+00
   1.45319783e+01   1.41889275e+01   5.44331979e+00   8.01503323e+00
   1.66429409e+01   2.29642032e+01   2.46023585e+01   2.19026281e+01
   2.05743273e+01   1.66035571e+01   1.30209132e+01   6.37213951e+00
   3.07784465e+00   2.37381209e+00   9.22502769e-01  -3.48751982e+00
  -3.30430253e+00  -6.88731549e-01   1.53987077e+00  -1.22125914e+01
  -1.36648354e+01  -1.56968301e+01  -1.71702417e+01  -1.40008121e+01
  -1.17592387e+01  -3.76700850e+00   5.35974199e-01  -2.35498198e+00
   1.74700232e+00  -1.18370238e+01  -2.06466109e+01  -1.67940823e+01
  -1.56275176e+01  -1.51983816e+01  -1.15564786e+01  -1.98208245e+00
   5.35644370e+00  -1.96248937e+00  -7.70316036e+00  -1.30712836e+01
  -1.97258112e+01  -2.43366286e+01  -2.39531471e+01  -2.17323174e+01
  -2.15413767e+01  -1.57789836e+01  -1.06670168e+01  -8.68639815e+00
  -8.58754364e+00  -1.61309500e+01  -1.73826521e+01  -1.74620596e+01
  -1.27743569e+01  -1.16212978e+01  -1.34883917e+01  -1.57670314e+01
  -1.48671702e+01  -1.67620107e+01  -9.77991947e+00   2.40922911e+00
  -2.62691939e+00  -3.09999822e+00   2.38424979e-01  -3.59886202e+00
  -1.09989488e+01  -1.43885008e+01  -5.71117784e+00  -9.78268781e+00
  -6.82632097e+00  -6.89959766e+00  -7.46090399e+00  -1.33900410e+00
   5.89141131e+00   3.95687805e+00  -1.70804782e-01  -1.37428697e+00
  -2.83601172e+00  -1.01582813e+01  -1.34514875e+01  -1.65104289e+01
  -1.98454289e+01  -2.30157193e+01  -2.23723720e+01  -2.50421934e+01
  -2.77779850e+01  -3.27044038e+01  -2.87807799e+01  -2.39739237e+01
  -2.00513626e+01  -1.43545994e+01  -1.71068542e+01  -2.06637721e+01
  -2.57904852e+01  -2.13269093e+01  -1.41218487e+01  -8.20595110e+00
  -2.24096278e+00   1.26413390e+00   6.60708692e-01  -1.79747457e+00
  -1.11517772e+01  -1.26465344e+01  -6.51188364e+00   1.31234930e+00
   3.71401778e+00   5.25662348e+00   6.91486395e+00   8.09155535e+00
   8.03467744e+00   3.94297341e+00  -8.13554732e-01  -2.80478134e+00
   4.11521781e-01   7.58840367e-01  -3.48733549e+00  -3.38066888e+00
  -8.60837150e+00  -1.14041823e+01  -1.25911317e+01  -8.67370180e+00
  -7.60052692e+00  -5.92759858e+00   2.20749666e+00   6.18113925e+00
   4.50784296e+00   2.45411034e+00   1.90713058e+00  -5.41776538e-02
   3.66502245e+00   1.20377687e+01   7.81969611e+00   1.20460226e-01
  -4.75962689e+00  -6.04894563e+00  -9.43659413e+00  -1.74328292e+01
  -1.74673392e+01  -1.31203320e+01  -1.13215748e+01  -6.29586577e+00
   1.94662490e+00   2.68078413e+00   1.95703849e+00  -2.37570788e+00
   6.76045625e-01   6.02862798e+00   8.61798982e+00   1.01476574e+00
  -7.60099691e+00  -1.53983211e+01  -1.34392682e+01  -6.37786060e+00
   8.20511786e-03   2.97223046e+00   3.05002685e+00   1.66805839e+00
  -4.70136559e-01  -6.36485001e+00  -1.05071858e+01  -1.06892934e+01
  -9.28105372e+00  -3.57453115e+00   2.31600091e-01   8.70939662e-02
   4.43067433e+00   1.18444398e+01   2.01999943e+01   1.46090257e+01
   1.58857861e+01   1.52517668e+01   1.32137516e+01   7.57550696e+00
   4.41562274e+00   2.35441079e+00   1.11217529e+01   2.02969312e+01
   2.43545819e+01   1.98115691e+01   8.11112203e+00   2.63277041e+00
  -2.05901347e+00  -1.91364978e+00  -3.31045178e+00  -7.23353047e+00
  -9.87944959e+00  -8.57629831e+00  -9.83507076e+00  -9.52887500e+00
  -7.85834458e+00  -1.75124348e+01  -1.57774835e+01  -1.50091868e+01
  -1.19213459e+01  -3.18652614e-01  -5.75135087e+00  -1.25092710e+01
  -1.97005653e+01  -2.11872752e+01  -2.25560939e+01  -1.45538729e+01
  -1.14731109e+01  -1.25058652e+01  -9.19882631e+00  -1.27622852e+01
  -1.54475612e+01  -1.33239988e+01  -7.42119906e+00  -5.16369041e+00
  -2.84872909e+00  -1.15205159e+01  -1.72966516e+01  -1.08274829e+01
  -7.79549202e+00  -5.33962940e+00  -4.65100484e+00  -2.14265985e+00
  -6.15199119e+00  -5.80624179e+00  -3.38549988e+00  -6.79460009e+00
  -5.18872563e+00   2.43320992e+00   5.65676001e+00   6.36547065e+00
   3.10130616e+00   7.77551379e+00   8.16561786e+00   2.53559266e+00
  -4.72736254e+00  -3.76798568e+00   3.18257497e+00  -4.19157756e+00
  -1.02451176e+01],[ -1.59872116e-14  -1.59872116e-14   6.06739965e-01  -3.27488248e+00
  -9.29655502e+00  -7.74807046e+00  -7.05999861e+00  -1.41419735e+01
  -1.52549912e+01  -1.12996780e+01  -8.84646708e+00  -1.01240551e+01
  -1.24119093e+01  -1.10126842e+01  -7.00800027e+00  -8.51792168e+00
  -8.29093912e+00  -7.02180356e+00  -7.91479351e+00  -1.04420637e+01
  -1.48277880e+01  -1.68101190e+01  -1.17729359e+01  -2.44204937e+01
  -3.72467294e+01  -4.04627993e+01  -3.46241229e+01  -2.95319097e+01
  -3.00914981e+01  -3.10161445e+01  -2.97059235e+01  -2.97283314e+01
  -3.14653547e+01  -2.94135689e+01  -2.83729597e+01  -2.82643217e+01
  -2.92924055e+01  -2.85205250e+01  -1.90030093e+01  -1.06333997e+01
  -3.81543556e+00  -1.35631897e+00  -1.31335035e+00  -6.44811170e+00
  -5.03275041e+00  -3.20488678e+00  -7.01653367e+00  -2.01077248e+01
  -2.81465572e+01  -3.52404990e+01  -3.16261391e+01  -3.02679472e+01
  -2.86876677e+01  -1.14933633e+01   1.69742470e+00  -3.71740081e+00
  -5.02568014e-01  -1.04139141e+01  -2.13637027e+01  -2.92110843e+01
  -3.15779502e+01  -2.60883357e+01  -2.71246482e+01  -2.68298220e+01
  -2.50860234e+01  -1.92656876e+01  -9.74563820e+00  -1.12510366e+01
  -1.93317649e+01  -2.50216782e+01  -2.39534291e+01  -1.78770021e+01
  -1.57946313e+01  -1.94695937e+01  -1.88104517e+01  -1.59442783e+01
  -1.94649296e+01  -2.25179210e+01  -1.72900337e+01  -1.18872853e+01
  -6.71918434e+00  -3.36180140e+00   2.97552952e+00   3.25200455e+00
  -3.22873188e+00  -7.71425427e+00  -6.12667043e+00  -5.00388877e+00
  -1.01593377e+01  -1.03055175e+01  -6.28568174e+00  -7.75337872e+00
  -1.13023670e+01  -1.67905600e+01  -1.04692819e+01  -1.96854622e+01
  -3.12227974e+01  -4.20215416e+01  -4.95675799e+01  -5.20782060e+01
  -4.69131670e+01  -4.14729047e+01  -3.34995487e+01  -3.06614392e+01
  -3.43266131e+01  -3.92175190e+01  -3.44228541e+01  -3.15735395e+01
  -3.06126363e+01  -2.91128714e+01  -2.04311691e+01  -9.89094208e+00
  -7.72335225e+00  -1.38393108e+01  -1.60282923e+01  -9.74785744e+00
  -6.80990801e+00  -1.25372852e+01  -1.29681870e+01  -1.62346722e+01
  -2.41455893e+01  -2.88028896e+01  -3.92616223e+01  -4.70507374e+01
  -4.44138784e+01  -3.08888460e+01  -1.60033796e+01  -2.03485908e+01
  -2.75735497e+01  -2.78470343e+01  -2.05731870e+01  -1.35994997e+01
  -9.23593818e+00  -7.02121283e+00  -4.94818284e+00  -5.11165509e+00
  -2.70430820e+00  -9.64684046e+00  -1.48524911e+01  -1.19552822e+01
  -5.20422228e+00  -3.74733834e+00  -4.45038284e+00  -4.03260853e-01
  -3.94534918e+00  -4.45374719e+00  -1.03913424e+00  -1.61130851e+00
  -7.67499109e+00  -8.08442212e+00  -5.15432365e-01  -5.35220247e-01
  -1.51624617e+00  -4.86250669e+00  -3.67594453e-01  -4.64576624e+00
  -2.08746925e+00   3.67357584e+00   3.45809564e+00   4.66447044e+00
   6.13236866e+00   3.90247611e+00  -4.49174190e+00  -1.75507910e+01
  -3.09104338e+01  -3.49874386e+01  -3.19375108e+01  -2.46044371e+01
  -1.47988166e+01  -1.54486298e+01  -2.36576356e+01  -2.59872863e+01
  -2.66299143e+01  -2.45135423e+01  -2.39494572e+01  -2.61687695e+01
  -2.46520165e+01  -3.49087135e+01  -4.69540347e+01  -4.90904735e+01
  -4.05407180e+01  -2.99174163e+01  -2.22359385e+01  -1.23766917e+01
  -8.84455747e+00  -1.18583623e+01  -1.43003153e+01  -1.24382089e+01
  -9.66691903e+00  -6.08916154e+00  -1.29800034e+01  -1.08019716e+01
  -6.09014147e+00  -1.03445244e+01  -1.61218653e+01  -2.81250226e+01
  -3.14198428e+01  -3.35049475e+01  -3.16527565e+01  -3.17647259e+01
  -2.30192175e+01  -2.35469791e+01  -2.47664604e+01  -2.88717405e+01
  -2.74947675e+01  -2.64117536e+01  -3.34311139e+01  -3.69005444e+01
  -3.85062214e+01  -3.70484603e+01  -3.77617315e+01  -3.54110922e+01
  -2.15486845e+01  -1.54551188e+01  -1.81121158e+01  -2.12148723e+01
  -2.25825867e+01  -2.26837291e+01  -1.71721504e+01  -1.77962305e+01
  -1.82623259e+01  -1.65499858e+01  -2.51648729e+01  -3.21348446e+01
  -3.35967200e+01  -3.11853745e+01  -3.03318586e+01  -2.69319600e+01
  -2.50265377e+01  -2.09553143e+01  -1.43193282e+01  -9.41374135e+00
  -8.79360345e+00  -5.55541660e-01   6.28809668e+00   1.09685513e+01
   1.44945879e+01   6.48439506e+00  -7.18154632e+00  -6.46524716e+00
  -6.12161523e+00  -5.21703809e+00  -1.10132982e+01  -1.10520924e+01
  -7.62104973e+00  -9.83214271e+00  -1.23144054e+01  -1.18003245e+01
  -9.83057967e+00  -8.43265602e+00  -8.63147129e+00  -1.26039235e+01
  -1.29414921e+01  -1.55152159e+01  -1.61838238e+01  -1.34935814e+01
  -6.49838482e+00  -1.70903924e+00   6.88472887e+00   8.52784791e+00
   8.32151883e+00],[  2.75335310e-14   2.75335310e-14  -6.52947907e-01   9.16023545e+00
   1.70710639e+01   1.25468729e+01  -9.21987023e-01  -5.02060469e+00
  -8.27910850e+00  -4.44129635e+00  -1.45033820e+00  -2.09105882e+00
  -2.13928340e+00  -1.69823454e+00  -1.35450757e+00   5.50638348e-01
  -1.99272375e+00  -2.50832551e+00  -5.04783718e+00  -1.09553955e+01
  -8.63183815e+00  -1.18298299e+00   5.28133859e+00  -2.57555120e+00
  -9.28102514e+00  -2.06428856e+00   7.23501351e+00   6.94356167e+00
   9.12867595e+00   7.62017880e+00   2.57763416e+00   8.19566895e+00
   4.97937554e+00   4.01514573e+00  -3.73344595e-01  -2.26091653e+00
   4.50532128e-01   1.45172885e+00  -1.89790390e+00  -1.14638971e+00
  -2.41935074e+00  -5.92917926e+00  -1.05034514e+01  -9.97230226e+00
  -4.38637242e+00  -3.90062629e+00  -2.84983245e+00  -1.35471423e+01
  -1.99951456e+01  -1.44283062e+01  -7.73944574e+00  -1.17401407e+01
  -1.41177399e+01  -4.29579798e+00   2.75168460e+00   4.65873679e+00
   1.10740833e+01  -5.03935823e+00  -7.41545756e+00  -3.11150358e+00
  -1.79721081e+00   1.30573067e+00  -1.94079013e+00  -4.76822785e+00
  -1.10501102e+01  -1.39655440e+01  -2.59235209e+00   4.33087341e+00
   4.51314900e+00   5.61227668e+00   3.72112011e+00   1.36115909e+00
  -1.45511144e+00  -5.68166351e+00  -7.66111344e+00  -4.99727830e+00
  -5.30207319e+00  -4.94343341e+00  -5.66687774e+00  -8.39976443e+00
  -7.47366205e+00  -1.09942405e+00   4.94348706e+00  -7.56697082e-01
  -9.09833904e+00  -7.62140984e+00  -6.10658641e-01  -1.00085224e+00
  -5.18256553e+00  -2.51223345e+00   1.77601518e+00  -9.79647687e-01
  -2.19287026e+00  -6.67277008e+00   2.59917116e-01  -9.54840523e+00
  -1.44115620e+01  -1.91126729e+01  -2.15956116e+01  -2.03809680e+01
  -1.81675947e+01  -1.39960221e+01  -6.68411267e+00  -6.21115007e+00
  -1.34981876e+01  -1.49636170e+01  -8.03956342e+00  -6.44680131e+00
  -8.13401509e+00  -5.98147385e+00  -5.74239435e+00  -5.78287014e+00
  -4.65025634e+00  -8.32896071e+00  -1.29860093e+01  -1.27094603e+01
  -5.33636193e+00  -1.18643468e+01  -5.74633046e+00  -4.41217174e+00
  -5.84431263e+00  -9.87337543e+00  -1.84000992e+01  -2.64138917e+01
  -2.48708095e+01  -1.22143091e+01  -5.42682726e+00  -9.74838206e+00
  -1.57972308e+01  -6.61539329e+00   4.82260880e+00   9.01577010e+00
   9.62720558e+00   8.34038615e+00   6.81279190e+00   4.85049709e+00
   5.93784761e+00   3.15444368e+00  -3.27590712e-01   1.84819463e+00
   1.51257745e+00   3.58937865e+00   1.21953805e+01   2.28662990e+01
   2.01222781e+01   1.37538023e+01   1.06258573e+01   7.87546141e+00
   7.65112923e+00   7.46823599e+00   9.94279883e+00   6.04999498e+00
   6.10045131e+00   3.01939576e-01   2.71602264e+00   1.50437151e+00
   1.61960312e+00  -7.14103810e-01   1.01150107e+00   7.35556280e+00
   9.65240053e+00   6.50061139e+00   3.33212340e+00  -2.51768577e+00
  -8.98122396e+00  -1.21870565e+01  -6.97921513e+00  -6.70879154e+00
  -7.63279884e+00  -3.63528611e+00  -3.04925395e+00   9.15019979e-01
   1.76084300e+00  -4.25878195e+00  -7.31473421e+00  -3.84142315e-01
   8.60510810e+00   1.00608233e+01   7.80042501e+00   3.01118451e-01
  -4.95793087e+00  -2.52846646e+00   2.12208017e+00   1.92583497e+00
  -3.34636750e+00  -1.16138843e+01  -1.34459772e+01  -1.17756652e+01
  -1.16377317e+01  -8.54922193e+00  -1.31854389e+01  -7.56337749e+00
  -3.88790118e+00  -3.65670091e+00  -4.63812879e+00  -7.26490330e+00
  -1.60627798e+01  -2.36596856e+01  -2.56062923e+01  -2.38283544e+01
  -1.68875053e+01  -1.20832718e+01  -1.84376913e+01  -2.86667157e+01
  -2.96308517e+01  -2.49544204e+01  -1.65595591e+01  -5.21387542e+00
  -1.75439684e+00   2.36100276e+00   2.43599796e+00   4.79769044e+00
   9.39308470e+00   1.43999257e+01   1.67981278e+01   1.40537222e+01
   1.26523561e+01   6.35065984e+00   3.22772713e+00  -1.83350070e+00
   1.56247033e-01  -8.93630340e+00  -1.96671091e+01  -1.92955351e+01
  -1.27048393e+01  -1.72495157e-01   4.23063496e-01  -6.06420983e+00
  -4.96176771e+00   2.16830105e+00   5.89165986e+00   5.97244874e+00
   4.68037154e+00   8.71312482e+00   1.55473620e+01   2.10534902e+01
   1.63147594e+01   7.09055260e+00  -7.34886612e+00  -1.11175251e+01
  -1.19326159e+01  -9.03803215e+00  -9.46636439e+00   2.69710861e+00
   1.44143895e+01   1.57189317e+01   1.20942541e+01   1.17986408e+01
   8.81661483e+00   2.83034469e+00   5.76328597e+00   2.50615779e+00
  -7.67783611e+00  -1.46661243e+01  -1.76220010e+01  -1.75947020e+01
  -1.37047850e+01  -1.23869411e+01  -2.61472751e+00  -5.10141041e+00
  -1.00262469e+01],[  8.88178420e-15   8.88178420e-15  -8.75384919e-01   1.03363145e+01
   1.65888203e+01   1.66719162e+01   8.03697126e+00   5.72264484e+00
   1.66030854e+00   7.60621342e+00   7.10264368e+00   5.77668359e+00
   6.33047945e+00   5.54217495e+00   8.50233717e-01   5.08676620e+00
   6.41718035e+00   5.02204088e+00  -7.77638061e-01  -6.46777024e+00
  -5.81583528e+00   2.15876931e+00  -3.57194625e+00  -1.39727683e+01
  -1.24535611e+01   9.18577664e-01   1.15228535e+01   1.11650196e+01
   9.57019460e+00   6.73531647e+00  -3.28572894e-01   5.14073247e+00
   2.57710569e+00  -3.36331750e+00  -1.06155446e+01  -1.12459105e+01
  -1.03029921e+01  -8.24122349e+00  -8.43791294e+00  -2.05579553e+00
   7.89133991e-01  -3.71587194e-01  -2.41168863e+00  -2.07545010e+00
  -8.09205709e+00  -7.39991677e+00   4.47956304e+00  -3.10797701e+00
  -8.05878985e+00  -1.20859406e+01  -1.72792491e+01  -1.88502536e+01
  -1.60344141e+01  -6.65348876e+00  -3.38105435e+00  -3.77434536e+00
   8.83928206e-01  -1.41852100e+01  -2.18055536e+01  -2.64227815e+01
  -2.65217718e+01  -2.31931979e+01  -2.71073966e+01  -2.57775611e+01
  -2.21330947e+01  -2.69149758e+01  -2.00181582e+01  -1.69039063e+01
  -1.60787981e+01  -1.03861682e+01  -9.00008459e+00  -1.08915197e+01
  -9.06059841e+00  -7.22747541e+00  -1.09330863e+01  -1.06406730e+01
  -9.60456467e+00  -1.46669206e+01  -1.85095191e+01  -1.73282181e+01
  -1.81131066e+01  -8.93828562e+00  -6.36675596e+00  -1.10461011e+01
  -1.01249988e+01  -9.94375277e+00  -1.20423569e+00   4.57412140e+00
   3.57265840e+00   1.58800226e+00   1.34033260e+00   3.60905673e-01
  -3.01428683e+00  -8.75357572e+00  -6.15642981e+00  -1.47494948e+01
  -1.03255220e+01  -7.17226938e-01   4.12973788e+00   7.02717899e-01
  -4.54021925e+00  -3.74713006e+00   3.31089660e+00   4.21196592e+00
  -4.96255483e+00  -9.67683061e+00  -1.97874397e+00  -4.16081137e+00
  -7.10948110e+00  -7.54670250e+00  -1.10144227e+01  -8.58455924e+00
  -5.21546691e+00  -6.63317301e+00  -1.00423415e+01  -1.10733648e+01
  -4.95579577e+00  -1.05654963e+01  -3.84095832e+00  -4.09781903e+00
  -6.74799245e+00  -5.22771287e+00  -3.75513721e+00  -5.51582114e+00
  -1.32760637e+01  -1.69001526e+01  -1.13437236e+01   6.58835226e-01
   5.20601546e+00   1.15409221e+01   1.83417567e+01   1.81375914e+01
   1.49833640e+01   1.43149151e+01   1.55748923e+01   1.73206737e+01
   2.03004993e+01   1.68937424e+01   1.99692684e+01   2.41794464e+01
   2.64979890e+01   1.57296052e+01   8.10625322e+00   1.91246819e+01
   2.22121254e+01   1.83017642e+01   1.35859548e+01   6.55363244e+00
   3.84052745e+00  -2.77008249e+00  -4.65807580e+00  -6.06260354e+00
  -6.26744292e+00  -8.56620521e+00  -7.64780763e+00  -2.29179449e+00
  -3.14295279e+00  -7.50139783e+00  -1.86178993e+00  -2.66932127e-01
  -4.09593534e+00  -6.04324799e+00  -2.14605290e+00  -9.77128995e+00
  -1.12496322e+01  -1.01414749e+01  -7.07725780e+00  -8.70195947e+00
  -1.02557059e+01  -9.57410283e+00  -8.23893650e+00  -8.44273837e+00
  -9.68561575e+00  -1.40454345e+01  -1.63326987e+01  -1.56745218e+01
  -1.59490002e+01  -1.10865074e+01  -3.82408437e+00  -3.25760912e+00
  -9.57662171e+00  -1.11320140e+01  -4.36329994e+00  -1.19626675e+00
  -9.62093806e-01  -4.77275657e+00  -6.70225058e-01  -4.09884934e-01
  -9.94916219e-01  -3.78030806e+00  -8.82165586e-01  -3.56103696e+00
  -1.10072011e+01  -1.24520180e+01  -6.04298571e+00  -1.65894703e+00
  -1.05912026e+00  -1.10979370e+01  -1.59079940e+01  -1.07694221e+01
  -8.09172422e+00  -1.07860968e+01  -1.48908753e+01  -1.37716257e+01
  -1.11198662e+01  -1.66095915e+01  -1.56376152e+01  -6.61703440e+00
  -1.24723968e+00   3.85736876e-01   2.82014599e+00   4.80566879e+00
  -2.28794733e+00  -4.41840902e+00  -4.31433439e+00  -3.90796972e+00
   2.07183042e+00   2.82764977e+00  -6.01841546e-02  -5.56249667e+00
  -1.66586141e+00  -5.24586704e+00  -8.14551476e+00   5.07708240e+00
   1.04722212e+01   6.13929529e+00  -3.48867555e+00  -1.95222185e+01
  -1.87120700e+01  -1.41968913e+01  -9.30218428e+00  -1.44360853e+01
  -1.35486387e+01  -1.05643458e+01  -5.28173261e+00  -4.66192599e+00
  -1.53196447e+01  -1.86263838e+01  -2.55482619e+01  -2.99220822e+01
  -2.72564482e+01  -2.15636715e+01  -1.56938494e+01  -5.12107872e+00
   3.77851990e+00   7.99226553e-01  -4.35239140e+00  -6.00904419e+00
  -6.38243932e+00  -7.93420960e+00  -9.82754888e+00  -1.80211281e+01
  -2.71605221e+01  -2.30590201e+01  -1.46024844e+01  -2.05189983e+01
  -2.18382761e+01  -1.24623054e+01  -3.87827624e+00  -4.64046977e+00
  -4.77829683e+00],[  8.70414851e-14   8.70414851e-14  -1.52451012e+00   2.58265654e+00
  -2.51351276e+00  -2.27937298e+00  -5.23972410e+00  -4.52232034e+00
  -7.66916790e+00  -5.80001920e+00  -6.26687209e+00  -9.08172052e+00
  -8.06924469e+00  -8.69839080e+00  -9.50191502e+00  -3.56677819e+00
   2.05189955e-01  -1.47260297e+00  -2.83178999e-01   2.78646340e-01
   6.97480013e-01   4.26760300e+00  -4.51262173e+00  -1.37103902e+01
  -5.02999476e+00   5.62853445e+00   3.15096368e-01  -8.84429966e+00
  -1.30865848e+01  -1.43282519e+01  -9.92858982e+00  -1.45790069e+01
  -1.38482726e+01  -9.33014755e+00  -6.80133144e+00  -4.80944118e+00
  -3.21153388e+00  -1.17014749e+00  -9.90541490e-01   5.44954605e+00
   7.24314362e+00   9.89967791e+00   1.08383337e+01   8.22699148e+00
   1.91820755e+00   1.62153418e-01   6.13166989e+00   4.87875153e+00
   7.93983722e+00   1.02384567e+01   9.26447312e+00   6.86235536e+00
   4.22289347e+00   6.99498504e+00   1.12338676e+01   6.12159042e+00
   3.78013595e+00   1.68313579e+00   1.58846581e+00  -6.33088590e+00
  -5.77309443e+00  -3.84967513e+00  -5.47377708e+00  -1.26568164e+01
  -1.68201549e+01  -1.86000403e+01  -1.42723021e+01  -1.56092635e+01
  -1.34768603e+01   3.95245992e-01   1.28542567e+01   1.43936776e+01
   1.73225926e+01   2.24192951e+01   1.30927387e+01   2.24820094e+00
   2.93727290e+00   3.52695903e+00   4.00288658e+00   3.81705174e+00
   6.84701481e+00   1.48346838e+01   1.56037055e+01   1.35512081e+01
   1.52411952e+01   1.05427376e+01   1.16281407e+01   1.16538261e+01
   6.94927055e+00   8.57190156e+00   1.38906481e+01   1.63118156e+01
   1.33590193e+01   1.34578741e+01   1.56765837e+01   1.33501935e+01
   6.70362969e+00   3.03979337e+00   2.76839177e+00  -1.76431989e+00
  -8.96914724e+00  -1.52560865e+01  -1.12171611e+01  -1.18312707e+01
  -1.68982055e+01  -1.59883432e+01  -8.27213290e+00  -7.71549782e+00
  -6.31991937e+00  -9.78565609e-01  -2.10173170e+00   6.33144281e-01
  -2.85706466e+00  -5.59770573e-02  -1.81667347e+00   1.09455684e+00
  -5.05763930e-01  -3.12890239e-01   8.50135193e+00   3.85013520e+00
  -1.29502536e+00   2.59772599e+00   4.63610751e+00   6.64772980e+00
   5.01234421e+00   7.39929487e-01   2.69201860e+00   1.20437618e+01
   1.42899948e+01   1.45011004e+01   1.63137397e+01   1.71555108e+01
   1.81530525e+01   1.62896581e+01   1.42233724e+01   1.26292854e+01
   1.17848056e+01   7.16798825e+00   6.31462485e+00   4.37640099e+00
   8.23576483e+00   1.01956261e+01   6.47301952e+00   1.54644525e+01
   2.42356227e+01   2.05258538e+01   1.88853063e+01   1.49367480e+01
   9.59900894e+00   4.38309870e+00  -1.07041865e+00   4.94773047e-01
   5.91452554e+00   5.76260324e+00   4.52354827e+00   9.03917487e+00
   4.75261056e+00  -2.63787487e+00   3.72996288e+00   8.99862849e+00
   5.30276601e+00  -4.00787792e-02   5.20894729e+00   2.21778205e+00
  -8.82058459e+00  -1.12074444e+01  -8.94791466e+00  -4.04665937e+00
  -4.12901166e+00  -8.47904613e+00  -1.29046714e+01  -1.11342110e+01
  -7.69944772e+00  -7.14387578e+00  -6.95856299e+00  -1.00661312e+01
  -1.51778831e+01  -1.73449526e+01  -1.01708834e+01  -9.70524147e+00
  -1.85216294e+01  -1.96483869e+01  -1.32400741e+01  -6.66527020e+00
  -5.20103635e+00  -7.28622742e+00  -3.73146992e+00  -3.30033995e+00
  -3.18501804e+00  -4.85971737e+00  -8.59775572e+00  -1.23832335e+01
  -2.10761644e+01  -1.91649453e+01  -1.19453813e+01  -1.36526112e+01
  -1.76301383e+01  -2.21844347e+01  -1.81330060e+01  -1.21068199e+01
  -1.03089536e+01  -1.60674286e+01  -2.70886979e+01  -3.00635131e+01
  -2.70591595e+01  -2.51593377e+01  -2.37632955e+01  -2.71200441e+01
  -2.43762634e+01  -1.68653601e+01  -1.17062183e+01  -6.51710907e+00
  -2.80458134e+00  -3.84939715e+00  -7.90278326e+00  -4.40685654e+00
   1.94823185e+00   1.73655837e+00  -7.03444665e-02  -2.30300560e+00
  -5.29764608e+00  -2.69171440e+00  -3.17617602e-01  -6.03935843e+00
  -7.85148085e+00  -7.52645260e+00  -9.29372412e+00  -7.35531890e+00
  -8.55699408e-01   3.48439308e+00   1.00064442e+01   3.80762811e+00
   8.83888031e+00   1.57052243e+01   1.18566918e+01   3.44044861e+00
  -1.42109758e+00  -2.45170866e+00  -7.51474412e+00  -1.20782167e+01
  -1.58037073e+01  -1.43706293e+01  -9.91764819e+00  -8.90149691e+00
  -7.57532755e+00  -1.03369541e+01  -8.50615174e+00  -6.93649761e+00
  -2.96536953e+00   3.55831807e-01  -2.36048759e+00  -7.91425330e+00
  -8.76205665e+00  -9.89811089e+00  -8.39288407e+00  -9.65361774e+00
  -6.31998845e+00  -5.02709170e-01   4.66371017e+00  -4.12392732e+00
  -3.34393665e+00],[ -6.39488462e-14  -6.39488462e-14  -4.31984991e-01   1.51241380e+01
   1.84754762e+01   1.13480830e+01  -2.89450093e+00  -4.11808104e+00
  -8.08384189e+00  -1.58323121e+01  -2.11992792e+01  -2.08446115e+01
  -1.79731298e+01  -1.44852391e+01  -1.51354424e+01  -1.45274960e+01
  -1.06725277e+01  -8.33805328e+00   8.83827334e-01   3.97409541e+00
   8.12929389e+00   9.27243724e+00  -4.60579027e+00  -6.76430333e+00
   5.80369447e+00   1.37229616e+01   8.29895795e+00   3.91310249e+00
   5.99579019e+00   6.35957898e+00   6.52648472e+00  -1.90549153e+00
   3.00931619e+00   1.29435098e+01   1.94011536e+01   1.73216400e+01
   1.70037564e+01   1.63822798e+01   5.50101231e+00   1.56291169e+00
   4.13744501e+00   8.54449260e+00   1.01020611e+01   1.45541278e+01
   1.50659835e+01   8.69120019e+00   8.90088878e+00   9.67118346e+00
   1.21006431e+01   1.33105539e+01   1.40900461e+01   1.28143743e+01
   1.26855800e+01   5.58054861e+00   2.84657653e+00   1.60103382e+00
  -2.62191147e+00  -1.11583184e+01  -6.83931393e+00   3.98466422e+00
   1.22513285e+01   1.04773932e+01   1.46713756e+01   1.38836049e+01
   1.35491862e+01   9.72918102e+00   2.36756036e+00   4.62117538e+00
   9.34061646e+00   1.31356457e+01   1.61209574e+01   1.85777509e+01
   1.97010395e+01   2.12769497e+01   2.01726044e+01   1.47211648e+01
   1.69594768e+01   1.85013976e+01   1.63624451e+01   6.30866444e+00
   3.49157328e+00   1.18389108e+01   1.74683866e+01   1.58134455e+01
   1.52477908e+01   7.54371934e+00   4.17523534e+00  -5.59450093e+00
  -1.20603392e+01  -2.16212660e+00   4.85533811e+00   6.09603095e+00
   1.31857781e+00   2.01365881e+00   2.38567210e+00  -1.70096229e-01
  -1.14249493e+00  -5.26940076e+00  -6.16231419e+00  -1.00652461e+01
  -1.50558297e+01  -2.45841485e+01  -2.46049852e+01  -2.24456676e+01
  -1.47953780e+01  -1.01935252e+01  -5.02023682e+00  -2.05050876e+00
  -2.26486723e-01   2.03216078e+00  -3.38124867e+00  -4.42167140e+00
  -8.64738488e+00  -1.24630064e+01  -7.42392847e+00  -1.30014599e+00
  -1.04724596e+01  -9.97288290e+00  -2.29854994e+00  -2.12119390e+00
  -7.05574763e+00  -4.51087735e+00  -7.45833598e+00  -6.47322450e+00
  -2.54639428e+00   1.75620578e-01   6.61459955e-01   3.32259193e+00
   2.41848253e+00  -1.08461938e-01   2.98494753e-01   5.51664886e-01
  -1.31036645e-01  -3.03250266e+00  -4.57438794e+00  -6.78790418e+00
  -7.41788868e+00  -4.86725077e+00  -1.48660114e+00  -2.66913214e+00
  -2.49052897e-01   4.27427501e-01  -5.46524909e+00  -3.88684936e+00
   3.41866567e+00   1.22314369e+00   1.81521921e+00  -1.48781479e+00
  -3.64473974e+00   5.63614795e-01   4.66935752e+00   7.42754221e+00
   1.15427539e+01   1.43255016e+01   1.27927778e+01   1.11224517e+01
   3.82209228e+00  -8.11116184e+00  -7.87343322e+00  -1.84860665e+00
  -4.32253085e+00  -1.43368856e+00   4.43902559e+00   6.21775855e+00
   4.89743615e+00   4.84883371e+00   2.83944002e-01  -7.26426476e+00
  -7.24101593e+00  -9.60438035e+00  -1.42435996e+01  -1.29388118e+01
  -6.88600530e+00  -3.86794422e+00   2.21554829e+00   6.07129412e+00
   6.28613384e+00   4.41190408e+00   6.41708863e+00   4.44099730e+00
   5.98445860e+00   4.23074957e+00   2.31029465e+00   8.76717248e-01
   3.36152728e+00   6.60818962e+00   8.39541974e+00   8.74901975e+00
   6.90549986e+00   3.36473538e+00  -5.41346618e-01   2.50387255e+00
   2.67003316e+00   7.05470881e+00   5.63841265e+00   3.37862708e+00
  -3.16627567e+00  -6.98414892e+00  -5.07171839e+00  -4.99720097e+00
  -8.20157983e-01  -2.99011528e-01  -8.21782787e-01   3.34513048e+00
   9.81810277e+00   9.32671636e+00   8.32229923e+00   2.77796785e+00
  -3.63112475e-01   2.08520911e+00   3.94997018e+00   3.77180516e+00
   8.58511396e+00   8.26096204e+00   2.46587250e+00  -3.20277809e+00
  -9.74922885e+00  -8.59506809e+00  -3.92191924e+00  -9.21784360e-01
   1.40792510e+00   5.68636885e+00   1.41381278e+01   6.87645495e+00
   9.13276243e-01  -6.51000093e+00  -6.12699234e+00   3.05513290e+00
   8.20560975e+00   6.88115530e+00   7.78764312e+00   5.71412962e+00
   4.51223620e+00   4.85785179e+00   3.76057341e+00  -3.03391185e+00
  -4.77083844e+00  -1.81538920e+00  -3.39830079e+00   7.96901991e-01
   1.56929869e+00   4.48877818e+00   3.50446883e+00  -5.48718289e-01
  -1.87684446e+00  -9.04202641e+00  -9.94613280e+00  -1.05646166e+01
  -3.08327775e+00   4.63255340e-01  -2.84527548e-01   4.82302408e+00
   7.63041858e+00   1.91482629e+00  -3.04075904e+00   1.00601496e+00
   5.23383562e+00   3.82291889e+00   4.09667018e+00  -1.45520220e+00
   2.19929460e+00],[  2.48689958e-14   2.48689958e-14   2.56550679e-02   5.21653336e+00
  -3.83438302e+00  -7.98744704e+00  -1.54269148e+01  -1.65791146e+01
  -1.94207940e+01  -2.10460634e+01  -2.31646240e+01  -2.08975366e+01
  -2.02821228e+01  -1.39337216e+01  -1.21158691e+01  -1.56499081e+01
  -1.55594242e+01  -1.19771185e+01  -6.13608876e+00  -5.10752182e+00
  -3.60276917e+00  -6.56079546e+00  -2.17498533e+01  -2.03591281e+01
  -1.19222059e+01  -8.05879968e+00  -4.71952353e+00   5.52705700e+00
   8.38616909e+00   5.52298363e+00   1.26778133e+00   3.43758684e+00
   1.32762106e+01   1.81124310e+01   1.98630824e+01   1.38611099e+01
   8.82101973e+00   8.30681493e+00  -1.53270417e+00  -1.21482211e+01
  -1.07332353e+01  -5.24178907e+00  -6.79164765e+00  -4.12102049e+00
  -2.16143727e+00  -4.04978783e+00   1.18565042e+00   1.07264900e-01
  -4.15142602e+00  -1.41083667e+01  -1.72760372e+01  -1.66503824e+01
  -7.92065314e+00  -7.85131467e+00  -9.88684836e+00  -2.97236279e+00
  -2.29415167e+00  -4.79685580e+00  -3.69181079e+00   2.12766893e+00
   5.63654579e+00   1.73822532e+00  -2.86050509e+00  -2.45298332e+00
   1.38339764e+00   5.05247291e+00   2.53527657e+00  -2.75977110e-01
  -5.08414047e+00  -7.17640535e+00  -6.06254509e+00  -1.13611999e+00
   2.73558686e+00   1.04597966e+00   4.31358075e+00   5.78376174e+00
   5.37462643e+00   1.01333045e+01   1.57209984e+01   1.40665217e+01
   8.75901231e+00   1.42126663e+01   1.91349163e+01   1.61190417e+01
   1.50851277e+01   1.00727762e+01   9.45810022e+00   2.52304097e+00
   4.41225135e-01   6.84743854e+00   1.07751457e+01   1.07854558e+01
   7.00585210e+00   2.86660451e+00   1.48042352e-01   9.03433347e-01
   4.19097364e+00   1.14233573e+01   1.18052107e+01   6.39880643e+00
  -1.40545045e+00  -5.93411128e+00  -5.92170919e+00  -8.13196062e+00
  -8.28142905e+00  -1.06334087e+01  -8.11218885e+00  -2.06576939e+00
  -7.61994937e-01   7.63033476e-01   1.23515925e+00   8.02854125e-01
  -1.91088842e+00  -7.90563389e+00   3.63259876e+00   1.58357715e+01
   6.11053706e+00  -1.52804588e+00  -1.59522195e+00   7.02143768e-01
   1.95196011e+00   2.31945515e+00  -1.37323321e+00  -2.16712915e+00
  -1.03545228e+01  -1.30044825e+01  -5.56630894e+00   1.06535146e+00
   6.36532127e+00   8.80679099e+00   8.58330832e+00   3.43985845e+00
  -6.33317716e-01  -2.26466549e+00   2.33619296e+00   4.19940914e+00
   5.36288750e+00   5.87812795e+00   9.16790234e+00   8.43545400e+00
   9.24625459e+00   6.69809354e+00   8.47121741e-02  -1.78827157e+00
   2.23115780e+00  -6.87874656e-01   1.97203708e+00  -2.19804014e+00
  -9.09103305e+00  -2.91303689e+00   2.17691342e+00   6.67083427e+00
   5.42051273e+00   7.43577089e+00   7.67593154e+00   4.06447991e+00
  -1.29224186e+00  -4.39525150e+00  -2.79149572e-01   3.07917808e-01
   4.50283334e-01   3.01430170e+00   2.30570118e+00   1.44962272e+00
   5.60799297e+00   8.18323904e+00  -1.05403229e+00  -1.17141399e+01
  -1.45397902e+01  -1.34578478e+01  -1.04780190e+01  -2.50093961e+00
   2.40143131e+00   1.98091762e-01  -3.83536326e-01  -1.70571973e+00
  -4.29444488e+00  -3.08472495e+00  -4.00032072e+00  -1.98362672e+00
   2.82689666e+00  -9.63395616e-01  -5.56445354e+00  -6.35093543e+00
  -2.43485918e+00   5.09991472e+00   7.55791716e+00   9.78730315e+00
   7.49140866e+00   1.65328036e-01  -1.39585289e+00  -1.00483371e+00
   8.55903439e-01  -8.11772725e-01  -5.84180119e+00  -4.67020990e+00
  -5.30491087e+00  -9.18786969e+00  -6.60924141e+00   5.30724533e-01
   5.37333210e-01  -2.32534931e+00  -1.58878278e+00  -2.72582668e+00
  -2.16695994e+00  -3.52848574e+00  -2.75622403e+00   3.59454800e-01
   7.26028865e-02  -2.98790722e+00  -5.29736385e+00  -8.30313673e+00
  -5.54304931e+00  -2.90802816e+00  -1.49498967e+00  -1.61545700e+00
  -7.54027972e+00  -9.47076194e-01   6.28165152e+00   6.16405314e+00
  -2.66578064e+00  -6.09148787e+00  -9.29470306e-01   8.61944434e+00
   1.21811129e+01   1.15728145e+01   1.27194322e+01   9.09159779e+00
   6.11933682e+00   9.95804129e+00   1.22321561e+01   1.00092136e+01
   8.29871795e+00   8.77804727e+00   1.03266888e+01   1.41951368e+01
   1.12992638e+01   7.08320081e+00  -4.67889823e-01   2.70880141e+00
   2.07787416e+00  -3.06721836e+00  -8.69996955e+00  -1.62056589e+01
  -1.44809031e+01  -1.39424602e+01  -7.71811454e+00  -5.13806449e+00
  -3.44456244e+00  -9.66499939e+00  -1.83463090e+01  -1.59657102e+01
  -1.54476955e+01  -9.49107596e+00  -2.60593925e+00   2.06926679e-01
   1.18545691e+00  -6.62762803e-01  -8.65391431e-01   6.95910526e-02
   6.87476692e+00],[  1.42996726e-13   1.42996726e-13  -6.51590124e-01  -6.66209415e-01
  -1.15281327e+01  -1.59759174e+01  -1.72560743e+01  -1.67425980e+01
  -1.61799274e+01  -9.12370139e+00  -7.66363834e+00  -7.07479543e+00
  -4.77798767e+00  -4.57142811e+00  -2.88106320e+00  -6.48907512e+00
  -8.44187408e+00  -9.01947666e+00  -8.12695439e+00  -4.41300022e+00
  -4.87775269e+00  -1.27298073e+01  -1.40160404e+01  -6.07951737e+00
  -9.35935646e+00  -1.28282076e+01  -1.21841264e+01  -8.48457310e+00
  -6.93736197e+00  -5.88150755e+00  -1.02985659e+01  -3.11428502e+00
   5.42016552e-02  -4.49226493e+00  -8.85146579e+00  -1.32630480e+01
  -1.67088843e+01  -1.49827394e+01  -1.24672846e+01  -1.23197028e+01
  -8.44872175e+00  -3.67272439e+00  -2.96393090e+00  -3.59793503e+00
  -8.90140393e-01  -2.57464576e+00  -4.27315661e-01  -3.02292092e+00
  -6.35112329e+00  -3.44625566e+00  -6.96696532e-01  -8.26869419e+00
  -1.12466549e+01  -8.84606012e+00  -5.61120030e+00  -1.24403892e+00
  -1.68114605e+00   6.54239049e+00   8.71069386e+00   6.67948728e+00
   3.67719655e+00  -5.56482326e-01  -1.05658742e+01  -1.61965709e+01
  -1.54882615e+01  -1.30956113e+01  -9.46818520e+00  -7.45629057e+00
  -8.08532191e+00  -1.10251529e+01  -7.18235547e+00  -3.16484977e+00
  -3.94068465e+00  -3.34140757e+00  -6.20146047e+00  -6.16602370e+00
  -4.98275335e+00  -4.93016730e+00  -2.05994657e-01   2.82405353e+00
  -1.70169641e+00  -3.28234831e-01  -1.00529763e+00  -8.79242922e+00
  -7.61824179e+00  -5.13316766e+00   9.78834222e-01  -4.16250077e+00
  -7.11212737e+00  -6.14872561e+00  -8.44384857e+00  -6.21738869e+00
  -4.73568471e+00  -6.23159937e+00  -1.29351872e+01  -1.17035474e+01
  -1.30399209e+01  -1.18159498e+01  -9.88965193e+00  -2.93779396e+00
  -3.62294809e+00  -9.78768642e-01   4.30459080e-01   9.09627794e-01
  -1.01941685e+01  -1.50648637e+01  -1.22660788e+01  -6.66957799e+00
  -7.43116903e+00  -7.72248092e+00  -8.01926893e+00  -7.57748942e+00
  -1.17841572e+01  -1.91704687e+01  -1.43692346e+01  -4.15663104e+00
  -7.22409250e+00  -1.54328469e+01  -1.41125511e+01  -1.24470390e+01
  -9.59505819e+00  -8.76828352e+00  -7.45100972e+00  -3.06670948e+00
  -8.81766087e+00  -1.35924067e+01  -8.79855863e+00  -8.43734266e+00
  -8.04173184e+00  -7.35986860e+00  -1.29958111e+01  -1.82137415e+01
  -1.14859939e+01  -1.31987200e+01  -1.46063776e+01  -1.89127203e+01
  -2.03256283e+01  -1.51383505e+01  -1.22074663e+01  -1.13802956e+01
  -9.20788577e+00  -4.42161308e+00  -6.81481678e+00  -1.01233356e+01
  -5.89548538e+00  -4.27436987e+00  -2.81701797e+00  -3.99067285e+00
  -3.71311713e+00  -5.94167392e+00  -9.36898746e+00  -7.42723125e+00
  -1.10763930e+01  -1.22560129e+01  -1.42951406e+01  -9.72162392e+00
  -8.23506283e+00  -6.27100999e+00  -6.90302267e-01  -6.70995969e+00
  -5.04656929e+00  -1.75096714e+00   4.49977509e-01   3.56147767e+00
   3.87436066e-01  -1.38150559e+00  -9.53737949e+00  -1.55119909e+01
  -2.08392022e+01  -1.74844543e+01  -5.52825259e+00  -4.40361454e-01
   1.66152213e+00  -6.08972292e+00  -6.33056154e+00  -3.87413162e+00
  -2.05448360e+00   1.49391185e+00   2.41558025e+00   4.64580993e+00
   1.55958621e+00  -2.36141941e-01  -1.27159851e+00  -2.23629223e-01
   4.50256991e+00   7.65400091e+00   7.38758052e+00   8.17763364e+00
   8.68209798e+00   3.80680915e+00  -1.89114496e+00  -6.79248158e+00
  -9.34275469e+00  -1.19613390e+01  -1.37700614e+01  -1.29852617e+01
  -1.42597522e+01  -1.72384631e+01  -1.48634335e+01  -1.06375780e+01
  -1.48890343e+01  -1.39430184e+01  -1.31084991e+01  -2.06624499e+01
  -2.21642478e+01  -1.95210755e+01  -1.83302523e+01  -1.14894623e+01
  -8.26901536e+00  -4.34031298e+00  -5.43314837e+00  -5.93359338e+00
  -1.07407419e+01  -1.44634769e+01  -9.60748605e+00  -1.47289550e+01
  -1.45598809e+01  -7.45985943e+00  -3.50456826e+00   2.15295209e-01
   1.30228801e+00  -3.22526598e+00  -5.84908139e+00  -6.95231056e+00
  -5.74986517e+00  -2.26407115e-01   1.99831132e+00  -1.08689820e+00
  -5.98734843e+00  -2.65448932e+00  -3.49448485e+00  -9.83294705e+00
  -1.19350767e+01  -1.22746107e+01  -1.46982315e+01  -1.28926420e+01
  -8.95588794e+00  -1.10635889e+01  -1.25699562e+01  -1.72884043e+01
  -1.89557198e+01  -1.65020493e+01  -1.10437856e+01  -9.48710058e+00
  -5.61390758e+00  -6.54461522e+00  -3.33139295e+00  -5.33106905e+00
  -2.64087638e+00  -3.46727673e+00  -7.71632408e+00  -6.51108339e+00
  -1.22905993e+01  -1.46479379e+01  -1.79841243e+01  -2.15565147e+01
  -2.20361049e+01  -1.82840393e+01  -1.31950888e+01  -1.24751986e+01
  -8.35413996e+00],[ -7.54951657e-14  -7.54951657e-14  -5.36661317e-01   9.15140147e+00
   8.05303995e+00   6.77884713e+00   2.57004633e+00  -1.15405678e+00
  -1.47684460e+00   7.65289220e+00   8.69247710e+00   9.50155672e+00
   1.07021054e+01   4.02678311e+00  -5.64939998e-01  -7.65787377e+00
  -1.02160096e+01  -9.98093462e+00  -7.12245951e+00  -5.19177890e+00
  -7.87212170e+00  -1.37690741e+01  -5.42727486e+00   1.55929302e+00
  -1.66621183e-01   4.30533348e+00   8.29231684e+00  -1.52709299e+00
  -7.64560884e+00  -5.45275005e+00  -3.92693467e+00  -6.95249765e+00
  -1.02187964e+01  -1.36360494e+01  -1.36921824e+01  -1.07235949e+01
  -1.02540093e+01  -1.05229864e+01  -7.35691647e+00  -8.40990715e+00
  -6.04091186e+00  -7.22125104e+00  -8.69683400e+00  -7.01649425e+00
  -6.24012131e+00  -9.71341228e+00  -8.22704802e+00  -7.26044580e-02
  -1.22398373e+00   2.21255085e+00   9.13394203e+00   5.22260280e+00
  -3.61786175e+00  -2.62132732e+00  -1.39807301e+00  -1.15286422e+00
  -6.67711155e+00  -2.87883824e+00   7.11989433e+00   1.16387556e+01
   9.76763965e+00   5.57171911e+00   1.51883711e-01  -3.24518618e-01
   2.49485807e+00  -3.64922077e+00  -7.21635294e+00  -1.60565460e+00
   6.30277191e+00   5.68539684e-01  -3.27455083e+00  -2.00966352e+00
  -4.07348992e+00  -6.52425097e+00  -1.20510021e+01  -1.63141338e+01
  -1.37461672e+01  -1.25677440e+01  -7.09325858e+00  -5.37099373e+00
  -1.02738839e+01  -6.93379345e+00  -8.33301351e-01  -1.00839800e+01
  -9.22008403e+00  -9.59517797e+00  -7.70019293e+00  -1.03985168e+01
  -1.05731131e+01  -1.26937866e+01  -1.79915682e+01  -1.37285720e+01
  -9.65680789e+00  -8.95338119e+00  -1.21717127e+01  -1.46882993e+01
  -1.82776720e+01  -2.13707241e+01  -2.69892842e+01  -2.27138414e+01
  -1.89942997e+01  -1.71953058e+01  -1.77784951e+01  -1.80114830e+01
  -2.35980328e+01  -1.69548599e+01  -7.99143522e+00   2.61358578e-01
   1.07047092e+00  -2.03596544e+00  -2.69662901e+00   4.54586075e+00
   5.96557463e+00   1.03309566e+00   5.11342813e+00   7.02828142e+00
   6.69751529e+00  -6.26079155e-01   3.52974502e+00   3.88804979e-01
  -5.51108242e+00  -7.30943842e+00  -6.61921029e+00  -1.87769905e+00
  -7.24099899e+00  -1.51545124e+01  -1.30386730e+01  -9.01619148e+00
  -6.08217171e+00  -1.03168016e+01  -1.67156916e+01  -2.37332089e+01
  -2.34274807e+01  -2.58047812e+01  -2.78409702e+01  -2.99148528e+01
  -2.82391737e+01  -2.25353838e+01  -1.96775875e+01  -1.50638181e+01
  -7.59374884e+00  -6.04921215e+00  -8.59809827e+00  -9.72135153e+00
  -6.18814165e+00   8.75079132e-01  -1.05828711e+00  -3.66250223e+00
  -3.36757931e-01  -4.30506629e+00  -6.77991741e+00  -3.14898704e+00
  -7.43401506e+00  -7.13476037e+00  -8.55756428e+00  -6.96378089e+00
  -8.80731967e+00  -1.00751052e+01  -1.62154836e+00  -6.50588322e+00
  -5.97874056e+00  -4.20203168e+00   2.61149690e-01   4.88447536e+00
   7.22677939e+00   8.64583087e+00   8.44283977e-01  -5.10512128e+00
  -9.76383952e+00  -1.05906088e+01  -5.65600260e-01  -4.00535598e+00
  -6.09659165e+00  -6.95776027e+00  -3.54372071e+00  -1.12823588e+00
  -2.30126029e-01   1.30427811e+00  -6.52091620e+00  -1.08337609e+01
  -1.30293935e+01  -6.76891956e+00  -7.49857110e+00  -8.87528241e+00
  -5.12418059e+00  -3.86914317e+00  -2.79184057e+00  -1.73971581e+00
   1.02276920e+00   3.25689011e+00  -6.49488194e+00  -1.48584574e+01
  -1.98186262e+01  -2.08382935e+01  -1.92337799e+01  -1.84328840e+01
  -1.70929251e+01  -1.74601267e+01  -1.98881630e+01  -2.17514190e+01
  -1.78470277e+01  -1.44679057e+01  -1.44880089e+01  -1.35258496e+01
  -1.06334800e+01  -1.26379685e+01  -1.71780622e+01  -1.34899363e+01
  -9.80475322e+00  -3.34210332e+00  -7.37864505e-01  -2.66364939e+00
  -3.51077254e+00  -2.60459631e+00   2.01107878e+00  -1.80307654e+00
   4.37688662e-01   8.53631780e+00   6.38119424e+00   1.80150942e+00
  -3.43482579e+00  -2.68074067e+00  -6.02586580e+00  -9.11483351e+00
  -4.45042444e+00  -3.96978803e+00  -4.26342851e+00   3.07555553e+00
   3.33366132e+00   3.22847472e+00   4.67045716e+00  -2.06880691e+00
  -7.88968078e+00  -5.24009231e+00  -2.61001512e+00  -3.08062629e+00
   2.12918503e+00   2.45668116e+00  -8.97518934e-01  -1.01729849e+01
  -1.73567088e+01  -1.99826234e+01  -1.40092210e+01  -7.76792082e+00
  -6.48460969e+00  -6.51464676e+00  -1.88925441e+00  -4.97410438e+00
   2.15453031e+00   3.01867102e+00  -3.67391435e+00  -5.83466890e+00
  -1.14187685e+01  -1.60258884e+01  -2.01117923e+01  -2.16317094e+01
  -1.87367690e+01  -1.23548370e+01  -9.15566450e+00  -7.05920992e+00
  -6.11559234e+00],[ -7.01660952e-14  -7.01660952e-14  -3.40949943e-01   1.47822292e+00
  -2.30929467e+00  -1.88431388e+00   1.47832411e-01   1.01952544e+00
  -1.33418789e+00   6.10917401e+00   1.69319703e+01   2.23742678e+01
   2.01956166e+01   1.37807976e+01   5.32510341e+00  -2.25920204e+00
  -4.19100733e+00  -4.53497289e+00  -2.28406059e+00  -3.21233770e+00
  -4.19506719e+00  -2.97120523e-01   1.13878715e+01   9.66456843e+00
   9.80638006e+00   9.22662833e+00   1.33401251e+01   1.21150666e+01
   7.81168580e+00   5.79579145e+00   5.14033682e+00  -2.36604855e+00
   1.44892726e+00   4.65731701e+00   7.13223583e+00   9.14569790e+00
   8.46889709e+00   5.71885500e+00   3.01615007e+00   1.65814344e+00
   2.11114677e+00  -1.95725694e+00  -3.38468127e+00  -7.80247418e+00
  -6.91298847e+00  -7.04910025e+00  -7.85135780e+00  -2.93971660e+00
   2.85871005e+00   3.90165012e+00   6.90795217e+00   6.23345120e+00
   4.61082075e+00   3.85662284e+00   6.15765116e-01   4.36933576e+00
  -2.57668156e-01  -5.56386027e-01   1.95251745e+00   1.71524469e+00
  -1.28957658e+00  -3.83080141e+00  -7.21550141e+00  -5.43726653e+00
  -2.40300607e+00  -5.57666552e+00  -7.44516142e+00  -4.74211485e-01
   8.82017183e+00   8.31668393e+00   8.48300920e+00   6.43133320e+00
   6.03709703e+00   4.95807708e+00   3.91683116e+00   1.68951027e-01
   5.59878273e+00   7.53245014e+00   5.55875862e+00   1.21887354e+00
   1.68468851e+00   1.77313068e+00   7.64075283e+00   3.02076835e+00
   3.31785218e+00   1.08251754e+00  -1.61643464e+00  -1.58094124e+00
  -1.53298113e+00  -4.86932278e+00  -6.59089690e+00   1.02267369e+00
   5.78596148e+00   5.04326054e+00   1.36390579e+00   3.19521960e+00
   3.21333200e+00   5.53825590e+00   1.68705179e+00   1.50673351e+00
   9.36294096e-01  -6.19812688e+00  -1.08214826e+01  -1.64007799e+01
  -5.75542048e+00   8.32441420e+00   1.11866758e+01   1.17826283e+01
   9.70327829e+00   2.74976730e+00  -9.18731259e-01  -2.31731949e-01
  -2.13258216e+00  -1.00222900e+00   5.20983203e+00   5.12567682e+00
  -8.44842289e-01  -4.37637708e+00  -9.26243206e-02  -3.59201717e+00
   4.63665452e-01   4.75214130e+00   1.11249965e+01   1.96718382e+01
   1.55210741e+01   6.59583641e+00   4.61935176e+00   8.13533512e+00
   1.73290626e+01   1.52618471e+01   1.30714535e+01   1.27927401e+01
   1.47287655e+01   1.52423868e+01   1.54792076e+01   1.31272716e+01
   8.73889010e+00   2.86103740e+00  -1.60542669e+00  -3.51113009e+00
  -4.47418172e-01   7.82967407e-01   3.00406944e+00   7.26947345e-01
   1.64323744e+00   4.24369706e+00   6.77207046e+00   6.47577501e+00
   1.54134080e+00   1.46910500e-01  -5.53956011e+00  -7.98974583e-01
   5.20293855e-01   9.44847229e-01   2.21009854e+00  -9.33669870e-01
  -2.41382899e+00  -1.61454372e+00  -1.65419602e+00  -4.87552730e+00
   2.85592623e+00   3.50179009e+00   1.55337511e+00   2.39608203e+00
  -1.45342963e-01   2.10805059e+00  -6.41955424e-02   2.44669736e+00
   1.27726093e+00  -4.05103998e+00   8.50251221e-01   2.18345562e+00
  -8.53236425e-01  -6.84370821e+00  -5.20666314e+00  -7.05021009e+00
  -1.02523102e+01  -5.96494332e+00  -8.30192730e+00  -1.23558631e+01
  -1.86896665e+01  -1.87153571e+01  -1.46712866e+01  -1.00603268e+01
  -7.61958891e+00  -9.85989282e+00  -6.16744474e+00   6.00492865e-01
   3.09823751e+00   5.57501945e+00  -7.70271596e+00  -1.68424590e+01
  -1.82163059e+01  -1.40215123e+01  -8.17735291e+00  -1.06415605e+01
  -9.48506721e+00  -5.23287499e+00  -4.61160810e+00  -5.06615594e+00
  -3.47935379e+00  -3.32173170e+00  -8.35645889e+00  -1.13520327e+01
  -1.07450639e+01  -5.85622088e+00  -2.68186757e+00  -8.31560163e-01
   3.13520337e+00   6.34337014e+00   1.00291608e+01   9.82600963e+00
  -2.93218144e+00  -5.49284800e+00  -4.98292056e+00  -9.99856979e+00
  -6.24385050e+00   3.64949080e+00   1.63389809e+00  -1.86156749e+00
   6.78560025e-01   3.77345847e+00  -5.38811737e+00  -3.80839938e+00
   4.19888910e+00   7.27154987e+00   6.10292752e+00   9.93080568e+00
   9.55030622e+00   6.59300382e+00   9.01403907e+00   5.59546849e+00
   2.92660060e+00   5.69080587e+00   3.09159568e+00  -6.14164797e-01
  -9.10302598e+00  -9.35361388e+00  -1.01682706e+01  -7.69059063e+00
  -3.93396654e+00  -2.85595294e+00  -3.17391686e+00  -1.17150103e-01
  -2.08458624e-01  -3.41035000e+00  -2.50291709e-02  -4.13167751e-01
   5.78989881e+00   4.23606822e+00  -2.47023733e+00  -1.77771680e-02
   1.74126621e+00   3.16675848e+00   2.40431986e+00  -3.10964687e+00
  -2.24060689e+00  -5.82474521e+00  -5.33146546e+00  -6.12888018e+00
  -6.81378137e+00],[  1.77635684e-14   1.77635684e-14   6.66371537e-01   4.46107974e+00
   7.97614905e-03  -7.01280571e+00  -6.94441525e+00  -3.11740483e+00
  -5.36049427e+00  -3.15050906e-01   7.87981322e+00   7.73134466e+00
   4.92333383e+00   3.88216197e+00   5.21290105e-01  -1.18406605e+00
  -1.31640571e+00  -3.53244756e+00  -8.41656570e+00  -9.22526173e+00
  -6.65395462e+00  -1.24522679e+00   2.13525481e+00  -4.06118526e+00
  -6.00682087e+00  -1.00459880e+01  -1.39305762e+01  -1.44439450e+01
  -1.50576517e+01  -1.77491620e+01  -1.88174377e+01  -1.47769279e+01
  -1.08870611e+01  -8.96362234e+00  -5.71094849e+00  -1.53495069e+00
  -1.11377730e+00  -3.03488167e+00  -4.07571051e+00  -5.75408513e+00
  -3.29732746e+00  -2.96236798e+00   2.64654879e+00  -1.05492984e+00
  -8.28870967e+00  -9.99814114e+00  -4.77841345e+00  -8.36507516e+00
  -1.79015254e+00   1.61072458e+00   2.26126572e+00  -2.82981540e+00
  -3.48207008e+00  -6.09540241e+00  -1.25057967e+01  -9.05963368e+00
  -1.09012039e+01  -1.62059183e+01  -2.46629015e+01  -2.76035813e+01
  -2.39245009e+01  -2.10075410e+01  -1.68755176e+01  -9.88474401e+00
  -4.02733233e+00  -5.03593731e+00  -6.56203994e+00  -5.67686748e+00
  -6.71283726e+00  -1.03626326e+01  -1.15184742e+01  -1.33922256e+01
  -1.50714973e+01  -1.62106268e+01  -1.68702043e+01  -1.05331274e+01
  -1.40158245e+00  -5.76927674e+00  -1.25375670e+01  -1.37868168e+01
  -7.41268581e+00  -1.14897427e+01  -1.16262177e+01  -1.07102215e+01
  -1.11242047e+01  -7.96514158e+00  -5.95322275e+00  -6.69484337e+00
  -9.29629678e+00  -1.04783156e+01  -1.20828699e+01  -9.98843214e+00
  -4.45112966e+00  -7.85271032e+00  -1.20607106e+01  -1.00133812e+01
  -8.97097604e+00  -6.43283853e+00  -3.49471488e+00  -1.46092347e+00
  -6.73240789e+00  -1.52389112e+01  -1.53915188e+01  -1.09485661e+01
   4.72957521e+00   3.96115984e+00   2.85828067e-02  -4.86133762e+00
  -7.18566392e+00  -5.23403608e+00  -6.56852098e+00  -2.37735224e+00
  -1.32834263e+00   4.70342726e-01  -1.79031865e+00  -3.82768986e+00
  -3.50642405e+00  -2.24317096e+00  -3.74260792e+00  -1.29525234e+01
  -1.11073593e+01  -3.65937604e+00  -1.06289476e+00  -2.57209085e+00
  -4.01452728e+00  -3.27640910e+00  -3.82137691e+00  -9.11453478e+00
  -9.27456964e+00  -1.65310648e+01  -2.47095226e+01  -2.34363586e+01
  -1.45234399e+01  -8.91489476e+00  -1.12798849e+01  -1.70665725e+01
  -2.27944492e+01  -2.75152028e+01  -3.01086311e+01  -2.95806764e+01
  -2.65874210e+01  -2.32006049e+01  -1.70613002e+01  -2.01008027e+01
  -1.83800355e+01  -1.70933272e+01  -1.92794195e+01  -1.64353754e+01
  -1.44559165e+01  -1.08988202e+01  -1.35825164e+01  -8.19732533e+00
  -5.12439975e+00  -7.94606082e+00  -9.53968918e+00  -1.44110236e+01
  -1.28172511e+01  -1.28586227e+01  -1.39467423e+01  -1.41924159e+01
  -7.70810242e+00  -5.10086641e+00  -1.00783591e+01  -1.45214304e+01
  -2.26081857e+01  -2.37209393e+01  -2.25668953e+01  -1.65741264e+01
  -1.98242652e+01  -1.57572978e+01  -8.08506796e+00  -5.99845249e+00
  -6.93477062e+00  -9.11647204e+00  -3.66384693e+00  -4.01695284e+00
  -1.44041147e+00   6.24317067e+00   5.97089173e+00   2.11515773e+00
  -4.66534740e+00  -9.90351119e+00  -7.20016892e+00  -2.37769863e+00
   2.51107786e+00  -2.07492646e-01   2.98204147e+00   3.76810023e+00
   3.72134385e+00   5.08181410e+00  -6.17265338e+00  -8.76028272e+00
  -5.51311845e+00   1.21018981e-01  -2.33793195e-01   1.07304730e+00
   4.25432332e+00   8.03049905e+00   6.69484040e+00   1.26739540e+00
  -2.03782770e+00  -2.26143115e+00   2.39288396e+00   2.54224153e+00
   5.29320890e+00   1.07295794e+01   1.14557230e+01   6.59849400e+00
  -2.17674124e+00  -1.13005086e+01  -1.43530504e+01  -1.08159545e+01
  -1.52622490e+01  -9.70447535e+00  -3.75822625e+00  -8.71150950e+00
  -5.67774411e+00  -4.33724297e+00  -3.88871343e+00  -3.19111914e+00
  -1.72322690e-01   8.09597161e-01  -1.92764484e+00  -3.09056805e+00
  -6.88560960e+00  -9.23158424e+00  -9.34741081e+00  -1.26267439e+01
  -1.38411371e+01  -5.08691423e+00  -5.72850011e+00  -7.35197691e+00
   1.64386668e+00   7.34869768e+00   4.51108523e-01  -3.06665129e+00
  -1.78730494e+01  -1.50672446e+01  -1.13355106e+01  -9.42880072e+00
  -1.08065537e+01  -9.45918075e+00  -3.91953836e+00  -1.00887615e+00
  -4.58841438e+00  -1.20635001e+01  -1.43989646e+01  -1.44239540e+01
  -8.85899603e+00  -7.28640588e+00  -8.79066858e+00  -4.36500077e+00
  -5.33037760e+00  -5.92372817e+00  -6.91652115e+00  -6.04515309e+00
  -8.24950940e-01   1.71361786e+00   4.25900348e+00   5.69146001e+00
   1.17097885e+01],[  4.44089210e-14   4.44089210e-14   1.42841855e-01   5.36338176e+00
   4.98822010e+00   3.67505661e+00  -1.34952175e+00   1.35055370e+00
   7.00023894e-01   3.42923808e+00  -4.50799534e-01  -3.17296852e+00
  -4.90942729e+00  -1.28587353e+00   3.77136020e+00   6.07592328e+00
   3.27866613e+00   1.27748055e+00  -1.86305799e+00  -4.79112287e+00
  -3.99101026e+00  -2.72999896e+00  -1.38363733e+00  -1.99646119e+00
  -6.72156444e-01   5.03159872e-01  -8.98861176e-01  -4.16526497e+00
  -5.95690026e+00  -1.08087291e+01  -1.03461084e+01  -4.84661949e+00
  -2.50311313e+00  -1.99964641e+00   2.53713786e+00   5.84355959e+00
   5.52480935e+00   2.32567706e+00   3.47310176e-01  -6.70433997e+00
  -4.41361186e+00  -3.66403262e+00  -1.68777745e+00  -3.37749172e+00
  -8.74033025e+00  -9.70478439e+00  -9.13708770e-01   8.38116963e-01
  -4.70459893e+00  -9.48576549e+00  -1.02089782e+01  -9.93921644e+00
  -9.51246675e+00  -4.33579037e+00  -9.69315520e+00  -5.43559712e+00
  -1.55615973e+00  -7.45307592e+00  -5.68306403e+00   1.11190703e+00
   8.20099624e+00   9.83378870e+00   8.51095886e+00   9.28869007e+00
   3.45432919e+00  -3.46973068e-01   6.58812568e+00   2.34800147e+00
  -8.89334113e-01  -3.15343904e-01  -4.28468868e+00  -6.49762920e+00
  -5.16397722e+00  -9.19911596e+00  -1.36745983e+01  -1.06636933e+01
  -1.11025279e+01  -8.27277974e+00  -2.60936263e+00   2.69712923e-01
  -3.80778722e-01  -5.60086184e+00  -6.40625572e+00  -1.06323279e+00
  -4.48158193e-01   9.47695169e-01   4.02520899e+00   4.14915638e+00
   3.27924237e+00   6.87681566e+00   9.18844918e+00   3.04051882e+00
   2.37337550e+00  -5.38046976e-01  -1.67610979e+00   1.86018747e+00
   1.39360897e+00   2.41027256e+00   1.94813560e+00  -2.03528959e+00
  -9.74698321e+00  -1.51618657e+01  -1.50707545e+01  -9.89666565e+00
  -2.55583306e+00  -1.12184742e+01  -1.44549648e+01  -1.70021602e+01
  -1.36221029e+01  -7.89242099e+00  -7.72777980e+00  -9.67890576e+00
  -1.00644856e+01  -6.33761395e+00  -9.66913453e+00  -7.32424834e+00
  -2.19464881e+00   2.78852076e+00   4.85798044e+00   3.16887218e+00
   6.42430028e+00   3.00320847e+00  -3.66716593e+00  -8.91461870e+00
  -7.98737231e+00  -2.79967875e+00  -4.97996685e+00  -9.47430312e+00
  -1.38868258e+01  -1.82953524e+01  -2.03481433e+01  -1.94424481e+01
  -2.32555052e+01  -2.47240129e+01  -2.74217599e+01  -2.58206187e+01
  -2.47390456e+01  -2.75720275e+01  -3.14129850e+01  -2.61793757e+01
  -2.08989293e+01  -1.99300001e+01  -1.50886678e+01  -1.28784060e+01
  -1.38205739e+01  -1.37087193e+01  -1.33442837e+01  -4.23679526e+00
   2.44894027e+00   9.43007589e+00   1.26886434e+01   1.89431418e+01
   1.76378886e+01   1.69585932e+01   1.82998146e+01   1.28838387e+01
   6.95251566e+00   1.11873313e+00  -2.47420836e+00  -4.17793041e+00
  -2.79621428e+00  -4.30177364e+00  -6.41647723e+00  -5.03956009e+00
  -7.83739600e+00  -6.63281230e+00  -6.41331406e+00  -6.95171867e+00
  -1.13069174e+01  -4.77422457e+00   3.51835671e+00   6.95505236e+00
   8.10644836e+00   5.71019005e+00   2.00186824e+00  -2.74114033e-01
  -2.18152800e+00  -1.00584088e+00   1.59899427e+00   6.36938721e+00
   4.22999916e+00  -5.67752110e+00  -9.10589747e+00  -5.13309226e+00
   8.03858354e-01  -3.51449948e-01   2.06911018e+00  -1.67778532e+00
  -3.32272942e+00   2.54183182e+00   1.79360689e+00   3.60855656e-02
  -5.12822612e+00  -9.21422650e+00  -1.02324495e+01  -6.06019651e+00
  -2.55113778e-01   4.73124104e+00   2.25376841e+00  -2.23234773e+00
  -6.14905269e+00  -1.12235079e+01  -9.58858458e+00  -8.00996368e+00
  -8.79798159e+00  -8.72779831e+00  -6.22951241e+00  -6.15952207e+00
  -1.27424744e+01  -1.76347475e+01  -2.09240886e+01  -1.47235597e+01
  -1.14989822e+01  -6.97402451e+00  -3.38293927e+00  -5.65325416e+00
  -4.02636723e+00  -6.22579237e+00  -8.64422502e+00  -9.76334628e+00
  -7.78302336e+00  -5.40082797e+00  -1.24411745e+00  -4.01549641e+00
  -8.12641759e+00  -5.73167022e+00   2.21537547e-01   1.60853849e+00
   3.13344027e+00   9.96818403e+00   1.20668525e+01   1.41361738e+01
   1.96760574e+01   2.34201119e+01   1.44984177e+01   1.55639429e+01
   1.03744906e+01   1.10356055e+01   3.86065308e+00   7.00372203e-02
  -5.62341392e+00  -7.66756548e+00  -5.56005015e+00  -4.37610183e+00
  -2.37787121e+00  -1.03414391e+00   1.53286505e-01  -3.19448557e-01
  -1.38733775e+00  -6.50761563e-01   1.46256010e+00   2.51300613e+00
  -5.30191114e+00  -1.05363193e+01  -1.09219057e+01  -9.82730147e+00
  -7.72216431e+00  -1.31705230e+00   2.57923348e+00   7.35185266e-01
   3.53105402e+00]