[-743.00565271 -703.96030369 -666.9281055  -538.2760478  -456.38895003
 -423.47100507 -421.93020675 -434.0348288  -447.44010462 -461.77870714
 -468.89367543 -474.32594229 -461.68623167 -447.38559526 -429.6206213
 -408.54948033 -390.29636524 -374.20770788 -362.82820674 -358.27458385
 -360.14696777 -368.64291196 -402.84860092 -439.35623952 -448.91235089
 -442.58432823 -422.56111285 -420.44491957 -446.46662026 -466.89729244
 -457.708682   -452.72086057 -453.84380518 -454.80717087 -456.21363919
 -459.56630306 -448.00824728 -419.79714413 -402.34769812 -411.72331944
 -436.53421379 -446.70354259 -428.21789757 -414.92503005 -414.62188889
 -426.21792323 -434.07240851 -439.53122888 -468.03028405 -492.18458408
 -517.85480671 -525.1858179  -519.92195766 -518.68135095 -516.87992917
 -520.43963592 -515.72085487 -500.45908919 -493.55149795 -497.05749248
 -499.77359699 -489.97156173 -470.75041246 -460.10848799 -459.59954825
 -440.18316428 -422.35485449 -411.05454219 -411.99976745 -428.90675048
 -469.6530764  -511.35017111 -492.05821411 -453.39138327 -452.55974699
 -470.7418372  -481.48776667 -469.49134424 -461.53185398 -443.36196252
 -417.31267172 -411.64116107 -418.16461702 -443.40847671 -487.05387175
 -524.88531489 -504.87670322 -464.92888084 -439.22237622 -438.12912678
 -453.73840241 -459.91391428 -466.52250576 -471.88318239 -449.15732446
 -420.31052673 -393.59249109 -376.6691397  -364.35994754 -362.3814104
 -373.9817229  -395.79431879 -417.68367755 -427.71459577 -432.76283155
 -436.21408627 -435.24020742 -437.28630189 -441.75806251 -454.70167056
 -476.19421319 -504.74702553 -516.40458955 -492.36187287 -458.03203685
 -431.68860108 -423.35308103 -422.82935737 -430.05688452 -444.33940032
 -451.20455052 -448.68347529 -449.04100185 -453.76766127 -462.34273089
 -476.60799282 -483.62373117 -475.32554825 -457.67459626 -412.95467119
 -369.90060723 -349.50874552 -347.68215834 -359.75959345 -385.73782067
 -424.30811513 -469.27652773 -500.92542159 -522.08916669 -537.34523621
 -534.96315905 -503.28677381 -445.3316829  -402.41830613 -389.15158693
 -394.1490584  -412.54332962 -439.26766534 -464.24541839 -463.17952671
 -453.41784805 -432.90990185 -420.42695141 -411.67705829 -403.3992056
 -402.73000355 -401.01025264 -408.27418267 -413.70271761 -413.36950544
 -408.05699057 -406.54354236 -410.33618376 -423.85219294 -444.19280821
 -437.45801526 -435.23122246 -449.0719415  -466.61545902 -496.90513879
 -528.21105193 -537.51192926 -517.57710971 -474.98530882 -448.75922865
 -452.34332385 -461.70961905 -478.49090994 -489.77201331 -494.06288194
 -513.58956914 -556.83868002 -578.9422056  -558.58676766 -492.51576386
 -418.001352   -383.89159976 -380.61339018 -384.46629148 -391.32081958
 -396.24184138 -410.07695964 -422.13274814 -443.19340674 -464.41546671
 -474.77487303 -460.7672084  -419.80139018 -384.23117605 -365.8859396
 -348.76529002 -317.11469625 -317.48831113 -321.13815844 -323.42040095
 -341.00166904 -373.74931485 -437.89358397 -487.19772203 -504.07825221
 -524.48432663 -522.45349578 -471.58271852 -411.32179013 -385.1903408
 -376.29614012 -378.93519418 -377.01608718 -375.57938199 -380.99322696
 -383.29604156 -377.16360122 -386.1265245  -424.2604254  -463.31455308
 -464.4419226  -469.23654686 -487.95947185 -492.95946401 -489.00501397
 -468.28738656 -431.71959838 -424.25392355 -422.80582761 -415.49975365
 -421.92177035 -463.7925891  -514.721235   -522.35343134 -500.00321661
 -474.93883284 -460.02582327 -453.73626378 -451.54961407 -456.15173644
 -448.09628391 -442.64540895 -456.80888456 -472.37833452 -479.98703465
 -494.05295332 -509.70439624 -503.12806135 -481.21947938 -438.69206078
 -418.40791376 -418.34711333 -412.28839396 -413.03239387 -416.1506557
 -421.37436852],[   6.57331501   12.11837196   19.32853641  130.23024865  153.3340304
  135.55267227  100.70443742   62.41972792   30.85561698    5.03505508
   -5.60315098  -11.77350218   -1.51334625    4.32303486   27.84956447
   69.48022422  124.69563867  168.91950764  189.45595502  196.57183888
  204.40938594  215.75332909  207.34562202  193.05818359  199.00393692
  200.99799783  202.04610937  204.48153745  193.27108455  174.26172975
  163.16202712  153.834886    149.11980791  146.29474081  147.93547617
  154.17162364  170.58511726  187.42838686  196.25480835  201.57636311
  200.70293349  189.7531645   192.58847007  195.08563981  199.09779609
  194.70241527  191.44215619  184.12634002  167.37568639  165.106024
  164.94016409  171.42043657  178.25908809  169.79689652  154.00513356
  129.55109505  102.22219207   76.55175023   56.21606281   35.61244199
   26.11275036   17.94160656   20.58730614   31.8372963    48.11373929
  101.62231034  149.50664422  170.79159323  175.41760258  171.48987068
  154.78615519  127.20084923   91.78210886   62.1106296    44.416959
   33.44268073   22.87143225   26.1717417    38.45536898   80.74807421
  131.38021718  153.6043301   160.40687889  156.51344383  144.0036398
  116.02826189   82.96733948   65.44170076   66.99058903   82.22784046
   96.76146806  114.24874481  133.94405512  155.39281018  184.67173315
  211.06613812  218.65058426  213.34418181  210.00911966  201.45584052
  199.36672869  200.83881682  197.92326921  199.75786487  192.22475876
  171.17701648  148.71884081  127.80103623  128.67722841  141.92455154
  149.36106629  147.25776025  157.37543407  175.3889952   192.27717599
  204.20906298  204.60317235  206.51996725  204.49970611  197.70092811
  178.48365664  165.16441881  156.07112435  144.12934851  136.39908291
  144.116337    168.11926368  184.82479231  196.95207467  210.51357997
  214.23368349  215.69418364  216.21308497  210.05304959  205.21692278
  187.84546886  165.76239778  159.69496764  155.05322549  143.36865413
  130.68276982  117.06069993  148.58137048  179.07718778  186.66562713
  179.74700002  177.61363607  183.28953815  192.72464886  199.57267732
  201.30517698  204.66699212  212.40468246  209.83737122  206.74883752
  203.8743947   205.39721005  208.5531671   214.92177546  215.99911515
  215.99268977  216.6981788   220.82058496  224.55185991  212.67503022
  216.24107099  220.83314694  223.01038293  221.83240566  206.20695279
  188.85009337  185.39800458  190.59827339  190.03793359  179.322349
  162.49580309  131.89987457   85.85493324   61.36913053   56.93306322
   56.30120026   67.8608463    71.50496247   81.92029302  109.54445575
  162.13515353  185.05568499  183.36203616  182.99541289  183.81353401
  184.79370777  181.47971459  186.3856371   192.05923326  194.32053111
  196.92491324  200.60480705  195.98372397  190.19546819  178.90708458
  158.34903295  129.92792931  121.50744217  133.08260455  137.7874196
  142.84931226  136.86350306  128.73663766  124.4444419   116.29180661
  107.07619656  111.85892619  142.29897538  182.74011565  203.47361611
  207.81068056  206.67521487  209.90403818  217.30089127  220.41135149
  223.91126084  229.40701409  229.14735839  215.79932993  184.27373233
  167.83493824  161.1985898   159.14069148  159.56977984  161.0426139
  178.40599739  195.15217044  192.98279969  196.41297014  198.42477159
  191.79006129  172.86194014  147.46827721  124.3930997   110.34276485
   99.50870262   78.67675277   62.84445781   61.64028348   52.65631539
   50.28038927   54.6006023    57.31466521   62.39292253   61.35580683
   62.46364047   61.65060091   48.6025721    54.48957946  105.54667129
  148.53345452  156.95558761  161.91079551  160.90793459  164.4720316
  165.68527568],[  -2.70594597  -15.42612025  -25.54260582   18.50112685   -8.39239585
  -41.3795281   -68.42433159  -90.32206611  -93.89389639  -82.97413182
  -79.30792246  -73.34231906  -72.69247087  -81.53957461  -72.62361809
  -56.22814248  -31.67574977  -26.11579133  -35.82718291  -41.65036575
  -41.75274975  -29.57570848   -6.65604409    4.5455646     9.80213856
    6.58935643   -2.71542857    2.23081394   11.40031669    6.9418585
  -12.20745298  -21.54071374  -21.71260845  -28.01311854  -27.73684064
  -13.56265978   -5.93577223  -13.68559854  -18.1782607   -11.29053546
    5.14835409    3.44793554    0.17366232    2.23223769   10.3168531
   10.10781495    6.5250089     2.43715369    6.12625187   17.26721075
   22.96903852   28.32454288   30.35888216   31.0675216    32.24233544
   31.51275877   24.11907895    4.45430812   -6.54305533  -11.56162926
  -20.98156855  -46.36990128  -61.47272309  -67.6458168   -69.7228178
  -39.65215081  -19.6988846   -29.89916264  -34.97149689  -21.7555353
    0.68663226   12.3207051   -19.09622414  -58.12836103  -63.64273494
  -53.90347844  -48.54484031  -55.76031663  -60.67451996  -46.04910386
  -34.0859642   -34.65070949  -30.02784801  -14.4129829    13.51057471
   24.20577626   -9.18834469  -26.67325508  -40.42421346  -49.07000827
  -52.82497554  -56.10773029  -45.63928115  -17.79735335   -3.47036095
  -11.98614013  -27.86031342  -30.94937865  -28.85434187  -30.66534686
  -25.7966746   -15.40262811   -5.64997382    2.08131366   11.02154956
   19.3006998    14.19820382    3.20942851    1.32984956    8.42487206
   20.84028955   33.86012627   44.45580652   37.91946727   18.14703412
    3.43107446   -5.56232789   -7.08818797   -4.29311076    4.60113535
    0.30416473  -11.225631    -18.48912227  -23.62271703  -19.92502363
    0.24302865   20.02828447   21.34599246   11.36182211   -8.36882289
  -27.69159241  -42.57456086  -45.0513745   -36.6653348   -11.762719
   10.82969945   24.72318388   30.47841477   29.12567144   23.57639796
    8.5015236   -24.90067563  -31.02929242  -39.59402766  -46.67563623
  -51.18781027  -36.79526262  -14.53728677    3.41515636    5.71200243
    3.79681679   -8.36159967  -12.60608933  -15.47622141  -20.80600933
  -24.25118558  -18.46323983  -12.17160387  -12.55493772  -18.05061496
  -22.88214939  -27.73244858  -29.07410424  -17.593031    -14.44762883
  -21.46014374  -22.84675468   -9.73325967    2.74471679   17.42342482
   37.64315347   39.56020751   23.69573588    7.54253996   -2.46847518
   -3.78765582    8.2436437     4.8092122     6.42759134   19.88732793
   25.70935361   29.2150822    18.14736919    4.76785798  -30.15987182
  -39.48191258  -47.25450577  -54.17150151  -57.46078941  -53.50324474
  -47.9705182   -40.4411848   -25.46591825   -3.68285889   16.1626923
   27.96867828   28.19076957   14.92748059   -4.70970797  -20.2825946
  -24.39454313  -29.14448861  -26.46718351  -35.7211752   -46.87686166
  -35.21385231  -21.73917566    8.22982422   25.52258575   26.53244006
   22.56414101   19.25988628  -13.33315672  -32.92950625  -37.60246373
  -48.34583015  -54.41681738  -55.78077358  -51.03687029  -49.31744188
  -49.19941764  -50.14522912  -37.96576017   -8.7837534     3.82576774
   -6.53950802   -3.72575649   10.70059022   14.89327948   12.76804501
   12.25043681    5.07316796   -3.59385499  -12.04126103  -21.98000899
  -21.4287156    -1.46599359   19.51917137   -4.52357788  -39.45471301
  -65.04631101  -90.88306536 -111.84906247 -111.64419834 -116.12474056
 -119.74065572 -109.94474329  -89.03915989  -69.08065342  -55.32929103
  -45.41571311  -34.49385401  -36.70298404  -43.74743195  -37.47356759
  -33.89039671  -38.07379876  -42.62215744  -40.53176789  -31.82434227
  -25.87011174],[   2.01680365   12.4893004    20.91893997   54.34729422   72.16585708
   93.57384843  112.97732593  129.13934233  155.40248169  180.82368681
  179.09381702  176.67918048  159.81592697  146.24166304  139.15105255
  126.03289044  108.9290215    79.78596346   57.59992234   47.15663775
   33.97100494   23.41927311   31.6995195    39.84862919   37.70479802
   37.4792167    33.21374213   29.69084792   39.74877535   48.60060112
   43.85894953   43.60732629   50.11066437   52.61702571   52.62756403
   59.08309828   50.25962271   38.09063885   31.41584748   28.83605676
   34.17128561   31.30911731   29.05830211   25.92496535   24.63119835
   24.67695135   29.99621159   42.1352089    56.83279031   60.03834794
   48.42806304   42.07016424   42.76785228   51.95535601   69.45813337
   92.52185677  116.57932122  127.96664388  138.24284299  143.65218524
  143.34711708  138.94706069  133.35184191  125.82370413  111.61929775
  106.76423654   90.30049685   69.92005067   63.64696139   65.96947667
   71.73554501   74.30095353   97.94764862  121.88456997  132.91966135
  136.33255288  148.38465526  149.19276537  141.45075105  129.99812354
  113.71820817   93.65927247   86.11850341   80.61687215   79.54915545
   87.46285714   99.08810906  114.70802336  117.13164608   99.79054917
   75.62980515   52.28739136   43.55919284   43.40712399   36.09498305
   19.34797113   16.98160132   22.39555027   27.35153645   33.99906875
   38.38711005   40.47641982   45.79807486   46.63154037   58.64358265
   82.08188626  105.00351594  120.79910808  115.01754061   99.66539381
   91.00041736   88.70208213   75.27337328   60.86827283   50.53612619
   47.86893809   44.57686783   39.13245912   37.53822695   46.87427412
   68.58229856   86.85114608   96.11632645  104.94170057  110.28596619
   97.20451863   71.02522496   56.78860728   47.91326478   33.8553183
   32.27074487   24.53137937   22.6034662    23.4529611    29.25299974
   43.30852873   51.12929748   42.1127338    33.35643876   35.58013828
   44.73913785   55.1876019    66.11150547   65.49800813   68.9400283
   71.41032518   74.69006057   66.23645091   53.20134676   48.10555285
   47.42507483   43.22135958   32.79903984   29.46962106   27.20289577
   23.37365565   26.33267647   23.27020561   19.2241596    18.38810592
   17.27230884    7.92371994   -2.56261912    4.21477455   19.25982445
   12.35574129    3.83179485    1.62702041    2.41597427   11.83358201
   25.27750333   18.76836631    7.78508915   17.52753903   31.37280147
   41.75054842   71.32411955   86.94389824   85.69930569   82.86729535
   78.31190255   69.21257845   55.35077201   55.99257741   54.61256487
   56.80545408   58.19761592   65.01045765   64.55104315   64.33789479
   59.78135307   51.05101229   46.05111992   42.77589203   40.29464824
   39.94769065   38.65226977   22.60683663   14.43406144   12.09557629
   22.28453028   46.24156404   61.91750006   51.94287096   50.59279539
   58.04750579   63.83976033   66.95337042   68.71213419   69.79198399
   71.06361336   68.10872852   49.56164255   42.66436662   36.66105271
   30.12652663   23.64505712   17.92308253   15.4875796    13.38317587
   12.83194605   10.77807195    7.88285067   15.87043901   35.5471793
   46.45680385   45.81597312   42.73070731   46.37039928   51.39289332
   45.68445614   39.37200668   33.35899237   21.55879945   14.99425156
   21.33473874   35.70383194   50.90994704   58.58704913   69.54816517
   81.68682522   94.89114112  102.42194264  115.4355011   118.88203105
  119.42372838  125.68502122  125.8498655   117.47101555  104.1284257
   86.82534495   76.97776361   89.33430669  101.49155693  100.00453024
   90.51560121   86.67457317   85.75292241   86.53917814   90.77954263
   96.63347653],[ -4.08637208  -4.8221518   -6.27107938   0.61215046  -0.31343364
   6.43469177  10.48534347   6.82882747  10.09892946  14.30624002
   1.60297045 -11.01675862 -34.29046106 -48.72410435 -54.13326899
 -49.32981771 -40.62384751 -31.48781578 -21.20113558 -10.7162183
 -10.08595992 -18.02048011 -17.07609646 -13.23278822 -15.75631336
 -16.65222353 -21.17571439 -23.54411483  -9.93588604  -0.81462862
  -8.65415193 -17.51059449 -19.64897503 -19.92327484 -25.30284524
 -25.60463941 -27.04749687 -26.67287856 -25.51185526 -15.08394834
  -3.3983347   -4.45289898 -14.53411764 -26.2841585  -31.54551477
 -27.51300251 -19.86907933 -10.79846308   2.32091601  12.26745761
  19.10294362  22.3927295   26.17362801  19.9592511    7.38119455
  -1.21389596 -11.58196603 -21.51290078 -34.00470316 -45.97678662
 -48.08243317 -45.05565194 -43.37733347 -37.47649354 -27.08745498
  -6.3897494    4.68008107  19.88253625  25.58100637  28.04485468
  26.64185659  12.5117553   -5.12550667 -16.39429542 -21.69731477
 -26.51633233 -26.95852891 -29.00132039 -23.83221982 -15.32762527
  -0.46720361  14.27831575  20.00447251  22.67009934  20.70255803
  16.67484688  -2.18131742 -27.16963692 -33.70936519 -26.19797909
 -17.21820103 -12.65573007  -6.13007499  -7.12923727 -19.06714788
 -20.41604245 -20.05262897 -29.62334241 -38.34789075 -39.92655466
 -29.52316443 -15.87670342  -1.45550285  -2.53165482 -16.66038287
 -34.06865529 -38.15091986 -30.41897269 -32.25961183 -29.7445729
 -23.41356683 -11.62451683 -10.52614964 -16.61210709  -9.38394809
  -5.05936752  -3.36579201  -2.00558386  -2.82019121  -5.57722279
  -9.65209793   1.997399     9.81011541  12.5463865    9.14608772
  -6.23194682  -6.74599048   3.66433354  10.77593386  -3.50754343
 -20.56019979 -30.32029671 -33.03347943 -38.16151388 -43.16976876
 -40.43126148 -31.15690026 -23.78099622 -22.01023989 -19.88812261
 -19.84464666 -18.78905733  -8.95568933   9.78515677  28.62620562
  34.36376884  34.98279079  30.36435776  27.02681001  23.50942587
  15.26214261   3.34266047  -9.78694451 -20.63748933 -25.92727503
 -31.3430146  -35.44111625 -38.06300362 -34.56613565 -29.58480056
 -26.94988965 -30.87577777 -21.62217329  -6.31590202   9.6756332
  14.43525758  14.40163995  16.83364239  21.21694804  23.60262045
  21.84093622  18.17825225  18.38815189  22.22131278  15.99724908
   7.91044255  -2.3564234   -7.6877738  -15.5079092  -30.68790455
 -32.67901908 -13.02758011  -5.21041752 -20.86515926 -25.17471526
  -3.43541129  10.1878818   21.32627883  28.85435985  33.40330672
  28.97751837  18.96124068   8.00132623  -2.802247   -11.23597882
 -15.5504491  -20.39116991 -21.51207122 -12.19612043   1.34916408
   6.58996729   3.06663923   8.89872701   5.07673867   7.93733308
  12.00524829  11.3137793    8.78317615   9.61042311   8.24788771
  10.80006449   0.34354583  -5.46253235  -3.08653472  -2.51684958
  -7.31055462 -16.12092774 -21.0141734  -20.6840919  -16.33082322
 -11.24888079 -11.26562322 -15.94581471 -20.27070912 -20.57906172
 -20.63626352 -19.63614065 -12.33647693  -8.23624187  -8.21974264
 -18.79448588 -33.73592139 -35.63795712 -29.17305243 -18.8392688
  -7.39584164  -1.9934527   -4.35701079   1.50527584  11.23083335
   9.27060219   5.58657897   7.91487214  15.76538054  14.21686777
   0.08887919  -9.96162086 -20.19078768 -32.61112046 -43.58869003
 -42.93701226 -41.8656342  -46.06519916 -30.43582061 -12.83766504
  12.86403373  27.06424712  33.10210655  34.78741194  39.23522725
  47.59821919],[ -3.80611868   4.82151628  11.40283272  23.0894322   22.30842356
  20.69837546  18.00453328  11.85586225  12.94639785   4.92148905
  -3.33237305 -10.36312741 -16.99875602 -19.6726539  -21.21367237
 -11.90527269  -1.93566777   0.05718061  -1.06731679  -0.09141644
   2.13415828   2.0036256    3.37938159  -1.6688994   -6.73176176
  -7.87726628   1.27869303   8.04082695   8.10534097   7.92493938
   8.49140252   6.98472361  -1.34222587 -11.02152148 -14.59815109
 -15.44116219  -6.48491544   5.50589322  13.19999613  13.33268581
  11.34808432  25.48617716  27.71406675  27.62459925  26.32307654
  24.86331016  21.38609259  16.30849712  11.23822963   8.57266107
  11.15034304  11.8382867    4.85619841   2.59679579   1.46832972
   3.52914058   1.17098943   5.59704997   0.68691426  -5.1452871
 -11.45434203 -17.2006863  -13.06134243 -10.86009403  -6.89244022
   3.11026909   7.43313686   8.29902422   6.97775114  12.08266932
  19.28624679  21.82759555  12.55276584   7.12817122   4.81987664
   4.00040992  -1.23650172  -8.34844811  -9.81393797  -9.72081831
  -4.7547216    2.85563518   4.23101047   8.85394848  15.68471496
  16.87684011  17.25716862  13.82949301   3.07642534  -1.81025201
  -6.99091513 -12.22237614  -3.95858154   1.12632342 -10.04654356
 -12.89937502 -18.15266437 -18.91484085 -20.09719474 -17.94477332
 -12.93774151 -10.75875781  -7.04743562  -8.05774678 -10.9574223
 -14.4692413  -18.09754003 -17.5022486  -22.99752762 -25.04186144
 -20.63215426 -15.04656701 -12.29387298 -15.90166255 -10.11167051
  -8.27178674  -6.16706301  -1.16539404   1.15744488  -2.16939264
 -12.15790028 -12.53603307 -12.79418318 -13.8974738  -17.48465851
 -18.43023128  -7.99807532  -0.98731031  -1.53416067  -3.25383505
  -6.58988148 -12.74670612 -16.71223573 -14.913668   -14.46342254
  -8.2103515   -3.94445174  -3.79776157  -7.10523133 -13.7834007
 -15.41950723  -9.87549524  -9.53519821  -5.55814007  -0.45591284
  -0.88060262  -0.92313676   2.75364472  -0.84734672  -7.15670778
 -12.6812855  -19.82881321 -27.45919467 -26.30848617 -23.05827945
 -21.12681372 -24.67323183 -30.63739551 -34.29458929 -35.3171099
 -31.23550897 -27.93473455 -12.55009969  -4.77811672  -5.25916872
   3.94464173   9.11884162  13.14406532  15.5979047   13.19879084
   8.84328915  10.45900356  18.83370174  26.8308368   20.99071193
  12.95818274  14.95597627  23.45987662  25.52592211  19.31394093
  20.59737551  18.20972111  14.82826337   9.99431463   5.47664679
  10.95715728   7.12361852   4.9872617    3.8868384    5.87833231
  12.36325991  16.74239218  18.27228894   8.74442054  -4.65107562
 -13.880553   -20.48103554  -6.05716519   8.35228953  21.00643309
  27.10298595  29.54973036  30.03625208  34.08846528  43.32377753
  39.40418402  33.38011027  30.47522038  32.96166946  33.61534455
  33.04196949  17.44406052   3.76997725  -6.72740173  -7.57240193
 -11.81889943 -18.78267088 -20.17856619 -18.44495491 -20.22755171
 -21.92481068 -26.45747128 -25.26838096 -18.15067064 -10.40026656
 -14.96525607 -10.66586092  -6.98310117 -10.27487044  -8.3833056
 -17.85213691 -23.68523559 -15.06715379  -8.6105681   -0.38382153
  10.66105375  15.50434036   6.12974225   1.23001611   2.84653225
  -0.74817598 -11.8977079  -16.35139519 -17.88537394 -19.68150278
 -30.4435124  -34.99660425 -35.56241663 -38.81065539 -30.60047675
 -17.99757319 -14.39735639 -11.28119333  -1.87175104  -5.56669235
  -5.83871641  -6.13413716  -7.14032347  -5.69847735  -1.26425187
   3.63633539],[  0.72145112   1.55842247   1.5109846   20.36697215  21.84528815
  16.74661653  11.50880011  22.37462075  29.41718241   8.3019381
   1.79899888  -6.55492219   3.4577277    8.21781967   2.63452493
   3.62383505   4.09870516  -3.2122939  -14.71445074 -24.80770848
 -25.08883635 -18.85784862  -9.96585473  -1.88538433   3.99491488
   1.23172636  -2.09595826  -8.07148956  -7.49800709  -1.04885138
  -0.50458118   2.96321195   7.9398307   16.28161086  24.77799643
  18.19063285   9.58590041   1.22780933  -7.60208297 -12.25772217
 -14.63942294  -6.29149199  -5.93622665  -5.29953847  -5.1759084
  -3.19506921   0.2579823    2.9383983    7.59926159   7.31553992
   2.99796031   2.06893822  -2.20526275  -1.02656114   4.1756705
  10.37173795  10.90493357  13.69987787  15.08769948  12.55245523
  11.93383605   9.00511788   9.88225062   4.9738134    2.237353
  -3.42895858  -9.20949324 -18.68007019 -21.27365446 -23.25102794
 -18.23073643  -4.83261722  13.2690369   15.08621499   9.23441291
   6.26187337   4.7494532    2.46142848   3.2327537    3.78848135
  -2.74678495 -11.87925247 -14.48104248 -11.85653193  -5.26371213
   3.37119797  10.43926093   7.1852786   -0.92901676  -3.348243
  -6.06972421 -10.28146271   6.74208317  15.55650741   6.18260487
   2.05349229  -3.27035343  -9.52448666 -14.39006658 -16.35883099
 -16.80985504 -18.87078908 -24.99105323 -21.97666002 -13.63417728
  -4.98299203   3.56264611   4.83081295   6.72442222  10.97365219
  16.38278884  14.52904866  14.16556198   6.60899783  -2.18032326
  -8.0136881  -12.43064558 -12.99261313 -11.67060291  -5.14180631
   7.41230412  14.05554689  11.31834464  12.47702476   9.89928446
  10.05265874  -0.40196145 -13.36748721 -19.09085592 -18.00638987
 -18.7453905  -23.58128036 -22.5588106  -21.90591161 -22.99959225
 -16.63130138  -8.88734131  -6.81595703  -4.17215363  -1.80865403
   2.6188315    7.22820632 -11.47131372 -22.53768551 -31.63468691
 -37.61249798 -40.11254098 -31.07993176 -20.51824843 -22.64385398
 -21.20589414  -5.95509508  -1.34406239  -3.24518944  -7.04825603
  -7.21852043  -9.55513272  -7.75822187  -0.11132647   7.37081276
   6.8494237    5.62642893   4.07536518   5.72200553  11.47232015
  13.86628615  11.30601337   2.92808274   0.23243868  -0.18372201
  -0.88925045  -2.64602588  -5.29220757 -15.5968962  -24.65670228
 -27.4398665  -16.05493047  -8.0663565  -11.55021848 -20.58017022
 -17.83448988 -12.16530344  -4.75626719   6.67933172   3.53844999
  -8.47788983 -25.9545314  -33.73663876 -30.92706604 -28.95741046
 -23.07480886 -19.20190647  -2.67168853   7.78127767   2.94099027
  -2.00790351  -8.65560412 -14.13872285 -22.27446558 -33.25158785
 -47.51510304 -58.26080918 -59.89606083 -47.75897436 -43.44833435
 -35.78903016 -23.85751835 -16.99252589  -8.82743497  -3.81534456
   5.94397755  -2.2361637   -8.43574654 -17.96119814 -22.46265205
 -18.82454031 -14.88303066  -9.66222634  -6.65491672  -4.06545895
   0.68349468  -3.65932563 -10.40819338  -4.79579844  11.90300619
   6.01172806   2.60454166  -0.18133824  -3.83460338  -3.54526498
  -8.90229952  -7.67249778  -4.62069917 -11.39292711 -16.55978547
 -13.29841161  -5.3219967   -4.12410018  -2.52037571   3.72320302
  10.56418201   3.0765569    9.40984742  17.47062824  24.96194897
  24.71647046  25.84262123  25.49233506  21.9104481   20.51084903
  17.23688007   2.79443469   1.71842413  -0.92301682 -15.67993962
 -22.16938047 -24.03896253 -23.0976009  -24.73131851 -21.29062661
 -17.57097731],[ -1.15837251e+00  -9.22962447e+00  -1.27860437e+01  -6.10343784e+00
  -1.76003650e+01  -2.91217714e+01  -3.49027745e+01  -2.59313328e+01
  -2.47386172e+01  -3.33832388e+01  -3.05572938e+01  -3.05117398e+01
  -8.06621518e+00  -3.26393250e+00  -9.87262601e+00  -1.56108469e+01
  -2.55650724e+01  -3.19081769e+01  -3.05818308e+01  -2.43792144e+01
  -2.19401699e+01  -2.01614417e+01  -1.49415453e+01  -1.14678134e+01
  -1.53456869e+01  -1.38347887e+01  -2.10603658e+01  -2.78152173e+01
  -2.06889538e+01  -1.95246486e+01  -2.06538768e+01  -1.63055024e+01
  -6.84883555e+00   4.74167194e+00   1.02085456e+01   2.18786469e-01
  -1.14350709e+01  -2.11403297e+01  -2.86583634e+01  -2.70193809e+01
  -2.21296777e+01  -2.22504232e+01  -1.64629514e+01  -1.20811098e+01
  -1.09049271e+01  -1.27690570e+01  -2.19121195e+01  -2.49190688e+01
  -1.97374256e+01  -1.57176072e+01  -1.43588282e+01  -1.48532575e+01
  -1.50904927e+01  -1.87657230e+01  -2.37601747e+01  -2.39277349e+01
  -2.29554067e+01  -2.03368103e+01  -2.10685810e+01  -2.02753874e+01
  -1.71239434e+01  -2.09386235e+01  -2.15255103e+01  -2.00961812e+01
  -2.20053735e+01  -2.76715338e+01  -3.03899606e+01  -3.16648378e+01
  -3.64139510e+01  -3.51115081e+01  -2.89990582e+01  -1.94751270e+01
  -1.64882490e+01  -2.26781596e+01  -2.84205316e+01  -3.02185043e+01
  -2.78097676e+01  -2.93891119e+01  -2.64085384e+01  -2.64374333e+01
  -2.85774048e+01  -2.14219095e+01  -2.03197972e+01  -2.37825215e+01
  -1.83049624e+01  -6.36015377e+00  -1.06269609e+01  -1.43298523e+01
  -1.81544734e+01  -1.91426580e+01  -1.49400617e+01  -1.16807901e+01
  -9.82779870e-01  -1.01052430e-02  -1.21130870e+00  -5.35579621e+00
  -3.62410487e+00   3.71831929e+00   9.19912976e+00   6.70118844e+00
   1.03290126e+00  -2.15958097e+00  -7.16567274e+00  -1.16447696e+01
  -1.62307702e+01  -1.48909481e+01  -7.61167234e+00  -5.95067188e+00
  -2.32576811e+00  -4.48326891e-01  -2.28098243e+00  -3.81174711e+00
  -5.31775134e+00  -5.84164300e+00  -1.18963406e+01  -1.72853140e+01
  -2.03372054e+01  -2.15175948e+01  -2.39486693e+01  -2.71506015e+01
  -2.96192467e+01  -3.23318751e+01  -3.56866062e+01  -3.39239304e+01
  -3.34405303e+01  -2.63949825e+01  -2.51307912e+01  -2.34636841e+01
  -2.01788803e+01  -1.03045181e+01  -7.95351901e+00  -8.09602616e+00
  -5.02405628e+00  -4.99542797e+00  -6.31958819e+00  -1.24649364e+01
  -1.42643610e+01  -1.11890863e+01  -9.50622921e+00  -4.95674238e+00
  -9.48026479e+00  -1.90014494e+01  -3.90936674e+01  -3.88477414e+01
  -4.06970709e+01  -4.31759308e+01  -4.43559608e+01  -4.37749437e+01
  -3.63728545e+01  -3.32223257e+01  -2.69675499e+01  -1.01151039e+01
   1.46575085e+00   5.49809831e+00   8.90551313e+00   7.05366014e+00
   8.65516916e+00   1.53357125e+01   1.60863776e+01   1.61219788e+01
   1.34334533e+01   9.17451021e+00  -2.60334099e+00  -1.06462603e+01
  -1.02294761e+01  -1.64015473e+01  -2.07031896e+01  -2.82709021e+01
  -2.95651485e+01  -2.46307927e+01  -1.91495088e+01  -2.09163849e+01
  -2.75186687e+01  -2.82281569e+01  -2.41849635e+01  -2.39531306e+01
  -1.80050475e+01  -8.76230001e+00  -2.11306900e+00  -4.87900276e+00
  -6.33920072e+00  -7.75715683e+00  -7.22826847e+00  -1.63468680e+01
  -4.21928235e+01  -5.09660426e+01  -5.10009079e+01  -4.60828898e+01
  -3.63798125e+01  -3.51602898e+01  -3.71940327e+01  -4.43479093e+01
  -4.10488247e+01  -2.59989793e+01  -1.42931656e+01  -1.02901664e+01
  -3.30544792e+00   1.92264834e+00   2.29328868e-01  -3.12656942e+00
  -9.21701358e+00  -7.93034942e+00  -8.66396064e+00  -2.07678194e+00
  -5.05600815e+00  -9.74306562e+00  -6.43592302e+00  -5.30023829e+00
  -8.46173742e+00  -9.37246309e+00  -7.30851583e+00  -1.51440535e+01
  -2.17264348e+01  -3.04034498e+01  -3.37320479e+01  -3.11398273e+01
  -3.08319294e+01  -2.42003604e+01  -2.18778978e+01  -1.78926772e+01
  -1.12616904e+01  -9.02517323e+00  -7.67990963e+00  -7.02594202e+00
  -6.18686957e+00  -1.38413636e+01  -1.16675926e+01  -4.69215144e+00
  -5.26236150e+00  -8.65646377e+00  -7.15040314e+00  -5.12299324e+00
  -1.10967180e+01  -2.21476306e+01  -2.64179542e+01  -2.56409960e+01
  -2.50528378e+01  -2.18835480e+01  -2.81003349e+01  -3.53873291e+01
  -3.94701666e+01  -4.51598373e+01  -3.88648552e+01  -2.95240007e+01
  -1.98517160e+01  -1.76004752e+01  -2.13664299e+01  -2.35830244e+01
  -1.95872733e+01  -1.34070516e+00   5.13562589e+00   1.76811940e-01
  -2.55696402e+00  -1.34417472e+01  -2.70858564e+01  -2.27594115e+01
  -1.75151912e+01  -1.76523757e+01  -1.99855026e+01  -1.96701494e+01
  -2.02243635e+01],[ -4.02973737e-01  -9.29273169e-01   8.19432873e-01   8.30389023e-02
   1.76175571e-01  -1.18953694e-02   7.60596077e+00   1.57814054e+01
   6.83776889e+00  -2.90968177e+00  -2.66721043e+00  -2.47064399e+00
   5.20976596e+00   9.20161572e+00   3.70668515e+00  -6.85015227e+00
  -1.71480446e+01  -2.20808654e+01  -1.82444633e+01  -1.37942444e+01
  -1.44264054e+01  -1.42982566e+01  -1.09182456e+01  -6.20070031e+00
  -4.01196376e+00   9.45883789e-01  -3.88027355e-02   1.27158420e+00
  -2.24212206e+00  -6.99702996e+00  -3.83596242e+00  -3.80809617e+00
  -3.99151454e+00  -2.33778850e+00  -1.42547752e+00  -7.12456239e+00
  -6.41376455e+00  -3.71141204e+00   9.29496499e-01   1.45360103e+00
   7.79336950e-01  -3.55308793e+00  -6.77239280e+00  -1.16179822e+01
  -1.14244018e+01  -1.39039733e+01  -1.97119231e+01  -1.70462191e+01
  -1.44867499e+01  -1.76107294e+01  -1.66384881e+01  -1.98253129e+01
  -2.12494922e+01  -1.84007660e+01  -1.96695849e+01  -1.66380274e+01
  -5.96928418e+00   1.37688315e-01  -9.48454005e-01  -4.62623306e+00
  -8.84495831e+00  -1.38728733e+01  -1.56490479e+01  -4.65230982e+00
  -1.93120859e+00  -1.08043974e+01  -7.87462444e+00  -7.75496808e+00
  -8.47689876e+00  -7.18677608e+00  -5.90786625e+00  -4.14228469e+00
  -4.51998650e+00   1.80146916e+00   1.33963397e+00   3.15534149e-01
   2.94208830e+00  -1.07957774e+00   1.34629904e-01  -3.85987423e+00
   6.56841002e-01   9.61635565e+00   9.85116281e+00   3.23691333e+00
  -2.41186021e+00  -8.45330652e+00  -7.12424998e+00  -3.65821843e+00
  -1.13098853e+01  -1.87732415e+01  -1.69672689e+01  -1.18492444e+01
  -7.93792287e-01  -7.25233116e+00  -7.48595884e+00  -8.67499024e+00
  -7.74119736e+00  -2.23699034e+00  -1.80135896e+00  -2.76619376e-01
  -4.24883294e+00  -1.39314252e+00   4.33607246e+00   3.73380992e+00
   3.57607671e+00  -9.01713386e-01  -3.34204952e+00  -5.40388386e+00
  -5.82650923e+00  -1.14465101e+01  -1.20012310e+01  -1.11007708e+01
  -6.08547460e+00  -1.93007595e+00  -9.87380625e-01   2.15606753e+00
   1.82554911e+00   2.98428297e+00   2.62433219e+00   2.44724177e+00
   3.49517609e+00   3.46959976e-01   4.02013176e+00   1.30405793e+01
   1.84097481e+01   1.50009480e+01   1.14954063e+01   1.10518506e+01
   8.35479937e+00   7.16589639e-01  -2.22196830e-01   9.12670289e-01
   6.78261930e+00   1.09447283e+01   1.20255742e+01   1.16729666e+01
   6.31574009e+00  -1.51464544e+00   7.78501576e-01   3.47610014e+00
   3.06337619e+00   5.54396677e+00  -3.12068759e+00  -6.31193863e+00
  -5.27628410e+00  -7.54767986e-01   3.09427881e+00  -5.80928246e+00
  -1.45422511e+01  -8.31665054e+00  -9.73595211e+00  -2.04219747e+01
  -1.98167698e+01  -1.11517111e+01   2.86587208e+00   8.57700574e+00
   1.00521263e+01   1.00727903e+01   8.94042568e+00   2.34745390e+00
  -4.50231225e-01   2.11634572e+00   1.48465177e+00  -7.87991648e+00
  -1.88093252e+01  -2.75511018e+01  -2.71609743e+01  -2.74820901e+01
  -2.84126049e+01  -2.58269873e+01  -2.08238060e+01  -2.12334008e+01
  -1.69112291e+01  -1.49053832e+01  -1.67341048e+01  -2.61306503e+01
  -2.51272796e+01  -2.06814868e+01  -1.45549976e+01  -1.92348794e+01
  -1.92153417e+01  -1.24654040e+01  -7.01184968e+00   3.34623893e+00
   5.55925077e+00  -5.51336465e+00  -8.39467080e+00  -1.55326747e+00
   1.18942045e+00  -9.70661537e-01  -2.51652789e+00  -1.18549843e+01
  -2.04408807e+01  -1.55679538e+01  -5.70479084e+00  -3.65579002e+00
  -5.04561405e+00  -1.79893254e+01  -2.67503384e+01  -3.17096895e+01
  -3.38071010e+01  -3.26227554e+01  -3.06237309e+01  -2.38859044e+01
  -2.57861271e+01  -2.99694250e+01  -2.89468936e+01  -2.23490400e+01
  -1.32655394e+01  -1.12036871e+01  -8.11047929e+00  -5.78273437e+00
  -1.21346431e+01  -2.51458824e+01  -2.44785411e+01  -1.52370862e+01
  -5.36408207e+00   4.02260089e-01   1.29399661e+00  -5.02559411e-01
  -8.92200881e-01  -3.30571127e+00  -8.61620421e-01  -6.64878875e-01
  -3.86623024e+00  -3.17837957e+00  -7.10379849e-01   1.18686070e+00
   9.62438747e-01   3.58823748e+00   4.77209724e+00   1.03222363e+00
  -4.86960727e+00  -1.14033997e+01  -1.40579370e+01  -1.15278097e+01
  -8.44396596e+00  -5.33792340e+00  -8.61482449e+00  -7.32912154e+00
  -1.60154612e+00   7.29434135e+00   7.43597674e+00   1.38534387e+01
   2.22782631e+01   1.95516712e+01   1.14538203e+01   1.00653681e+01
   9.78986907e+00   1.53247083e+01   1.11650444e+01   2.63624741e+00
  -6.49926865e-01  -4.64453797e+00  -4.49648766e+00   3.84081216e+00
   5.02323220e+00   2.08910267e+00   3.50938421e+00   6.66501290e+00
   4.26800068e+00],[  0.44791512  -4.27167989  -7.49065151 -12.10768848 -13.00828942
 -16.13748811 -15.55209349 -12.09321868 -20.31382152 -16.50265349
 -14.40158982 -12.61814744 -20.38509462 -15.36337683 -15.86449579
 -23.00118035 -28.42191063 -25.7013644  -25.43087991 -23.61058079
 -23.77788299 -26.18691579 -25.26593691 -19.0898546  -21.16250873
 -26.1969475  -28.9342402  -29.41865716 -30.10843416 -21.95909514
 -19.89777413 -23.80256353 -22.11744671 -20.35044415 -25.37147394
 -33.93730551 -31.6748944  -33.30926931 -36.28863555 -36.36583539
 -34.92127551 -41.38371246 -54.34000545 -58.00427802 -57.88271655
 -57.03795555 -52.06476582 -42.72584026 -36.31783458 -32.63877004
 -23.74972474 -21.87085751 -18.57039125 -13.2663935  -12.40513624
 -11.20899967 -13.50093436 -13.68499693 -10.1521909  -11.73793494
 -17.34029726 -15.40780955 -14.78603835  -8.10230049  -6.71362038
 -16.34314805 -13.9475785  -14.01378494 -14.62749835 -12.80034984
  -8.02850608 -10.64970044 -11.54675751 -10.48506558  -9.01722899
  -7.96453411  -9.75855641 -13.5147359  -13.50196416 -18.92841151
 -21.40256153 -23.83252024 -20.31927913 -14.16651985 -11.4829471
  -8.41175079  -2.18602195   0.42353536  -6.39775661 -14.99524015
 -18.42580887 -19.26304452 -14.57924251 -21.88232124 -21.54889801
 -22.25118006 -28.52228413 -33.78416923 -35.77615349 -35.23359338
 -35.31742172 -29.9146092  -22.53836716 -18.35694712 -21.31497064
 -31.43879265 -36.18537523 -32.00472552 -27.97613676 -26.8134012
 -22.09237056 -16.78126942 -10.67587978 -16.7649126  -28.91279849
 -36.94423262 -43.99365079 -42.18842959 -39.0403128  -28.89698926
 -18.86696824 -15.12533742 -10.23068713  -3.03092756  -4.21723781
 -13.06583024 -19.36259396 -20.81352954 -19.14792158 -37.23899695
 -48.40304205 -45.89756438 -37.13742309 -29.92931136 -24.35131608
 -15.74988433 -11.85136456 -17.39112288 -14.21697456 -11.72969458
 -16.58758101 -10.82892661 -18.86970556 -32.15436578 -33.20943477
 -27.96370245 -26.95180451 -25.3400463  -19.17048082 -15.32828113
 -19.34216698 -33.79458253 -34.14629659 -30.15537942 -26.91861501
 -26.77281647 -24.3543127  -21.14360706 -18.32695607 -16.58209089
 -19.08226182 -15.65386156  -4.38766865  -7.48937131 -11.46132896
 -10.61989098  -9.61248988  -9.67542343 -10.52267032 -10.18578299
 -12.16972453 -12.15662101  -8.90439423 -12.00106565 -16.70235214
 -21.05262011 -15.12245329 -12.21999711  -3.67803567  -3.32118301
  -4.63231497  -8.3735306   -6.19402735  -7.89364638 -12.07378942
 -20.96534313 -27.42471446 -33.1101228  -35.55690618 -34.6017603
 -31.77687248 -30.40738951 -27.82069857 -25.49646787 -20.68242103
 -16.49249279 -11.58547257 -15.27585348 -15.32413497 -13.35236047
  -1.38570161   9.38504013   8.99088748  -7.52062274 -19.20883377
 -11.75170331  -6.56808883  -7.94317535  -3.90318473  -2.43850405
  -3.67666148  -0.07919611  -7.0674634  -17.70131856 -21.7322556
 -17.09204786  -9.88786296  -8.28466428  -8.51145768 -11.1979332
 -13.06301182 -19.31215497 -23.01096744 -19.82403703 -16.10735762
 -11.40937024 -13.67033542  -9.9861714   -5.79887564  -6.61286134
  -9.40834036 -14.69608868 -16.002123   -16.6353961  -17.04642487
 -19.50818714 -15.17855886 -10.83579907 -14.48423568 -14.6404673
  -7.62052628  -3.21892994 -10.19244088  -8.74990746  -4.62034648
  -9.99343877 -18.36366935 -19.96068283 -23.71765336 -16.6851447
 -14.72392972 -18.75844332 -15.03722893 -10.52634296 -15.4608933
 -15.49370743 -17.9664762  -18.6824552  -17.28287539 -12.02695953
 -11.39988019],[  1.36109969   3.00628114   4.31778265   5.40274138   6.31656903
   2.44141361   5.57491252  11.62155106  16.36411405  26.03421761
  22.93923983  20.77963232  13.63359891  18.31176947  23.15020617
  18.25216836   9.9608475    6.86044224   2.16878094   3.31916158
   2.56636028  -4.6316402  -12.0409044  -13.16903301 -17.45653538
 -22.40493588 -17.24845275 -16.07381953 -14.81406104  -6.38880732
   2.80952277   8.80753039   9.14516561   7.09759108   7.16260428
   2.15435771   0.58112389  -0.24992238  -3.60449338  -8.50671605
 -11.47825874  -9.49150019  -5.57541213   4.49954585   6.42094113
   2.32497125  -1.57423181  -3.69813917  -3.47542351  -1.55797624
   1.85184896   3.67322192   3.09552647  -0.92201754  -0.14769805
   1.37990333  -1.19276015   5.8001271   13.87495617  18.36294383
  20.28584482  21.06486161  21.58057656  25.51333768  21.13379759
   5.01827458  -2.59941311  -4.54935163  -8.17297569  -6.09941407
   0.57985112   4.81162668   3.61137725   5.34028061   7.26960366
  12.07276111  17.12469742  16.70524406  15.54460128   2.76887064
  -8.05118912 -11.06098771 -12.9698496  -14.39827502 -10.82443244
   2.47712087   7.04524701  13.47038538  16.62745717  18.27376929
  21.15464843  16.92526731  16.63078316   5.90522836   1.98584719
  -4.15653513  -3.23201559   0.47441037   5.65630794   4.57883545
  -1.88682317  -9.0723617   -8.39459915 -12.25156282 -13.17638434
  -7.47860093  -1.32332041   4.94536028   5.02651709  -1.49002268
  -9.10634286  -9.91337431 -19.04227015 -22.07974554 -25.52799266
 -27.53744696 -27.65013769 -26.44044591 -24.90163999 -21.31067855
 -27.67369436 -31.6385963  -31.73279795 -25.23706939 -25.19332469
 -20.19953176 -23.88244517 -22.2751718  -15.89085296 -12.9012377
  -8.89122267  -7.50424807  -8.6750041   -8.25352278  -8.92479819
  -7.40106894  -9.11437612  -9.27850264 -10.45156035  -8.41233927
 -13.7548041   -9.56197453  -9.50059605  -9.23635541  -7.9513906
  -8.90700687 -13.72405293  -4.25680503   1.09857868  -4.78346826
  -6.29497224  -8.79508537  -1.4342388    3.88724207   5.19387723
   1.21500663   1.08327733   3.55476708  -0.34644047  -5.64617762
  -6.97463434  -6.80809664  -3.97389593  -6.20068465  -7.97324593
  -1.53561469  -1.12374457  -0.48001476  -2.00201071  -2.73131641
  -8.32828378  -5.88957317  -6.05909379  -0.95071778   1.66768465
   1.70638997  -2.70915971  -5.82046589  -1.00687767  -5.11327979
  -5.84224229  -8.07578207  -8.10388633 -11.78285553 -15.25021969
 -13.86979732  -5.5944403   -4.81326894  -5.75104044  -7.71146741
  -9.55607941  -8.51597113  -7.04326958 -15.38746946 -21.13711918
 -17.77208176 -13.39739904 -20.90807743 -18.16668333  -9.99675048
 -10.95468841 -17.01846661 -17.79229556 -18.42239114 -17.16126406
 -15.4670441  -15.58588258 -17.55416664 -16.70037871 -13.76843246
 -12.48013818  -4.26540304   2.88328051   5.71173747  12.63441005
  17.8824876   18.74462116  14.83448907  10.74190941   4.27825577
   1.14024443   2.31631876  -0.31533503  -6.52343652  -7.98271855
  -8.87401502 -12.79102911 -11.7640898   -7.90998939  -7.04386414
  -7.13279545 -10.82044046 -11.72436909  -6.07852031  -3.85132387
  -4.29035087  -4.36947861  -2.3006219    0.57020819  -4.67193288
  -6.98028595  -6.73833491 -13.23108928 -16.79408183 -17.38388595
 -11.49599497 -11.65095236 -10.41375693  -8.84512151  -0.38298786
   2.97375239   3.81530323  11.22200029  10.79551142  -8.27274846
 -14.09161304 -13.37847431 -14.27544551 -14.90337143  -9.83853126
  -6.84459152],[  2.79933757e+00   3.52553328e-01  -7.26081886e-01   7.05860795e-01
   6.53743137e+00   4.13723764e+00   6.92117186e+00   1.48263232e+01
   1.87741821e+01   1.94392114e+01   1.63322060e+01   1.21184543e+01
   8.18228753e+00   4.67525803e+00   2.60443038e+00  -1.19200947e+00
  -1.13287444e+01  -8.57181575e+00  -4.87439523e+00  -2.19160056e+00
  -3.48702070e+00  -1.08002118e+01  -1.54265241e+01  -1.58785679e+01
  -5.69761074e+00  -4.86400065e+00  -1.37178867e+00   5.94851495e-01
  -3.33406848e+00  -1.51599473e+00   7.59730410e+00   1.93665621e+01
   1.99590368e+01   1.41121170e+01   1.55125075e+01   1.47999493e+01
   7.71380521e+00   2.16392398e+00   1.84076422e+00   2.16546377e+00
   5.39413836e+00   1.35303754e+01   1.18325450e+01   1.13571419e+01
   1.44178879e+01   1.03606959e+01   1.01234897e+01   1.33274717e+01
   1.58525639e+01   1.19059672e+01   4.64000666e+00   5.41529530e+00
   7.79907465e+00   1.87582599e-01  -7.22559470e+00  -1.02561564e+01
  -3.69766605e+00   7.28245344e-01   3.53858122e+00   1.15037613e+01
   8.74233193e+00  -1.46042787e-02  -9.02389764e-01  -4.52327680e-01
  -3.79177266e+00  -1.61535224e+01  -1.54337534e+01  -1.52868402e+01
  -1.39543826e+01  -1.42676794e+01  -1.55718938e+01  -9.54980245e+00
  -1.68624475e+01  -2.14608713e+01  -2.19594385e+01  -1.72817942e+01
  -9.86247821e+00  -1.11769135e+01  -1.14263591e+01  -1.34812164e+01
  -1.66474400e+01  -1.36594973e+01  -1.21196370e+01  -1.13065772e+01
  -8.47086753e+00  -4.15245936e+00  -1.03483237e+01  -1.58956473e+01
  -1.45566681e+01  -8.48206798e+00   7.57627859e+00   1.24370179e+01
   1.71411935e+01   1.03848120e+01   4.61473435e+00   1.22485358e+00
   4.18458155e+00   3.62967824e-01  -1.77419550e+00  -3.69178880e+00
  -9.02820299e+00  -1.50039931e+01  -1.71710773e+01  -2.40081184e+01
  -2.17088964e+01  -1.58582392e+01  -1.10006000e+01  -7.39319255e+00
  -8.48839890e+00  -1.42810778e+01  -1.44292603e+01  -1.83571454e+01
  -1.81775594e+01  -7.45579659e+00   3.08905150e+00   1.34928972e+01
   1.78038695e+01   1.59614513e+01   1.44424240e+01   1.54264977e+01
   1.19989252e+01   9.29104671e+00   8.34374185e+00   1.66321755e+01
   2.17772274e+01   2.10999941e+01   9.00582124e+00  -1.53704749e+00
  -4.31198143e+00   2.22460020e+00   9.51620270e+00   1.03410712e+01
   8.87838193e+00   6.98477771e+00   1.34492460e+00  -1.52128892e+00
   7.39876039e-01   3.87494804e+00   3.07186145e+00   7.39090874e+00
   4.35597668e+00   3.65463557e+00   1.61832827e+00   7.06172241e+00
   5.63833008e+00  -4.55686992e+00  -1.24048530e+01  -6.09409853e+00
  -3.81683827e+00  -5.69184508e+00  -7.47398157e+00  -1.18034987e+01
  -8.67886393e+00  -1.11042470e+01  -9.53751033e+00  -9.83822579e+00
  -1.23094614e+01  -1.19933595e+01  -7.85464038e+00  -5.91724536e+00
  -6.90256105e+00  -7.51822879e+00  -9.06387687e+00  -1.11341842e+01
  -1.11523605e+01  -7.50995034e+00  -5.89707105e+00  -4.93306755e+00
  -5.66446754e+00  -6.46635572e+00  -7.18453048e+00  -9.02998261e+00
  -7.62500637e+00  -5.46543478e+00  -5.71108097e+00  -7.59409508e+00
  -2.22178148e+00   2.72175363e+00   5.66638401e+00   2.79491051e+00
   4.68244707e+00   2.80379614e+00   2.12212488e+00   3.34867544e+00
   3.10161833e+00  -2.39954990e+00  -7.90379161e+00  -1.03341520e+01
  -1.25889965e+01  -1.39832455e+01  -1.58294754e+01  -2.15710072e+01
  -1.70939519e+01  -1.31238343e+01  -1.84408542e+01  -1.97196642e+01
  -2.04776198e+01  -1.79139991e+01  -9.34754531e+00  -5.26514336e+00
  -8.64301739e+00  -1.71101400e+01  -1.71286794e+01  -1.29729960e+01
  -1.31280403e+01  -1.25838996e+01  -9.45011322e+00  -6.69495911e+00
  -1.41363960e+01  -1.24624332e+01  -1.26752950e+01  -7.33706470e+00
  -7.45145129e-01  -5.87624325e+00   2.83723137e-01   7.98407767e+00
   1.53938160e+01   1.45573276e+01   1.11584803e+01   8.83037075e+00
   9.42079697e+00   1.11057373e+01   7.22977903e+00  -2.21295336e+00
  -5.39972096e+00  -7.12685575e+00  -1.06794769e+01  -1.10952418e+01
  -1.58074304e+01  -1.92439814e+01  -2.06330725e+01  -1.98988603e+01
  -1.61808676e+01  -7.48132773e+00  -9.49361155e+00  -6.94708011e+00
  -4.24190207e+00  -2.32086288e+00   5.33218043e+00   7.21262006e+00
   5.46630130e+00   5.08608163e+00   5.90437935e+00   1.16445756e+01
   1.02111686e+01   1.86071280e+01   2.06404210e+01   2.18700579e+01
   2.01276227e+01   1.20814486e+01   7.61239675e+00   8.73291480e-01
  -1.18466227e+01  -2.40379947e+01  -3.43439713e+01  -3.20794216e+01
  -3.05754096e+01  -2.74305363e+01  -2.65183993e+01  -2.24942782e+01
  -1.93870033e+01],[  1.94308578  -2.74031862  -2.51248332  -7.40413557  -8.05768403
 -10.96675376 -18.92101112 -16.002555   -14.14186561 -19.96048823
 -18.34450392  -9.25309358   1.00272824  -1.36928231  -1.43853719
   3.10016864  -1.43401532   4.31576357   7.98504454  13.23471438
  15.14506954  10.31675159   4.68258595  -5.62335883  -6.28246388
  -2.72772966   1.91635942   1.34971131  -3.2021034   -8.92549982
  -9.35730677  -3.98909507   0.60936684   0.47535841  -4.85910857
  -6.27261691  -8.97589294 -12.19599634 -17.70003182 -20.78899374
 -14.63319031  -5.94808249  -9.2497415  -12.09365569 -10.6958908
 -15.21365434 -15.38196506 -12.83313641 -12.87653404 -12.79471668
  -4.9147459   -4.5016846   -4.32327638  -1.88161219  -3.42946364
  -3.03449721   1.83198085   2.06473714   2.38749493   9.43794968
   6.0863751    1.11523491  -5.28064221  -5.60476159  -4.48982576
 -10.59831047 -13.81322387 -14.98168899 -16.71231991 -14.70265552
  -9.61925981  -6.18899411  -9.83641195 -15.52136412 -11.79324431
  -9.01559432 -10.55208937  -9.96501418  -9.68463644  -6.28649413
 -10.83153639  -9.16217976  -3.68431436  -0.81096932   3.55278081
   8.75824151  11.89461763   8.4564691    5.10008665  -1.63136591
   0.27301214   3.43784718   4.27317679   1.91763577  -1.46731973
  -6.33867688 -10.86823065 -11.04168074 -11.92142335 -14.13719407
 -12.71550915 -11.2808806  -12.85207406 -12.64714416  -7.2616647
  -6.95131793  -3.18886573  -0.83052772   1.94192389   5.53916713
   6.15154411  -2.49990786  -0.15185083   1.81058827  -2.20989441
  -1.82976549  -3.80058546  -5.13543921  -4.16678573   0.13237059
   0.34006991  -2.95529548  -6.81367214 -12.02982613 -12.09370364
 -11.28389602  -9.01407982  -4.93417612  -7.33651354  -8.46558754
  -6.09520017   1.5007371    5.48993417  11.26344649  15.06850376
  12.15790732   9.94641236  10.2165306    5.60623765   7.10532465
   1.7687171   -3.40395942 -11.28762316 -10.72755288 -12.13259746
 -18.4413764  -22.66133161 -21.82543675 -23.42821072 -22.79676147
 -17.91666079 -13.47759692  -8.6699333   -9.12587159  -8.55413637
  -8.53345096  -7.18650645  -5.70996391  -4.63242888   2.74988145
   9.70929762  10.32544483   9.12437721  -1.12546613  -4.01399981
  -0.81145202  -1.30474888  -4.1267933   -5.45610913  -7.57722134
  -8.46688433 -13.50909188 -10.75589475  -9.86288038 -14.26167814
 -13.93588668  -0.99044096   3.3215232    0.56594791  -0.84929909
   2.0755434   -0.19320586  -1.32156492  -5.97439193 -15.46972513
 -16.68058006 -17.49589414 -25.11040396 -29.23987432 -27.18076319
 -24.96063213 -28.21195024 -20.61844101  -7.88708147  -5.6767017
 -11.76390117  -5.17823704  -1.66433879   5.30362796  -0.60018225
  -9.63156814 -10.77261813 -13.40052115 -16.29375353 -13.40474397
 -14.03297983 -12.12004892  -4.03880268  -0.57208554   3.35605365
   0.88103042   1.01998583   9.1283623    2.89191221  -2.62533859
  -4.77890751  -6.63654045  -6.30364835  -8.05845219  -7.52569295
  -6.15398468  -7.87189552  -9.41030232  -8.64919124 -10.65086417
  -3.98980399  -5.30136122  -9.73203615 -18.93139212 -25.70170266
 -24.56442488 -14.59616781  -0.54781972   5.31503809  -1.34019845
  -6.45757561  -6.12240509  -0.9176214   -0.82912688 -12.47451767
 -20.2526127  -26.03117166 -22.28230329 -15.19589417 -18.9599397
 -12.98108073 -11.50018362 -11.42392281  -8.95348316   5.17405501
  12.73459211  12.43241087   2.7492623   -7.53419825 -13.08244748
 -13.79962719 -14.87260743 -14.92243315 -14.9855102  -11.63904697
 -10.9095575 ],[  9.67866869e-01   7.82358592e-01   1.31672262e+00  -4.70034330e+00
  -6.14694680e+00  -6.62496480e+00  -7.95835912e+00  -2.65430996e+00
  -2.41457425e+00  -1.25756734e+01  -1.66772162e+01  -1.56244386e+01
  -6.56665166e+00   5.62004864e-01   7.47808819e+00   8.88922930e+00
   1.07484555e+00   3.03776750e+00   2.48302673e+00   3.61930575e+00
   3.87174673e+00   6.01714166e+00   6.92817407e+00   7.18759691e-01
   5.12628489e+00   8.07157717e+00   1.67522148e+01   1.64556919e+01
   1.07858712e+01   5.41848872e+00   2.17018901e+00  -1.14581600e+00
  -3.88337635e+00   2.21271445e+00   2.33362467e+00   3.45209273e+00
   7.89766648e+00   1.33654448e+01   7.16160291e+00  -3.19140175e+00
  -8.34735570e+00  -1.12299148e+01  -9.56037669e+00  -6.00352065e+00
  -5.03231865e+00  -7.72320214e+00  -8.45067131e+00  -7.40644264e+00
  -6.61836929e+00  -5.45509852e+00   2.73228908e+00  -3.70341775e-01
  -5.29035839e-01   6.42469393e+00   7.32109327e+00   3.75782693e+00
   1.71404088e+00  -7.05735066e-01  -5.48513636e+00  -4.67187127e+00
   9.29504524e-01   3.39660711e+00  -3.71428733e+00   8.06188090e-01
   4.32483513e+00   1.16470671e+00  -6.87287835e+00  -3.03676432e+00
   1.87035180e+00   2.69615067e+00   1.10887678e-01  -5.85957900e+00
   1.48670086e+00   3.44271553e+00   2.40276794e+00  -3.20582806e-01
  -1.51752030e+00  -9.66296271e-01  -1.02134716e+00   4.78881694e+00
   2.36866981e+00   3.54648763e+00   4.12308249e+00   5.00209529e+00
   6.15510906e+00   2.98950812e+00  -2.87249708e+00  -4.33626118e+00
  -2.06142688e+00  -3.15798817e+00  -8.22626708e+00  -6.48741450e+00
   7.02934587e-01   7.04849034e+00   8.61575066e+00   1.11826879e+01
   1.24448821e+01   1.34632360e+01   1.09698345e+01   7.00191054e+00
   4.72950695e+00   1.35206058e+00  -6.22879716e-01   2.16335806e+00
   1.15220465e+01   1.51865784e+01   1.29425081e+01   4.05826698e+00
   7.47139088e+00   1.34413782e+01   1.06479509e+01   4.80614793e+00
   3.38857764e+00  -1.98736413e+00  -9.63371325e+00  -1.10571277e+01
  -1.38840090e+01  -1.72342289e+01  -1.53323332e+01  -8.76191036e+00
  -4.14525127e+00  -6.74091913e+00  -9.24381619e+00  -1.43461236e+01
  -1.12633679e+01  -3.81709164e+00  -8.64836520e-01   5.60843278e+00
   6.24506256e+00  -2.36726141e+00  -2.64098051e+00  -3.93913292e+00
  -7.47751955e+00  -6.82750018e+00  -3.19438884e+00   3.64346173e+00
   5.43056591e+00   4.94904850e+00   2.68646895e+00   2.48519748e+00
   1.26021738e+00   2.20643946e+00  -7.32913451e+00  -6.01810720e+00
  -9.08787230e-01   8.00918513e+00   1.74834200e+01   1.82884296e+01
   9.11551544e+00   6.86324905e+00   8.43270450e+00   1.68886707e+01
   1.91936484e+01   1.71491111e+01   1.61449648e+01   1.17374546e+01
   1.13264588e+01   1.09396336e+01   1.27008704e+01   1.48484736e+01
   2.46255936e+01   2.57527930e+01   2.58101903e+01   2.00302260e+01
   1.34655330e+01   1.06046532e+01   5.51927978e+00   1.95674858e+00
   7.62493091e-01   3.88141924e-01   4.26836321e+00   5.44213900e+00
   7.97331726e+00   5.51412206e+00  -1.68966690e+00  -3.93431184e+00
  -4.81898275e+00  -3.29392704e+00  -2.21990367e+00  -4.02996539e+00
  -6.69423390e+00  -6.80464052e+00  -6.10893166e+00  -8.02384597e+00
  -2.91253464e+00   2.42767195e-01   6.90624521e+00   1.28294911e+01
   1.77973699e+01   1.65292693e+01   1.26796139e+01   5.67918623e+00
   4.05794231e+00   4.55605568e+00   4.80837603e+00  -7.61121797e-01
   4.73676771e-01   8.84758595e+00   1.28408620e+01   5.71335370e+00
  -7.14450745e-01  -1.80690424e+00  -1.29301075e+00  -2.62655308e+00
  -9.97015515e+00  -1.43154648e+01  -1.22777009e+01  -5.28001757e+00
   8.36624838e-01  -2.30543891e+00  -5.51955155e+00  -5.27686431e+00
  -2.62120249e+00   4.23535790e-02   7.29200551e+00   1.03761074e+01
   8.84020808e+00   8.24968022e+00   6.23047448e+00   6.51255960e+00
   9.02397727e+00   1.21582954e+01   1.49733100e+01   1.13155994e+01
   1.45340077e+00   4.25189685e-01   3.41871721e+00  -1.80898189e+00
  -4.10912818e+00  -3.62334173e+00  -3.27550086e+00   1.39816349e-02
   4.63148192e+00   5.59803675e+00   1.45608322e+00   1.48651494e+00
   1.18676448e+00   2.11468891e+00   7.38862854e+00  -3.29937512e+00
  -8.25012020e+00  -9.53636034e+00  -6.08857577e+00  -9.33724044e-01
  -4.78291606e+00  -1.67365025e+00   2.86787531e+00   6.66634781e+00
   1.18776796e+01   1.62732743e+01   1.31121283e+01   8.85880723e+00
   3.56923875e+00   1.11685456e+00  -9.04454367e-01   4.30604275e+00
   9.12054787e+00   9.70436167e+00   1.38016635e+01   1.90883866e+01
   2.08445767e+01],[  1.73339923e-01  -7.15709499e+00  -9.76686269e+00  -8.83466969e+00
  -7.81333041e+00  -6.78884707e+00  -3.81204697e+00  -3.34757905e+00
  -7.91247161e+00  -5.79149493e+00  -5.17344944e+00  -9.46649473e+00
  -1.25390726e+01  -5.68558934e+00  -4.04101551e+00  -5.42755088e+00
  -1.00915847e+01  -1.28768481e+01  -6.04766484e+00  -2.31512249e+00
  -4.99971699e+00  -5.53502942e+00  -2.29925005e+00  -2.82796980e+00
   9.11183794e-01  -7.09369365e+00  -1.02896129e+01  -9.55953277e+00
  -5.92905386e+00  -3.22002047e+00  -5.60727284e-01   3.63801665e+00
   1.38708629e-01   1.30363037e-01  -3.66038089e+00  -6.30878617e+00
  -6.59198447e+00  -4.83887548e+00  -5.34323054e+00  -8.27017516e+00
  -1.22051589e+01  -1.63886304e+01  -1.58727408e+01  -1.19912997e+01
  -1.44866465e+01  -1.71934338e+01  -1.75968168e+01  -1.34550733e+01
  -9.67669475e+00  -1.28038432e+01  -1.71222738e+01  -1.95157522e+01
  -1.82638039e+01  -1.88513043e+01  -2.06534045e+01  -1.36833227e+01
  -1.19621360e+01  -1.55202114e+01  -1.62637788e+01  -1.36950344e+01
  -1.20528282e+01  -1.05537677e+01  -7.46198496e+00  -3.31310778e+00
  -5.69780580e+00  -4.46135832e+00  -6.21819148e+00  -5.94417943e+00
  -4.28473560e+00  -8.92772340e-01  -3.74061922e+00  -9.41843704e+00
  -6.68002149e+00  -8.12428485e+00  -1.04213824e+01  -1.16954277e+01
  -1.01127872e+01  -1.41424541e+01  -2.11120428e+01  -1.38517258e+01
  -1.64617307e+01  -1.37338496e+01  -1.19612286e+01  -9.11916541e+00
  -7.41935456e+00  -8.90835918e+00  -1.11828993e+01  -8.61187013e+00
  -2.45469807e+00  -4.15647931e+00  -1.01144911e+01  -1.46007455e+01
  -1.40527880e+01  -2.63633614e+00   5.03755930e-01   2.92397823e+00
   6.93470250e+00   9.19278646e+00   1.33331485e+01   1.40488453e+01
   9.72330879e+00   5.11734779e+00  -1.39987711e+00  -7.06826822e+00
  -1.17436579e+01  -1.20320119e+01  -1.36664083e+01  -1.45506890e+01
  -1.29063752e+01  -1.52071336e+01  -1.21605420e+01  -8.97481510e+00
  -8.20708441e+00  -9.39932112e+00  -6.18809214e+00  -3.03421142e+00
  -6.20972498e+00  -9.62370380e+00  -1.44913207e+01  -1.75448917e+01
  -8.37050134e+00  -1.61947792e+00  -1.35456344e-01   2.16664283e+00
   5.55216492e+00   2.87090832e+00  -5.82301429e-01  -6.70648066e+00
  -4.63720946e+00  -6.22717175e-01   5.14152683e+00   2.22718757e+00
  -1.29818455e+00  -5.35833135e+00  -9.63147437e+00  -1.91230585e+00
   3.16257813e+00  -1.41777160e+00  -4.45284838e+00  -6.01119105e+00
  -4.59389723e+00   2.26694090e+00  -8.45887974e+00  -1.19376736e+01
  -9.31876505e+00  -3.38950639e+00  -2.89233039e-01  -4.39552900e+00
  -7.23472717e+00  -7.02196734e+00  -7.36802682e+00  -6.67113315e-01
  -6.55139038e-01  -1.20445616e-02   6.90337632e-01  -3.66351203e+00
  -2.85570409e+00  -3.96255577e+00  -3.25708684e+00  -3.54833698e+00
  -7.98020691e+00  -1.24521149e+01  -6.94653696e+00  -6.06497869e-01
   3.04598710e-01  -3.98941888e+00  -7.74430297e+00  -1.12452588e+01
  -1.02720680e+01  -1.09663363e+01  -4.74660493e+00  -6.15379490e+00
  -8.19693844e+00  -6.32607511e+00  -2.82451916e+00  -1.64829547e+00
  -4.21725927e-01  -5.25034506e-01   6.12612541e-01  -3.62815662e+00
  -5.37341193e+00  -5.80591580e+00  -6.66749781e+00  -2.14146663e+00
  -2.09317409e-01  -6.45931296e+00  -1.02986342e+01  -6.18026902e+00
  -3.04136967e+00  -4.41738168e+00  -7.55898916e+00  -1.26232674e+01
  -1.20225273e+01  -1.09845064e+01  -7.32383847e+00  -2.65661214e-01
   1.29694213e+00   2.39699675e+00  -3.39094110e+00  -1.06848566e+01
  -8.85684968e+00  -6.15625913e+00  -6.65377075e+00   1.39465232e+00
   8.43381011e+00   3.36679103e+00   2.51641989e+00   5.61366680e+00
   2.75036335e+00   1.93599957e+00   5.94104940e+00   4.30754530e+00
  -5.34305991e+00  -7.54117585e+00  -6.37143080e+00  -7.01726351e+00
  -7.91468390e+00  -6.64852537e+00  -7.50109958e+00  -8.47271701e+00
  -8.18271357e+00  -4.57055600e+00   2.24419127e+00  -8.45082452e-01
  -8.03707789e+00  -1.11407254e+01  -6.20605717e+00  -9.89329684e+00
  -1.05063234e+01  -3.11212387e+00   1.89102121e+00   2.67889013e+00
  -4.21946737e+00  -1.22282443e+01  -1.12100213e+01  -6.22235125e+00
  -5.66191171e+00  -8.25360678e+00  -1.72987468e+00  -5.61694157e-01
  -1.95848797e+00  -2.85859546e-01  -1.94613158e+00   8.54270687e-01
  -2.83494788e+00  -6.47800656e+00  -1.83464733e+00   3.38864966e+00
  -1.17546835e+00  -8.25463375e+00  -8.71313353e+00  -7.22055127e+00
  -1.00988186e+01  -7.48710333e+00  -1.45698819e+01  -1.46809331e+01
  -1.17946158e+01  -1.05453122e+01  -1.17317635e+01  -1.39768215e+01
  -1.10000899e+01],[  0.92479935  -4.33996314  -3.82513428   1.56929547   0.53844126
   1.08436408   6.56050334   5.53747335  -0.58797907   0.95203108
  -1.30085831  -2.90231124  -7.47838154  -4.14113662  -6.25525656
  -9.60827527  -5.48535685  -6.73443533  -0.62950526  -2.79439095
  -4.79564675  -6.4827731   -7.55361479  -4.50190169  -3.73900843
 -11.01359604 -17.41792715 -16.1808616  -12.00326734 -16.66272108
 -20.59344881 -12.98285862 -10.00975827  -8.94418371 -11.86269175
 -13.80609601 -16.91000392 -16.57405566 -12.68158779 -14.22176292
 -19.64216582 -15.99910373 -11.18305766  -5.34136886  -4.50488991
  -3.43463852  -2.987899    -1.00011024   0.24835358  -3.3794147
 -11.64786515 -13.4956222  -15.53398111 -17.19475906 -16.64773808
  -6.74931855  -7.43876334  -9.95401447  -3.57838822  -1.36921982
  -5.41857928  -8.78847948 -10.21809748  -8.11762939  -9.95334655
  -7.47403214  -6.19585597  -7.7746762  -12.33058116 -14.54962871
 -10.95978367  -8.78741503  -4.76291309  -3.79382439  -3.97943279
  -3.85621786  -3.36422971  -0.93113267  -5.90468015  -6.97593418
  -7.28290988  -5.66867331  -7.07047763  -4.19154873  -5.30660677
  -7.85127876  -3.735853    -1.34286147   1.55038475  -3.30368191
  -6.65100995 -11.20568537 -15.34254134  -7.69337088 -11.09458367
 -18.95464628 -21.24697478 -19.01257918 -15.88184183 -17.22839417
 -18.10792248 -13.9444084  -11.88693501 -11.64495059 -16.52877416
 -18.15989097 -10.02822725  -7.37483727  -9.54848714 -12.0382832
 -11.3389378   -8.70257597  -8.88527165  -7.3309134   -7.76491796
  -9.68747324  -8.81912638  -1.67176864  -1.91211609  -8.28854601
 -11.90989738 -10.54425947  -6.52284802  -4.90624272  -5.6902535
 -10.64738689 -13.24816584 -12.64115363 -15.86110864 -14.15317348
  -5.52016441  -5.98382404  -7.23267842  -9.69632932 -10.59789082
  -5.09365665  -6.57733474  -3.97729058  -3.54538176  -8.35086174
  -6.89386272   6.24411554   4.51091152   2.58969794   0.49820227
  -3.71449285 -12.80243843 -19.87203589 -25.37074508 -26.54937157
 -26.33866689 -17.86300585  -9.78654215  -0.8340032    5.69178794
   9.8465108    8.83013837   6.06670753   2.75801742  -4.63543785
 -12.22518949 -17.88246146 -20.58625425 -20.34647358 -15.89708346
 -10.77062048  -8.93382982 -12.6675667   -9.47361708 -10.24282906
  -2.63434606 -11.48003325 -17.51373761 -12.95105281  -8.06598208
 -10.35842099 -10.22118645  -7.10342726  -4.83567774  -9.19041974
 -12.56175481 -12.89813248  -7.289974    -8.04829987  -6.37742156
  -8.28807288  -3.65643971  -2.77205104  -4.62322476  -6.87070827
  -7.88280249  -7.04852752  -4.53939231  -7.14143601  -8.71455972
  -0.58125062  -4.4935768  -14.66127319 -14.23889266  -7.58755798
  -3.21013365  -2.07978182  -6.53545697  -4.41380087   0.48357285
  -1.95650526  -5.86652607  -5.58341945  -8.48393591  -3.96702163
   5.03750199  -0.29799342  -3.74386427  -9.45996915 -13.58712105
 -16.4377932  -19.63899435 -19.69159836 -18.36460107 -21.25839189
 -22.1559878  -22.4258457  -20.1648385  -18.91762494 -17.33762063
 -11.88762658  -3.70577864  -7.27045182 -14.35565942 -13.98801889
  -9.25123736  -5.65048789 -11.50099176 -17.94146879 -15.17881452
 -13.1548048  -10.58861987  -4.43220748   1.29214731  -1.14416586
  -6.06760069  -1.75684604  -2.5521111   -6.28450015  -7.88778273
  -7.89189608  -5.37425549  -5.89847223 -14.93400298 -22.51962664
 -21.00475857 -15.43295885 -12.98078958  -9.27220333 -14.17193864
 -18.17789107 -18.54652259 -23.10341356 -24.30153834 -18.84042567
 -14.69910144],[  2.46817425e+00  -1.69249873e+00  -3.23472539e+00  -2.31916603e+00
  -6.09131533e+00  -9.74826901e+00  -6.13098559e+00  -5.28134040e+00
  -1.11713575e+01  -2.44449090e+00   2.63303385e-01  -1.94312280e+00
  -6.29523453e+00  -3.49984494e+00  -2.43664824e+00  -6.07371254e+00
  -4.73864303e+00   1.30462814e+00   4.41722905e+00  -5.79717254e-02
  -2.21195992e+00  -4.33083862e+00  -7.20802143e+00  -7.78941312e+00
  -5.07661023e+00  -1.05958750e+00   1.15285121e+00   1.73893177e+00
  -2.03875760e+00  -6.97516020e+00  -1.21416258e+01  -1.19392964e+01
  -7.23355580e+00  -5.70364340e+00  -6.76991402e+00  -3.17509941e+00
   1.22925821e+00   6.97197516e-01  -3.48835801e+00  -6.74822530e+00
  -8.24203162e+00  -7.12208847e-01   9.32734678e-01  -1.06777594e+00
  -1.78626050e+00  -2.99983162e+00  -9.05823458e+00  -1.15212012e+01
  -1.25214127e+01  -5.60662574e+00  -2.90784879e+00   3.44633410e-01
  -4.21701856e-01  -2.50477351e+00  -6.64193600e+00  -4.12225437e+00
  -4.05545285e+00  -5.26811489e+00   6.03728269e-01   6.10803295e+00
   4.58096014e+00   4.65704233e-01  -3.38180218e+00  -2.15579506e+00
  -3.33462345e+00  -1.73618235e+00  -4.80364715e+00  -7.62937273e+00
  -8.78420451e+00  -1.20135306e+01  -1.22701133e+01  -1.13755187e+01
  -4.17972806e+00  -2.45044238e+00  -2.86403624e+00  -4.31471318e+00
  -7.12712469e+00  -3.94772817e+00  -6.16611987e+00  -1.02326755e+01
  -1.21975358e+01  -1.03981727e+01  -1.05761428e+01  -1.41193310e+01
  -1.48050301e+01  -1.03582262e+01  -3.94095274e+00  -5.83935542e+00
   1.89942804e-02  -7.36447258e-01  -4.35012095e+00  -2.21243524e+00
  -6.21707259e+00  -1.27466431e+00   6.33582384e+00   6.11114372e+00
   4.08295228e+00  -3.49429787e-01  -2.46953294e+00  -5.66528518e+00
  -6.83147139e+00  -5.72126788e+00  -4.29824037e+00  -4.66592101e+00
  -5.63104945e+00  -5.17068843e+00  -5.99932097e+00  -5.22337946e+00
  -6.29800096e+00  -2.94342441e+00  -6.17768509e+00  -8.21138131e+00
  -8.58747799e+00  -8.03649193e+00  -1.01382206e+01  -9.51304779e+00
  -6.34703625e+00  -1.53512062e+00   4.44509832e+00   6.31433147e+00
   5.65441401e-01  -9.42622940e-01   5.15136895e+00   9.50407927e+00
   1.10302520e+01   4.88300675e+00  -4.36505376e+00  -5.31716262e+00
  -8.32394099e+00  -1.82842890e+01  -1.99530984e+01  -2.41685637e+01
  -2.49659298e+01  -2.53609495e+01  -1.82993589e+01  -1.46144186e+01
  -1.66197484e+01  -1.12637485e+01  -1.20239005e+01  -1.78018938e+01
  -1.30119150e+01   4.13046330e+00   6.54442221e+00   6.93834436e+00
   6.92170833e+00   4.54176757e+00  -1.44259845e+00  -5.29899928e+00
  -5.67649356e+00  -1.71033679e+00  -8.90034318e-01   3.14630431e+00
   4.79055218e+00   6.12849896e-01   8.88977982e-01   2.20879285e+00
   3.40932877e+00   4.40454058e+00   7.70915236e+00   8.57465803e+00
   1.18162233e+01   1.38467299e+01   9.29091438e+00   2.24133104e+00
   1.68769676e-01   6.72815755e+00   9.36623572e+00   8.16449497e+00
   1.04641610e+01   7.31157382e+00   8.35544860e+00  -1.32579661e+00
  -5.85952689e+00  -4.36949349e+00  -1.98060761e+00  -1.35032416e+00
   6.28155394e-01   2.85875642e+00   3.76332635e+00   4.91365970e+00
   5.06887691e+00  -1.18155335e+00   2.12552443e+00  -8.48858534e+00
  -3.43444826e+00  -2.56396394e+00   4.53658731e-01   5.60629818e+00
   7.35940785e+00   4.62582239e+00  -7.17089810e-01  -5.80721926e+00
  -2.45281813e+00  -2.37809128e+00  -9.30286392e+00  -7.07797157e+00
  -4.22411504e+00  -6.63242555e+00  -4.30704697e+00   2.53327924e+00
   2.63653076e+00  -5.32501932e+00  -6.94359473e+00  -8.56484390e+00
  -8.21710232e+00  -3.29835306e+00  -3.75193689e+00  -5.21935489e+00
  -8.23473113e+00  -1.10965288e+01  -1.23679658e+01  -1.64439022e+01
  -8.13353275e+00  -3.79151632e+00  -2.80104237e+00  -1.31910832e+00
  -5.29778253e+00  -7.21114699e+00  -5.86729270e+00  -5.75871584e+00
  -3.60459356e+00  -2.74004754e+00  -5.87720038e+00  -1.24065603e+01
  -1.02044301e+01  -3.23668770e+00  -1.08520367e+00  -8.63074228e+00
  -1.41206968e+01  -8.57996192e+00  -4.09584072e+00   1.70375008e+00
   2.74194557e-01   1.49486496e+00   1.25426634e+00  -6.57950173e-01
  -2.65301896e+00  -1.99294931e+00  -9.46655602e-01  -4.45675723e+00
  -9.10755311e+00  -6.38334207e+00  -2.60870738e+00  -6.99350429e-01
   5.07112128e+00   6.83677551e+00   5.10707962e+00   1.49289232e+00
  -4.52228169e+00  -6.47481050e+00  -4.62312563e+00  -9.46160731e+00
  -1.30557199e+01  -1.22944050e+01  -1.42611746e+01  -1.22896998e+01
  -8.19244191e+00  -1.00872299e+01  -9.31097985e+00  -2.47827235e+00
  -2.60592284e+00],[  3.49099965e+00   2.45573696e+00   2.92347676e+00  -1.63782202e-01
  -4.65325037e+00  -5.38796702e+00  -7.36082178e+00  -8.41824171e+00
  -1.01763150e+01  -2.32205178e+00   7.12626868e-01   1.65888563e+00
  -3.25257573e-01  -4.13398386e+00  -3.50746079e+00   6.19572724e+00
   1.00343053e+01   6.77580920e+00   7.03029123e+00   8.88275738e+00
   8.63656055e+00   6.97330710e+00   3.20510150e+00  -1.12048314e+00
  -3.08920397e+00  -1.54413867e+00   3.58606425e+00   6.54651864e+00
   5.12706408e+00   1.01391883e+01   1.65611771e+01   1.13870708e+01
   1.00925849e+01   3.68623130e+00  -8.81572861e-01   1.57207351e-01
   5.04839555e+00   6.25798438e+00   8.60557102e+00   9.32634281e+00
   1.10755918e+01   1.50659340e+01   1.88539974e+01   1.87010186e+01
   1.31845281e+01   7.99251807e+00   2.87165842e+00  -6.34749578e-01
  -5.12445059e+00  -7.52561654e+00  -5.70219122e+00  -3.37957214e-01
   3.35632309e+00   2.23870949e+00  -1.11248270e-02   1.88296588e+00
   5.55243788e-01  -6.25515190e+00  -3.53454330e+00  -2.39632916e-01
  -3.56905948e+00   1.79050467e-02  -1.35943766e+00   9.02703683e-01
   2.44376406e+00   2.26928930e+00   1.23236793e+00  -2.31261235e+00
  -5.31967810e+00  -1.00850532e+00   1.10289476e+00  -1.68800285e+00
  -4.56522726e-01  -1.19980306e+00  -1.29886278e+00  -2.59577289e+00
  -6.94607857e+00  -3.85556337e+00  -3.27539517e+00  -5.19785091e+00
  -1.30204715e+01  -1.41832597e+01  -1.15940436e+01  -1.04977056e+01
  -9.58851354e+00  -4.05519555e+00   1.32471298e+00  -4.08213153e+00
  -2.26897678e+00  -1.70815436e+00  -3.57584964e+00   6.31920666e+00
   3.50527593e+00  -9.51029275e-01  -2.07222231e-01   4.63096127e-01
   1.37378504e+00   3.88959108e+00   5.56460308e+00   7.59475212e+00
   6.49195579e+00   7.07938829e+00   6.10652767e+00   1.05762569e+00
   5.55838602e+00   8.76551148e+00   2.77259626e+00   1.00275623e+01
   8.54195771e+00   7.23427051e+00   4.80651469e+00  -1.81540928e-01
  -5.93785074e-01   2.31585811e-01   3.09161987e+00   6.43035520e+00
   6.41402926e+00   1.31251003e-01  -2.16888288e+00  -4.25466988e+00
  -5.15792637e+00  -4.02121404e+00  -3.80481619e+00  -8.51802443e+00
  -9.66763246e+00  -1.05943534e+01  -7.68662317e+00  -6.31563248e+00
  -3.79654423e+00   2.70492321e+00   1.17396394e+00   1.34239350e-01
   2.61326233e+00   3.74712697e+00   7.80065768e+00   9.18236750e+00
   1.12305004e+01   5.08067792e+00  -3.13305019e+00  -7.84064937e+00
  -9.39878279e+00  -3.58019217e+00  -4.26999830e+00  -9.39678350e+00
  -1.21433343e+01  -1.29345036e+01  -1.44870010e+01  -1.27943393e+01
  -8.53175078e+00  -4.57016518e+00   2.42392069e+00   9.32159010e-01
  -7.17517895e+00  -1.37716772e+01  -1.79877433e+01  -1.87766514e+01
  -1.39266946e+01  -1.19159793e+01  -1.35533531e+01  -1.20046142e+01
  -8.63146221e+00  -3.98720908e+00   9.75846458e-01   2.24173217e+00
  -1.73955287e+00   5.02677911e-01  -5.87449628e-01   1.62635080e+00
   3.99281904e+00   1.73295611e+00  -5.35545859e-01  -1.81681946e+00
   1.27750591e+00   7.13373908e+00   3.30524441e+00  -3.71373036e+00
  -7.44210577e+00  -4.03809145e+00  -2.70083764e+00  -6.08211580e+00
  -5.51889994e+00  -4.12260296e+00  -1.78235713e+00  -8.78343643e-01
   5.09544547e+00   4.00813797e+00  -4.83451358e-01  -4.91853841e+00
  -8.97203397e+00  -9.60980716e+00  -1.13063801e+01  -1.63263782e+01
  -1.07124789e+01  -5.14929203e+00  -8.02300589e+00  -8.05100295e+00
   2.13404760e+00   5.92505610e+00   6.64261617e+00   5.95859915e+00
   1.11568864e+00  -1.40298375e+00   5.59312992e-01  -1.56724573e+00
  -1.12865018e+00  -9.49772894e-02  -8.26729146e-01  -5.16789048e+00
  -8.19636593e+00  -5.54404305e+00  -2.73196367e+00   3.07244055e+00
   1.42014102e+01   1.51115320e+01   1.10446812e+01   7.85743123e+00
   6.33446273e+00   7.72497797e+00   9.48372016e+00   5.71345538e+00
   3.26530479e-01  -3.36236096e-01   4.65310031e-01  -2.14585737e+00
  -7.41134331e-01   2.36442364e+00   5.79647882e-01   3.21358266e-02
  -3.76848807e-01   1.12998723e+00  -2.07469637e+00  -2.48136244e+00
  -1.45483195e+00  -1.33939256e+00   9.01399902e-01   3.07891944e+00
   3.78339822e+00   2.21543809e+00   1.31170984e-01  -4.45093551e+00
  -1.28874913e+01  -1.71277772e+01  -1.60160637e+01  -1.23573719e+01
  -3.06646994e+00  -3.20621010e+00  -5.50918534e+00  -5.02424380e+00
  -6.74992007e+00   1.07949795e+00   1.09514760e+01   5.35532792e+00
   6.50143230e-01  -2.51509713e+00  -1.01871041e+01  -1.11553914e+01
  -6.37907759e+00  -6.38824457e+00  -6.95466837e+00  -2.68444714e+00
   3.41281506e-01],[  2.50803668e+00   7.15065834e+00   7.44618573e+00   1.57356890e+00
  -3.97084729e+00  -5.20162776e+00  -5.31413445e+00  -3.59957542e+00
  -3.65671402e+00  -2.68214895e+00  -6.18023668e+00  -9.60793716e+00
  -5.35314252e+00  -9.92426907e+00  -1.07412859e+01  -6.41744261e+00
  -1.23469110e+01  -1.83451634e+01  -1.97219242e+01  -1.48433341e+01
  -1.13492220e+01  -8.15782026e+00  -5.83278246e+00  -8.03247668e+00
  -8.12929968e+00  -1.02349394e+01  -9.48651925e+00  -7.40588420e+00
  -7.39280357e+00  -3.01438455e+00  -2.03419470e+00  -2.86067709e+00
  -7.16677778e+00  -1.06669075e+01  -6.29632743e+00  -7.46809853e+00
  -9.39108632e+00  -8.85267791e+00  -4.40758937e+00  -8.27825206e+00
  -1.54635683e+01  -2.00020313e+01  -1.81845296e+01  -1.62398922e+01
  -1.76379049e+01  -1.40058801e+01  -4.29445330e+00   1.05637584e+00
   2.59916600e+00  -5.90153951e+00  -5.73560018e+00  -3.32919211e+00
  -4.52444819e+00  -2.34961218e+00   2.90229935e+00   4.54722544e+00
   1.23874123e+00  -9.74149973e+00  -1.18589413e+01  -7.26013324e+00
  -1.42921212e+01  -1.11767420e+01  -1.32286753e+01  -1.53524934e+01
  -1.24236187e+01  -1.35487629e+01  -1.17269503e+01  -1.14481301e+01
  -1.13231309e+01  -6.99150581e+00  -3.36441249e+00  -6.61251737e+00
  -1.09553586e+01  -1.16319753e+01  -1.34987310e+01  -1.58708765e+01
  -1.77500415e+01  -1.46845004e+01  -1.06230661e+01  -1.05552630e+01
  -1.05792130e+01  -1.19525358e+01  -9.12210809e+00  -8.39537459e+00
  -7.83204039e+00  -9.36492262e+00  -9.32562091e+00  -1.29366246e+01
  -1.13154011e+01  -1.12461546e+01  -1.19455560e+01  -2.49257743e+00
  -2.67445052e+00  -2.65272948e+00  -1.41043626e+01  -1.20767953e+01
  -1.25598111e+01  -1.49712935e+01  -1.66330000e+01  -1.88797471e+01
  -2.25196758e+01  -2.27662785e+01  -1.82951335e+01  -1.43144012e+01
  -7.87913125e+00  -5.60775518e+00  -3.54964983e+00  -3.40905160e+00
  -5.05723027e+00  -3.84577611e+00   1.17263983e+00  -1.65529312e+00
  -3.43394634e+00  -5.37128927e-01   6.14325525e+00   5.50930889e+00
   2.76666097e+00  -8.88029919e-01  -3.95343304e+00  -5.53523822e+00
  -3.87041610e+00  -4.85233969e+00  -7.12438307e+00  -1.56533979e+01
  -1.40473303e+01  -6.15078335e+00  -3.40268321e+00  -1.46274747e+00
  -4.38801035e+00   4.67955700e+00   6.41565475e+00   1.97849004e+00
   2.01519033e-01  -1.73782692e+00  -1.01070427e+00   7.18245546e-01
   2.69165414e+00  -4.98741715e-01  -3.96945107e+00  -3.35637384e-01
  -6.53849100e+00  -9.94912268e+00  -8.51301956e+00  -5.66214791e+00
  -5.46603066e+00  -4.89697799e+00  -1.21323958e-01   6.50878343e+00
   2.13704657e+00  -1.99600439e+00  -6.49797971e-01  -5.63863235e+00
  -9.95914166e+00  -1.34273316e+01  -1.47476331e+01  -1.39846906e+01
  -1.60591358e+01  -1.87770926e+01  -2.15313187e+01  -2.32290323e+01
  -2.31412418e+01  -2.50270871e+01  -2.05326265e+01  -1.54802651e+01
  -1.61455641e+01  -1.44885126e+01  -1.59340896e+01  -1.20487530e+01
  -1.14992203e+01  -1.40279432e+01  -1.51323278e+01  -1.00739561e+01
  -6.74858079e+00  -4.81193417e+00  -2.26169798e+00  -6.34716699e+00
  -9.91532042e+00  -7.13168577e+00  -2.95992319e+00  -2.94001165e+00
  -2.77541422e+00  -6.38872182e+00  -7.69210887e-01  -2.39541134e+00
  -1.00160979e+01  -9.35348123e+00  -6.10986645e+00  -3.64130545e+00
  -4.99841596e+00  -3.92173846e+00  -6.50579064e-01  -2.91144530e+00
  -2.42483140e+00  -3.82724695e+00  -6.42884173e+00  -8.61435961e+00
  -5.36154159e+00   6.81545354e-01   1.60759058e+00  -6.11553552e-02
  -1.14476256e+00   3.56801117e+00   2.65173994e+00  -3.34009354e+00
  -7.68598855e+00  -3.15461069e+00  -6.18645759e-01  -1.33956349e+00
  -4.92614537e+00  -7.85546379e+00  -1.25372347e+01  -1.24827215e+01
  -1.01749997e+01  -1.23613996e+01  -1.65216285e+01  -1.58104613e+01
  -1.17484973e+01  -6.85150281e+00   5.81970987e-01  -9.02578630e-03
  -6.32252003e-01   3.59097749e-03  -2.31808429e+00  -3.10103910e+00
  -2.71177887e+00  -3.39622229e-01  -4.27362652e+00  -1.68061727e-02
   2.30875874e+00  -1.22928890e+00  -1.15760322e+01  -1.63559840e+01
  -1.51654113e+01  -1.34393087e+01  -1.34811418e+01  -9.68706391e+00
  -2.73198375e+00   6.60259170e-01   8.47076071e+00   8.15053550e+00
   1.53026295e+00  -3.21767312e+00  -1.15115077e+00  -2.30361569e+00
   5.35981468e+00   5.07354058e+00   7.51777159e-01   9.83468631e-01
   2.49534820e+00   3.53656678e+00   8.97110567e+00   5.61588470e+00
  -4.85944245e-01  -8.30362807e+00  -1.06285810e+01  -1.08950070e+01
  -1.23576998e+01  -1.37935491e+01  -1.52880440e+01  -9.98810276e+00
  -7.79890782e+00],[ -3.55578608e-01  -6.68187071e-01  -1.79610759e+00  -1.74005900e+00
   3.31578955e-01  -6.84201120e-01  -4.92676705e+00  -8.34077513e+00
  -9.76954842e+00  -5.77661381e+00  -2.00116970e-01  -3.71036710e+00
   3.68862147e+00   3.82977607e+00   4.61470056e+00   4.31498531e-01
  -6.58472043e+00  -7.51729714e+00  -1.07102363e+01  -8.94624211e+00
  -6.80094994e+00  -3.87957738e+00  -2.43391058e+00  -5.45693193e+00
  -9.84565060e+00  -6.93360257e+00  -6.16699012e+00  -8.90855461e+00
  -1.18782548e+01  -9.76249783e+00  -1.71517966e+01  -1.08062532e+01
  -8.88917120e+00  -1.42536980e+01  -9.98817321e+00  -9.47305837e+00
  -1.05757674e+01  -1.58661725e+01  -1.61025398e+01  -1.30806366e+01
  -1.44947363e+01  -2.21912454e+01  -2.40621043e+01  -1.68793832e+01
  -1.54322641e+01  -1.57217579e+01  -1.50432111e+01  -1.44322776e+01
  -1.22679504e+01  -1.02987974e+01  -5.95057679e+00  -5.07389562e+00
  -6.44302474e+00  -7.42311864e+00  -7.13770412e+00  -6.69321018e+00
   4.52806686e-01  -5.19878327e-01  -9.96310638e-01   4.67874266e+00
   2.22400146e+00   5.44798382e-01  -8.34357188e-01   4.90923482e-03
   8.54928825e-01  -7.10341088e-02   2.20888187e+00   4.62816491e+00
   3.82199432e+00   7.29080212e+00   4.10693386e+00  -1.63066472e+00
  -5.40864235e+00  -2.70383871e+00  -5.41943753e-01  -2.23252173e-01
   1.81150873e+00  -2.69773214e-01  -2.08997089e+00  -1.14938023e+00
  -3.14305464e+00  -9.66841108e-01   3.44871166e+00  -9.44004343e-01
  -2.83827437e+00  -6.58581497e+00  -6.21398572e+00  -1.90574790e+00
   6.58062445e+00   5.26160887e+00  -1.45624353e+00  -8.15999849e+00
  -1.20294080e+01  -1.20139890e+00   6.15950733e+00   7.24830682e+00
   2.99201941e+00   3.94211607e-01  -1.01590324e-02  -3.92166786e+00
  -5.31180104e+00  -9.30509257e+00  -1.12636231e+01  -9.00521489e+00
  -9.02845147e+00  -1.03718512e+01  -3.92703942e+00  -5.64373447e+00
  -4.93778882e+00  -2.01877659e+00  -6.73498265e-01  -4.33520758e+00
  -1.30991739e+00  -2.70939811e-01   1.21472485e+00  -6.34479775e+00
  -1.12156142e+01  -9.61233092e+00  -5.81236189e+00  -3.16630114e+00
   2.34688298e+00   6.54160653e+00   6.99435277e+00   4.90230876e+00
   6.13986757e+00   6.02915338e+00  -2.15376117e+00  -8.01355765e+00
  -6.80765744e+00  -9.29479518e+00  -7.54761761e+00  -1.00134381e+01
  -1.09119963e+01  -1.37922302e+01  -1.48597875e+01  -1.29379211e+01
  -1.26521197e+01  -1.32646536e+01  -1.18105871e+01  -5.73158116e+00
  -1.17461660e+01  -1.46120248e+01  -1.27092873e+01  -3.08590588e+00
   8.85397404e+00   1.24059635e+01   1.07634631e+01   7.55656658e+00
   8.57748252e+00   6.68317034e+00   5.26398011e+00   5.71984927e+00
   8.50815083e+00   3.73454626e+00   1.28067334e+00  -1.37525941e+00
  -1.70645875e+00  -3.69286799e+00  -2.83039712e+00   3.73940704e-01
   1.26281937e+00  -8.88520519e-01   8.93837863e-02   3.36694965e+00
   3.76813473e+00   1.74188899e+00   1.94127931e+00   2.69017981e+00
  -2.34252007e+00  -6.84999816e+00  -1.10573226e+01  -1.39318239e+01
  -1.39140359e+01  -1.51426237e+01  -1.09198231e+01  -6.58015767e+00
  -5.58002291e+00  -2.35735107e+00  -6.04552763e-01  -6.64577242e+00
  -5.17822423e+00  -8.18402586e+00  -3.73801956e+00   1.27034670e+00
  -6.24805754e+00  -5.92607673e+00  -3.90287692e+00  -5.34314060e-01
   6.92652725e-01   2.58757893e+00   6.70698192e+00   1.74645566e+00
  -1.60600478e+00  -3.24286956e+00  -5.12461584e-01   4.93037784e-02
  -1.10482954e+00   7.38299648e-01  -5.85464680e+00  -1.20151873e+01
  -9.38466066e+00  -1.16137372e+00  -1.89570101e+00  -2.21356869e+00
  -5.17726756e+00  -6.65964266e+00  -1.08647753e+01  -1.25856196e+01
  -1.34944276e+01  -1.16246159e+01  -8.49705552e+00  -2.88621884e+00
  -9.10781270e+00  -1.77183340e+01  -2.31943845e+01  -2.04041809e+01
  -2.29895223e+01  -2.27690767e+01  -2.06287415e+01  -1.67470102e+01
  -1.11221506e+01  -6.05338751e+00  -2.48505080e+00  -2.73306828e+00
  -4.70585614e+00  -3.13800631e+00  -9.52878916e+00  -1.05253516e+01
  -6.59719455e+00  -3.31204794e+00  -4.87734411e+00   2.16983591e+00
   3.53048810e+00   5.78527333e+00  -1.27345525e+00  -5.36059442e+00
  -6.30389422e+00  -9.02034387e+00  -3.29893727e-01   5.85825183e+00
   4.41945759e+00   2.71110832e+00   4.20173197e+00  -3.87550453e+00
  -2.95620574e+00  -5.53134252e+00  -9.22438171e+00  -1.07958092e+01
  -1.06621552e+01  -6.95432271e+00  -4.70865372e-01   1.84424300e+00
   2.97668976e+00   1.73749033e+00   3.97552506e+00   6.98653800e+00
   5.03232342e+00   5.74174544e+00   8.48613260e+00   8.42585746e+00
   3.53168725e+00]