[-794.92244457 -794.41071342 -783.85393077 -613.08839854 -542.25530047
 -539.72413315 -550.93820511 -560.65792738 -578.31408643 -592.25852746
 -589.92094053 -587.31927568 -564.57699199 -480.39996016 -440.9014569
 -454.47212049 -488.38888689 -502.94580233 -511.78003735 -516.45283512
 -493.40707088 -465.0691517  -464.74582916 -465.43126516 -454.33025102
 -465.60065064 -461.41351749 -455.53727046 -449.8101662  -464.5893187
 -461.26006558 -468.27122487 -492.4137711  -521.10864228 -512.70011974
 -531.82113782 -540.4323028  -537.17994985 -542.2732471  -553.13620008
 -565.63792346 -579.3340317  -570.98130515 -560.49706179 -552.56517056
 -531.62315376 -498.6771572  -466.20568862 -432.6312481  -423.96516782
 -433.7840698  -444.92951939 -451.2480632  -450.80280044 -445.83741189
 -428.93028403 -420.34777737 -413.8113741  -403.73060751 -397.52052162
 -382.95993205 -364.28194064 -345.93926993 -334.39189768 -345.29586368
 -365.90222832 -361.2814789  -363.48219222 -369.8973316  -385.47913694
 -391.9177481  -380.81354925 -377.37639428 -383.60097925 -389.87409809
 -393.38033855 -389.78508812 -389.36735789 -397.07603486 -404.7021173
 -429.09274499 -444.6136074  -435.78751042 -436.13156376 -441.56887837
 -446.82823868 -454.47882541 -458.0875793  -453.59957693 -448.89888652
 -447.11591306 -443.29184124 -441.39513233 -441.61133253 -451.69654515
 -458.68725566 -467.59479475 -481.09044099 -484.57432836 -489.62680715
 -502.08624898 -516.40818149 -531.74689879 -534.45349559 -530.91102782
 -512.27055329 -487.7314783  -468.72090446 -457.00028599 -444.20466128
 -448.18002417 -468.95356648 -490.64389966 -492.29994554 -482.99803563
 -456.30425666 -433.47006924 -429.03928134 -428.63602623 -442.5687324
 -486.14738694 -523.99572478 -535.9201334  -538.50868357 -502.28859617
 -437.87344547 -421.29612613 -436.79639745 -457.8891599  -461.24614913
 -460.53101453 -460.31213791 -458.13332696 -448.34282705 -439.39897645
 -426.78679522 -419.85038555 -421.04715571 -428.26597351 -439.91915437
 -451.61925686 -485.63578844 -514.72260359 -498.01645748 -462.45007602
 -444.17466616 -436.61557075 -434.60250962 -433.09091041 -421.16338768
 -409.98842989 -415.18991461 -422.91210909 -424.52648382 -442.40519052
 -486.9355847  -522.36142825 -528.10883786 -515.98659286 -456.3977877
 -408.82639773 -405.88001293 -422.42760314 -408.56423261 -403.67504881
 -400.89007941 -407.10043224 -438.44730812 -446.9546897  -448.47417096
 -453.82217188 -456.6580795  -455.61694022 -454.82245911 -450.04316497
 -460.2114174  -480.56782623 -486.3233294  -484.58859624 -485.98793482
 -491.18837006 -476.94619621 -454.82475246 -431.78037027 -428.60395374
 -446.92965836 -440.99649011 -408.45358735 -377.64259881 -360.21954563
 -362.61520644 -370.71813145 -386.2173251  -400.50114476 -415.69891668
 -420.27096584 -427.06896414 -426.87786223 -433.00572284 -455.09701062
 -489.31777919 -512.58749089 -518.44352605 -512.09944584 -498.18646791
 -478.13794916 -462.06111298 -450.62531386 -445.93381959 -451.3351194
 -466.50126704 -481.34540085 -482.07305438 -471.22286071 -456.11373857
 -449.10885427 -455.57000694 -469.04119614 -485.38661486 -502.45674707
 -517.98899231 -512.24222799 -497.93553962 -482.91824986 -468.3953879
 -457.27684807 -458.90935613 -464.11169558 -467.78027654 -466.94226523
 -456.23290895 -451.24460884 -443.33560251 -428.65840293 -419.19280075
 -413.24106791 -424.95203909 -458.47562129 -499.22042192 -518.12650419
 -527.63913181 -532.21646266 -508.58224582 -481.48447883 -465.34583174
 -451.41409975 -442.90613332 -439.54943481 -441.83275942 -448.48432554
 -451.45834349 -460.12684579 -474.84318771 -480.26485795 -491.00911545
 -509.1682667  -525.33601822 -538.04603901 -559.78066011 -585.71193205
 -609.31924812],[ -1.47437618e-13  -5.77551635e-03  -3.96516909e-01   1.23419983e+02
   1.49428184e+02   1.52427896e+02   1.48357701e+02   1.48325851e+02
   1.43970665e+02   1.36723228e+02   1.28957853e+02   1.20001338e+02
   1.04364013e+02   1.10241289e+02   1.15825542e+02   1.09598091e+02
   1.09046034e+02   1.19729520e+02   1.32699049e+02   1.49614939e+02
   1.76559040e+02   1.85574333e+02   1.79068935e+02   1.74390169e+02
   1.67824266e+02   1.54520113e+02   1.57931481e+02   1.63734243e+02
   1.79259995e+02   1.81548201e+02   1.90483914e+02   1.91423096e+02
   1.82769686e+02   1.74278084e+02   1.81895150e+02   1.72136482e+02
   1.61189689e+02   1.74001028e+02   1.84495329e+02   1.79715061e+02
   1.67275297e+02   1.45609388e+02   1.37012530e+02   1.20459546e+02
   1.00910462e+02   8.93451282e+01   7.57675327e+01   7.50272264e+01
   8.22028139e+01   8.64098333e+01   9.38931338e+01   1.16507142e+02
   1.62812949e+02   1.93746560e+02   2.11573126e+02   2.25510366e+02
   2.34507526e+02   2.40644964e+02   2.49586056e+02   2.53993536e+02
   2.58062409e+02   2.60014438e+02   2.62183167e+02   2.62128952e+02
   2.56206985e+02   2.46243379e+02   2.44604469e+02   2.37399943e+02
   2.33816774e+02   2.26874739e+02   2.05386742e+02   1.84676051e+02
   1.65198593e+02   1.54870405e+02   1.58468999e+02   1.60708645e+02
   1.68406126e+02   1.68159090e+02   1.57208948e+02   1.50106136e+02
   1.43258672e+02   1.66456258e+02   2.07523434e+02   2.20450490e+02
   2.26499079e+02   2.30716069e+02   2.35583789e+02   2.38397603e+02
   2.43109924e+02   2.40800891e+02   2.37724009e+02   2.35415941e+02
   2.28001260e+02   2.17699810e+02   2.06887996e+02   2.06403373e+02
   2.05113457e+02   2.03777603e+02   2.14108362e+02   2.28709784e+02
   2.38254930e+02   2.32420704e+02   2.21148880e+02   2.16763690e+02
   2.16299159e+02   2.16033053e+02   2.18752869e+02   2.18844964e+02
   2.12830468e+02   2.15899180e+02   2.22854152e+02   2.23858961e+02
   2.20139956e+02   2.16841885e+02   2.11859865e+02   2.16224279e+02
   2.22539621e+02   2.10688798e+02   2.04887170e+02   2.00003068e+02
   1.85217500e+02   1.64808204e+02   1.52273072e+02   1.34699120e+02
   1.20781439e+02   1.25835184e+02   1.29073751e+02   1.24060121e+02
   1.20521504e+02   1.30297167e+02   1.33806408e+02   1.40153485e+02
   1.49895478e+02   1.59157199e+02   1.74921340e+02   1.99353164e+02
   2.15048136e+02   2.24922124e+02   2.27929867e+02   2.24325940e+02
   2.17003612e+02   1.94687965e+02   1.69155732e+02   1.47170426e+02
   1.41535757e+02   1.29926001e+02   1.33266833e+02   1.45194303e+02
   1.43171854e+02   1.29941691e+02   1.11434712e+02   8.26782415e+01
   7.19264724e+01   7.45791291e+01   7.24045544e+01   8.12756334e+01
   9.58838789e+01   1.04358559e+02   1.08110524e+02   1.19320439e+02
   1.29939040e+02   1.52024941e+02   1.69691993e+02   1.85282450e+02
   1.91297196e+02   1.96604187e+02   1.95951326e+02   1.73157426e+02
   1.77511912e+02   1.92980104e+02   2.02976987e+02   2.10835250e+02
   2.18715015e+02   2.15250300e+02   1.95853054e+02   1.67286571e+02
   1.49880954e+02   1.51490748e+02   1.63773791e+02   1.76144848e+02
   1.82372858e+02   1.90472240e+02   1.92130840e+02   1.78580918e+02
   1.42093482e+02   9.40117236e+01   7.83600445e+01   7.05182338e+01
   7.46600664e+01   8.24696154e+01   8.24719053e+01   8.63533778e+01
   8.77155911e+01   9.16612788e+01   9.45346453e+01   1.18942994e+02
   1.47215402e+02   1.76228490e+02   1.89109490e+02   1.89075554e+02
   1.78205382e+02   1.68459181e+02   1.65266049e+02   1.70401343e+02
   1.78672238e+02   1.90545625e+02   1.92551454e+02   1.93422532e+02
   1.95408287e+02   1.95548950e+02   1.95000785e+02   1.96332377e+02
   1.97645096e+02   1.94529554e+02   1.95163208e+02   1.94191198e+02
   1.88187121e+02   1.83869536e+02   1.88277504e+02   1.87858846e+02
   1.85081344e+02   1.88861718e+02   1.95323809e+02   1.96067208e+02
   1.97092769e+02   1.98615197e+02   2.03189175e+02   2.04688463e+02
   2.08914617e+02   2.14789872e+02   2.17171471e+02   2.18555624e+02
   2.22259315e+02   2.23527639e+02   2.17549577e+02   2.11357675e+02
   2.05838664e+02   1.97391107e+02   1.80126939e+02   1.62044697e+02
   1.50847657e+02   1.28775745e+02   1.00542917e+02   8.23001722e+01
   6.65723121e+01   5.81277271e+01   5.67560942e+01   5.86517042e+01
   5.90262547e+01   5.36281977e+01   5.73952283e+01   5.64731574e+01
   5.56039381e+01   6.21141084e+01   7.03948729e+01   7.49553832e+01
   8.22218713e+01   9.15457593e+01   1.00609513e+02   1.06699090e+02
   1.05978762e+02],[  6.57252031e-14  -5.49066419e-01  -5.95270781e+00   9.46383851e+00
  -1.11274062e+01  -6.79275800e+00  -2.74472018e-01   3.38875282e+00
   8.51847018e+00   1.12173476e+01   1.51276203e+01   1.37052497e+01
  -1.00276830e+01  -5.08658642e+01  -5.65270162e+01  -5.18071560e+01
  -3.80690681e+01  -3.13884552e+01  -2.54088407e+01  -2.47771322e+01
  -3.80303859e+01  -5.20914689e+01  -5.29385956e+01  -5.12863906e+01
  -5.66360452e+01  -4.98863283e+01  -4.68094182e+01  -4.31592065e+01
  -3.60418836e+01  -2.88605940e+01  -3.16238361e+01  -3.05758905e+01
  -2.66409113e+01  -2.02595601e+01  -2.01524408e+01  -1.32377384e+01
  -1.35478139e+01  -2.33581105e+00   1.19458060e+01   1.28517122e+01
   1.14186765e+01   8.65291065e+00   1.17193799e+01   1.13073169e+01
   2.69072358e+00  -9.05743173e-01  -1.17420388e+01  -3.34752319e+01
  -5.43860089e+01  -6.24633550e+01  -6.78647142e+01  -5.73983116e+01
  -2.96839662e+01  -1.12493849e+01   7.88305524e-02  -6.33658930e+00
  -1.48045895e+01  -1.93536524e+01  -2.34590126e+01  -3.07371563e+01
  -4.04309779e+01  -5.14807486e+01  -6.09687130e+01  -6.58143322e+01
  -6.04700388e+01  -4.79879447e+01  -5.59281459e+01  -6.37265936e+01
  -5.61924664e+01  -4.52891857e+01  -5.41405565e+01  -7.86706276e+01
  -9.91794083e+01  -1.06395555e+02  -1.01251205e+02  -1.02774156e+02
  -1.09499763e+02  -1.14791550e+02  -1.18842930e+02  -1.20181095e+02
  -1.10300766e+02  -7.14889334e+01  -3.70733965e+01  -2.77631307e+01
  -2.34841230e+01  -2.12923146e+01  -1.39098621e+01  -1.04890050e+01
  -7.51286671e+00  -9.27656717e+00  -1.73912489e+01  -2.87194878e+01
  -4.42988136e+01  -5.19109925e+01  -5.24280129e+01  -4.62847897e+01
  -4.09326393e+01  -3.38124426e+01  -2.61020979e+01  -1.23243495e+01
   7.34786428e+00   1.92019545e+01   2.23493042e+01   2.35608673e+01
   2.04794855e+01   6.90334492e+00  -1.37948572e+01  -3.14648946e+01
  -4.54684927e+01  -5.17359168e+01  -4.20907011e+01  -2.33893443e+01
  -5.65960487e+00  -3.78487845e-01  -6.06692164e+00  -2.00907806e+01
  -3.55680597e+01  -4.85111621e+01  -4.55806793e+01  -3.47682344e+01
  -1.83085265e+01  -8.86661683e-02   9.47027049e+00   6.29588739e+00
  -2.75339590e+01  -6.02104618e+01  -6.23038896e+01  -6.13724721e+01
  -6.38047536e+01  -5.51213813e+01  -5.32510622e+01  -5.19901557e+01
  -4.51932808e+01  -3.67074526e+01  -3.10554208e+01  -2.24340947e+01
  -2.18860116e+01  -2.28304752e+01  -1.67703917e+01  -1.03972316e+01
  -1.05875690e+01  -1.01210230e+01  -6.04667536e+00  -4.63015947e+01
  -8.63442658e+01  -1.07710292e+02  -1.10544330e+02  -9.93525262e+01
  -8.81045450e+01  -9.80058540e+01  -1.20666968e+02  -1.37192683e+02
  -1.30128800e+02  -1.19645181e+02  -1.08444462e+02  -7.50339142e+01
  -4.28144172e+01  -3.05561499e+01  -3.68947399e+01  -7.61330136e+01
  -9.46104856e+01  -6.21318351e+01  -3.37050871e+01  -3.53980377e+01
  -4.23661844e+01  -4.19880619e+01  -4.39952659e+01  -4.96625896e+01
  -4.20099121e+01  -1.92626562e+01  -2.10019107e+00   7.29341268e+00
   1.03315325e+01   5.37539997e+00  -6.19508730e+00  -1.44822639e+01
  -1.70498523e+01  -2.50162391e+01  -2.25496834e+01  -1.37958210e+01
  -5.55743755e+00  -1.61564801e+01  -4.03410986e+01  -7.20802480e+01
  -8.21330374e+01  -8.97933488e+01  -9.99694320e+01  -1.29142658e+02
  -1.50900113e+02  -1.56750448e+02  -1.55681415e+02  -1.49692929e+02
  -1.42872270e+02  -1.35828263e+02  -1.30276825e+02  -1.00033641e+02
  -7.38720069e+01  -5.88489100e+01  -5.03008554e+01  -3.40304230e+01
  -1.89403380e+01  -1.44523381e+01  -1.67296067e+01  -1.58000914e+01
  -1.97512770e+01  -2.35485779e+01  -3.35410721e+01  -3.91133653e+01
  -4.12122402e+01  -3.32326702e+01  -2.21480779e+01  -1.25069826e+01
  -1.05131826e+01  -2.14183856e+01  -3.49001480e+01  -4.20694520e+01
  -4.31000910e+01  -3.76813798e+01  -2.13903399e+01  -2.47819155e+00
   1.29073832e+01   1.37322091e+01   9.62246456e+00  -1.55910336e+00
  -9.69190988e+00  -1.34091528e+01  -1.14001167e+01  -1.03269911e+01
  -1.04634279e+01  -8.27102803e+00  -1.24050090e+01  -1.78985938e+01
  -2.26898608e+01  -2.89030305e+01  -3.54332568e+01  -3.60850680e+01
  -2.51709939e+01  -6.39729861e+00   3.10792418e+00  -2.46488619e+00
  -7.30412876e+00   1.82886106e+00  -3.48984513e+00  -1.33351921e+01
  -2.44837967e+01  -4.52445468e+01  -5.94385683e+01  -6.65522196e+01
  -7.08241596e+01  -7.28603917e+01  -6.58890940e+01  -6.63016164e+01
  -6.79928934e+01  -6.64079451e+01  -5.76980416e+01  -5.03569092e+01
  -4.37538424e+01  -3.77735590e+01  -2.30905243e+01  -7.03392703e+00
   2.40666241e+00],[ -7.81597009e-14   1.89976994e-02   2.36436226e+00   3.19247077e+01
   4.16989219e+01   4.80474766e+01   5.31232778e+01   4.85059953e+01
   4.49996432e+01   3.85228525e+01   3.69658480e+01   3.52456308e+01
   4.06104636e+01   3.23469288e+01   3.36982420e+01   3.95270079e+01
   4.45181296e+01   3.82234751e+01   3.22081054e+01   2.23117594e+01
   2.98434977e+01   2.84936514e+01   2.73387141e+01   3.16790603e+01
   3.39437704e+01   3.51199200e+01   3.42657507e+01   2.91067720e+01
   1.30905967e+01   6.93317457e+00   6.11680548e+00   5.05492054e+00
   3.38963819e+00  -4.02586161e-02  -3.30698904e+00   3.15663704e+00
  -3.14275126e-01  -1.21403006e+00   4.12401090e+00   9.05263638e-01
   1.89239733e+00   5.61916078e+00   1.00893826e+01   2.23188543e+01
   2.39741461e+01   3.31059825e+01   5.36818001e+01   6.90352696e+01
   8.70917392e+01   9.55359553e+01   8.38631093e+01   6.94162977e+01
   4.94940814e+01   3.39903906e+01   2.90933546e+01   2.66850506e+01
   2.43207346e+01   2.16816025e+01   1.78383194e+01   1.15861184e+01
   8.08157037e+00   6.22526509e+00   4.17594621e+00   4.56891880e+00
   8.90988036e+00   1.93908918e+01   1.55184905e+01   1.67375862e+01
   2.31022775e+01   2.18576930e+01   3.92175630e+01   5.73404282e+01
   6.60349974e+01   7.00062340e+01   7.14809667e+01   7.12658687e+01
   6.47098403e+01   5.71444776e+01   6.07439329e+01   5.95732711e+01
   5.05500705e+01   4.17566708e+01   3.34002801e+01   2.53455128e+01
   1.83554944e+01   1.02062906e+01   7.94511980e+00   4.05244187e+00
   1.60195898e+00  -1.15473849e+00  -4.79684861e+00  -9.02085498e+00
  -4.50681180e+00   1.07513533e+01   1.89842684e+01   2.23949932e+01
   2.29474824e+01   2.20761655e+01   9.45972758e+00  -6.72762687e+00
  -1.25700356e+01  -5.16162138e+00   3.47404636e+00   9.27212801e+00
   5.20695037e+00   4.32502902e-01  -5.26325502e+00   1.65433527e+00
   1.72166295e+01   2.07625417e+01   1.72677226e+01   1.72297590e+01
   2.45460343e+01   2.98704508e+01   3.29189413e+01   3.08691813e+01
   2.58691868e+01   3.01592410e+01   3.89461684e+01   4.04242169e+01
   3.97863155e+01   4.21050112e+01   5.30569362e+01   5.54421426e+01
   5.80608650e+01   5.71009275e+01   6.60966136e+01   7.64855758e+01
   7.76753591e+01   7.33664385e+01   6.40702525e+01   6.06733363e+01
   6.36472656e+01   6.30615418e+01   5.09742893e+01   3.49205527e+01
   1.83910396e+01   7.36632622e+00   7.65244803e+00   1.19353456e+01
   1.91646710e+01   2.54373602e+01   4.04796324e+01   6.22161772e+01
   7.36097344e+01   8.46326752e+01   7.92391432e+01   7.16278415e+01
   8.41466958e+01   9.61012172e+01   1.02735547e+02   1.09930519e+02
   1.19227254e+02   1.19977172e+02   1.16269028e+02   1.00152661e+02
   8.61936410e+01   8.15495056e+01   6.94270697e+01   5.53928141e+01
   5.79440719e+01   7.39472659e+01   6.81466227e+01   5.47668615e+01
   4.60573404e+01   4.09814732e+01   4.32477566e+01   4.79030744e+01
   3.84495858e+01   3.32191693e+01   2.52897424e+01   1.89695612e+01
   1.43504639e+01   1.75675475e+01   3.58826394e+01   5.02504700e+01
   5.25304112e+01   3.75125087e+01   2.89009952e+01   2.52773393e+01
   2.71985263e+01   2.28745026e+01   2.89861291e+01   4.84633295e+01
   7.99412929e+01   1.03089600e+02   1.13167415e+02   1.13110107e+02
   1.03403993e+02   9.92983235e+01   9.84685636e+01   9.23030705e+01
   9.24692042e+01   9.25363297e+01   8.61223998e+01   9.06047154e+01
   8.18540740e+01   6.41861622e+01   4.93821696e+01   4.77620837e+01
   5.30770458e+01   5.39843201e+01   4.50343951e+01   3.65734162e+01
   2.78806203e+01   2.42113096e+01   2.58379866e+01   3.33282707e+01
   3.35422610e+01   3.34117797e+01   3.20014438e+01   3.39286050e+01
   3.75833958e+01   3.66102209e+01   3.16395901e+01   3.58755718e+01
   4.07682327e+01   3.96389343e+01   3.38661811e+01   3.77992045e+01
   4.89203123e+01   4.79622534e+01   4.54160460e+01   4.21008946e+01
   4.22486595e+01   4.50597447e+01   4.22007614e+01   4.05633314e+01
   3.39651734e+01   2.81684055e+01   2.76848383e+01   1.96455434e+01
   1.40084996e+01   1.02575088e+01   8.73674176e+00   1.35954862e+01
   1.94540618e+01   2.63469979e+01   3.40866468e+01   3.83639959e+01
   3.76496802e+01   5.22437183e+01   7.46316331e+01   9.39859605e+01
   1.09117048e+02   1.08913909e+02   1.11168169e+02   1.09005161e+02
   1.10088554e+02   1.15517166e+02   1.20642281e+02   1.16935636e+02
   1.08464883e+02   1.01457269e+02   9.15109006e+01   8.48495772e+01
   7.38959516e+01   6.14507812e+01   5.49480459e+01   5.26628273e+01
   5.16126462e+01],[  1.95399252e-14   2.14778733e-01  -2.10137669e+00   1.70937748e+01
   2.20706403e+01   3.02626282e+01   3.35226149e+01   3.25430769e+01
   3.45758559e+01   3.06227087e+01   2.68003274e+01   2.09267537e+01
   2.47259269e+01   2.03356227e+01   1.19673949e+01   8.73110479e+00
   6.00103456e+00   3.49795289e+00   3.29074834e+00   6.63375866e+00
   2.95106558e+01   3.10708531e+01   2.04782129e+01   1.73784672e+01
   1.29794915e+01   1.25582691e+01   2.04901598e+01   1.65313826e+01
   7.09968315e+00   7.65877383e+00   7.61519468e+00   5.83993335e+00
   6.44793029e+00   7.71645933e+00   3.01641310e+00   4.97331944e+00
  -8.09837613e+00  -1.19207124e+01  -3.54292154e+00  -5.03147792e+00
  -4.22838868e+00  -3.65231123e+00  -1.33047832e+01  -1.70998541e+01
  -1.88718512e+01  -1.71912497e+01  -1.93376125e+01  -1.32467753e+01
  -7.52846589e+00   1.18863628e+00   6.68272800e+00   1.23960340e+01
   3.19064014e+00  -8.14327549e+00  -1.62934307e+01  -1.16338355e+01
  -5.00358132e+00  -2.41268931e+00  -4.10234187e+00  -5.61853097e+00
  -9.93658484e+00  -1.89725489e+01  -2.51599467e+01  -2.59653892e+01
  -2.41956761e+01  -2.20670504e+01  -2.22612345e+01  -1.95661003e+01
  -1.84889198e+01  -1.98185289e+01  -7.97107953e+00   2.58714429e-01
   2.07873020e+00   8.21089087e+00   1.28035658e+01   1.24314254e+01
   1.03551492e+01   5.28553036e+00   7.80036998e+00   8.12850244e+00
   4.64929997e+00  -4.01939561e+00  -4.02089942e+00  -7.60968059e+00
  -1.06781654e+01  -9.57904909e+00  -3.85619011e+00  -3.03871792e+00
  -7.59333588e+00  -1.19222711e+01  -5.09133293e+00   8.26864224e+00
   2.71372903e+01   4.08595977e+01   4.43870728e+01   4.52935174e+01
   5.12536972e+01   5.66936893e+01   5.24369525e+01   4.29454001e+01
   3.06292918e+01   2.27154083e+01   2.50702070e+01   2.54205391e+01
   2.31490641e+01   1.71229707e+01   2.50213764e+01   4.44361261e+01
   6.12969457e+01   5.64345116e+01   4.68089701e+01   3.62299246e+01
   2.78474824e+01   2.35895538e+01   2.20370144e+01   2.21461959e+01
   3.53325885e+01   5.13627557e+01   6.00261246e+01   5.97409474e+01
   5.88101333e+01   4.71274641e+01   3.95926456e+01   2.92416224e+01
   1.72245333e+01  -7.17430381e+00  -1.09338478e+01   2.10185900e+00
   1.65695723e+01   1.81011644e+01   1.46796275e+01   2.64909002e+01
   3.37870415e+01   2.51502276e+01   1.71946527e+01   7.70051458e+00
   4.23523665e+00   7.39772996e+00   7.64404771e+00   5.38755756e+00
   1.29972127e+01   2.25219925e+01   1.97890539e+01   3.97178044e+01
   4.91777124e+01   5.51785703e+01   4.92655956e+01   4.28634965e+01
   4.42579852e+01   3.90813757e+01   3.41109758e+01   2.53551304e+01
   1.87725087e+01   1.16756603e+01   1.12252532e+01   1.29902612e+01
   1.36148668e+01   1.38335983e+01   2.70056337e+00  -2.38267808e+00
  -1.69113303e+01  -5.58977045e+00   4.86843419e+00   2.45189939e-01
  -2.00912388e+00  -1.09844505e+01  -8.26106835e-01   1.58767491e+01
   5.76359357e+00  -6.48096294e+00  -1.69626490e+01  -2.55646067e+01
  -2.83519324e+01  -2.50506671e+01  -1.94877014e+01  -1.47050707e+01
  -1.26133160e+01  -1.64765036e+01  -1.83076074e+01  -1.97745101e+01
  -1.84642847e+01  -1.60470593e+01  -7.12996826e-01   1.42433754e+01
   1.62302181e+01   1.66701671e+01   1.33372487e+01   8.67879721e+00
   3.75565712e+00   5.25650872e+00   6.98666521e+00   1.71570117e+00
   4.83304865e+00   1.37046012e+01   2.09260864e+01   2.93853715e+01
   3.43156465e+01   3.30332917e+01   2.97274827e+01   2.26433045e+01
   2.28307918e+01   3.01772639e+01   2.61882118e+01   1.77171806e+01
   1.71477486e+01   2.44676235e+01   3.51383354e+01   4.45302782e+01
   4.22879794e+01   3.39115847e+01   2.26425918e+01   1.81257973e+01
   1.80435212e+01   2.13272636e+01   2.87088624e+01   3.81939497e+01
   4.59722164e+01   4.39757595e+01   3.78141424e+01   2.36513065e+01
   1.84938579e+01   1.55816479e+01   1.70617778e+01   2.07314370e+01
   1.97155989e+01   1.77459412e+01   1.56822271e+01   1.10237167e+01
   7.66948246e+00   2.09369788e+00  -4.73840440e+00  -1.09385597e+01
  -1.20423054e+01  -1.25523740e+01  -1.89122321e+01  -2.25099038e+01
  -2.24633653e+01  -1.67167224e+01  -7.93734263e+00  -6.70417425e+00
  -8.08655952e+00  -2.00430330e+01  -5.09349345e+01  -7.03836421e+01
  -8.01158725e+01  -7.80348887e+01  -6.54308296e+01  -5.65321030e+01
  -5.38243864e+01  -4.86451457e+01  -4.05322073e+01  -4.08621107e+01
  -4.17950922e+01  -3.63736783e+01  -3.53693386e+01  -2.87248718e+01
  -2.83767117e+01  -2.58560107e+01  -1.67067086e+01  -6.10199290e+00
   4.59188508e+00],[ -5.86197757e-14  -6.18365781e-02   1.05387359e+00   8.50293656e+00
   1.30317428e+01   1.39601283e+01   1.05563747e+01   1.36525323e+01
   1.84631997e+01   1.67698729e+01   1.80608115e+01   1.56369454e+01
   1.41295221e+01   5.84863319e+00   4.73363272e+00   6.21431716e+00
  -1.67888851e+00  -8.88018827e+00  -3.41891335e+00   5.64366038e-01
  -8.03809188e-01  -1.00645547e+00  -5.18693305e+00  -3.94645331e+00
   3.32418675e+00   1.28339052e+01   1.70220621e+01   1.41355255e+01
   1.53576056e+01   2.30968894e+01   1.74951771e+01   1.97606576e+01
   1.71913866e+01   1.95430155e+01   2.22352944e+01   2.28195162e+01
   2.40835633e+01   2.10161087e+01   1.93350172e+01   1.43757518e+01
   1.64551479e+01   1.81611263e+01   1.03930957e+01   1.71510653e+01
   2.29412867e+01   2.80081238e+01   2.73956260e+01   2.32465713e+01
   1.73963696e+01   1.75711372e+01   2.43929516e+01   3.18020960e+01
   2.76454589e+01   2.14573393e+01   6.81065990e+00  -5.15154471e+00
  -1.14817563e+01  -1.54051628e+01  -2.30015409e+01  -2.76670150e+01
  -2.81382222e+01  -3.43914852e+01  -2.87418352e+01  -1.62009506e+01
  -1.06534193e+01  -7.69073218e+00  -3.23225519e+00  -6.99998903e+00
  -5.12162972e+00  -4.59271919e-01   2.47323467e+00  -5.45094776e+00
  -7.61566732e+00  -7.83349685e+00  -8.03678284e+00  -1.09432757e+01
  -1.42144317e+01  -1.46480071e+01  -1.13547050e+01  -6.33670864e+00
   2.79220628e-01  -5.68749827e-01  -3.50407564e-02  -3.16883584e+00
  -1.18213270e+01  -1.65988448e+01  -1.81403908e+01  -1.80579222e+01
  -1.60940042e+01  -4.88925905e+00   9.78008036e+00   2.84169564e+01
   3.03830063e+01   2.43869244e+01   1.82666134e+01   1.43659685e+01
   2.17223471e+01   2.82639736e+01   3.56908073e+01   3.91317894e+01
   2.37976057e+01   1.21944469e+01   6.83894444e+00   6.38114076e+00
   1.01468531e+01   2.01335684e+01   3.40253908e+01   3.82101114e+01
   3.45221056e+01   2.09047268e+01   1.44237124e+01   5.85816868e+00
  -1.18411241e+01  -1.61959337e+01  -8.13240085e+00  -2.76538556e+00
   9.58144710e+00   2.43607529e+01   2.99158875e+01   3.54620248e+01
   4.00056483e+01   4.79515476e+01   3.80995760e+01   3.41224039e+01
   2.59810543e+01   4.25785995e+00  -2.38920959e+00  -1.99428409e+00
   9.70760384e+00   1.05047777e+01   1.17042839e+01   2.35838981e+01
   2.94434792e+01   3.17294019e+01   3.17619013e+01   3.48569588e+01
   4.18708068e+01   4.36014313e+01   4.13332411e+01   3.35056796e+01
   3.18529716e+01   3.95791238e+01   3.32939886e+01   2.43965064e+01
   1.45425493e+01   1.33361166e+01   1.45030499e+01   1.73459363e+01
   1.59199281e+01   7.81516747e+00   1.19862909e+00  -3.45766887e+00
  -2.59669656e+00   2.15871348e+00   9.69830881e+00   1.22435265e+01
   5.03260873e+00   8.79370541e+00   1.02197707e+01   1.71503481e+01
   5.92656556e+00   1.08771131e+01   2.49065979e+01   2.61536414e+01
   2.19132396e+01   1.46815442e+01   1.50001075e+01   2.06183786e+01
   1.84174413e+01   1.93322630e+01   2.19401656e+01   1.67262465e+01
   1.04250383e+01   6.97591942e+00   7.33130119e+00   1.69041266e+01
   2.02201062e+01   1.88976992e+01   9.69353611e+00   1.71432787e+00
  -3.45225043e+00  -2.62295496e+00   6.74527254e+00   1.09027605e+01
   1.61670542e+01   1.67203247e+01   4.21171254e-01  -8.07176556e+00
  -8.07247227e+00  -3.38376257e+00  -2.74743833e-01   7.42037359e-01
   6.03311321e+00   7.51765045e+00   1.20707688e+01   2.18683702e+01
   3.08022173e+01   3.34462951e+01   3.53840250e+01   2.50155717e+01
   1.32247958e+01   1.31692207e+01   1.55758704e+01   2.19461934e+01
   3.73233186e+01   4.59172261e+01   4.83494216e+01   4.98216006e+01
   4.31919434e+01   4.51147383e+01   3.59088363e+01   2.01896417e+01
   1.62254541e+01   2.69828598e+01   4.06973572e+01   4.47839614e+01
   4.44078521e+01   4.19991544e+01   4.43009628e+01   2.81694333e+01
   8.31335393e+00   1.46684533e+00  -3.59784345e+00  -3.21192443e+00
  -2.11129095e+00  -3.31562912e+00  -6.55728347e+00  -1.35298528e+01
  -1.95494764e+01  -2.95247880e+01  -3.50677283e+01  -3.31819213e+01
  -2.81452684e+01  -1.79388649e+01  -8.59954122e+00   2.10776085e+00
   5.44987655e+00   7.18595957e+00   9.06030886e+00   1.51939624e+00
   1.70266441e-01   1.17144085e+01   1.76512253e+01   2.04061993e+01
   1.54995436e+01   1.01079418e+01   1.03630048e+01   9.93822407e+00
   3.22822633e+00   5.96586843e+00   1.11250396e+01   8.56617323e+00
   8.22598133e+00   1.40575910e+01   1.50351925e+01   1.28410928e+01
   7.72262003e+00   4.55545688e+00   3.11353442e+00  -4.85971323e+00
  -6.55625933e+00],[  3.01980663e-14  -6.44112433e-02  -1.36623263e-01   7.09553876e-01
  -3.12794800e-01  -9.34974486e+00  -1.34385447e+01  -1.55774867e+00
   6.44169881e+00   1.09576384e+01   5.51946505e+00  -1.03022357e-01
  -1.22336034e+00  -1.45602335e+01  -2.42660326e+01  -1.96034433e+01
  -1.66075960e+01  -1.55801203e+01  -8.88550725e+00  -3.14033284e+00
  -5.70858988e-01  -5.24803313e+00  -1.42077216e+01  -1.32886120e+01
  -1.57634370e+01  -2.42625793e+01  -3.11632015e+01  -3.99326360e+01
  -4.23651941e+01  -3.27027369e+01  -2.60460095e+01  -1.74467888e+01
  -1.22213918e+01  -4.66143265e-01   6.73621973e+00   8.16898138e+00
   9.92450514e+00   1.18814741e+01   1.09432220e+01   8.37728346e+00
   6.59288608e+00   5.50504596e+00   4.08380384e+00   5.11994216e+00
  -3.04448555e+00  -1.53966379e+01  -2.30745658e+01  -2.61685352e+01
  -2.14263221e+01  -2.67056673e+01  -2.59566086e+01  -1.85495698e+01
  -5.65838353e+00  -2.62894635e+00  -1.04385052e+01  -1.96687949e+01
  -2.36310520e+01  -3.13755552e+01  -3.59533841e+01  -3.62244165e+01
  -3.21564469e+01  -3.17289442e+01  -2.50170475e+01  -1.76486926e+01
  -8.18655581e+00   3.64106942e+00   8.80667608e+00   7.97673371e+00
   7.23279829e+00   1.26729237e+01   1.56725795e+01   1.43716163e+01
   1.79265486e+01   1.39305102e+01   1.26191782e+01   1.76575303e+01
   2.13118091e+01   2.11184425e+01   2.46224780e+01   2.91768830e+01
   2.74091266e+01   1.65938294e+01   1.06314506e+01   1.10512654e+01
   6.46108616e+00  -1.27383550e+00  -6.22512917e+00  -8.65304761e+00
  -7.14882328e+00  -2.30416911e+00   8.21449419e+00   9.77187018e+00
  -4.49979150e+00  -1.22445887e+01  -1.04574571e+01  -4.26049824e+00
  -4.81628760e+00  -5.58958801e+00   2.99845713e+00   9.12216638e+00
   7.62981532e+00   5.41366431e+00   1.66787634e+00   5.34976663e+00
   7.78706710e+00   1.63683769e+01   1.35653471e+01  -3.45258090e-01
  -7.50160264e+00  -9.15686128e+00  -1.33949081e+00   8.82960940e+00
   6.39663466e+00  -2.29419462e-01   3.70350014e+00   3.92096350e+00
  -2.17180825e+00  -1.17607693e+01  -2.80484682e+01  -3.14219884e+01
  -2.03816412e+01  -1.53656148e+00  -3.68066758e+00  -4.71551579e+00
  -1.80212227e+00  -1.78280817e+01  -2.14091046e+01  -1.69229203e+01
  -5.77130307e+00  -1.79341877e+01  -2.43021258e+01  -2.90462123e+01
  -3.28619769e+01  -3.18866025e+01  -3.44170385e+01  -2.90997768e+01
  -2.24697887e+01  -1.65321329e+01  -1.07206878e+01  -6.39367877e+00
  -3.49184022e-01   9.30540647e+00   1.27661123e+01   1.97470226e+01
   2.30809043e+01   2.01150428e+01   2.35282047e+01   2.30278754e+01
   1.26434545e+01   7.57347668e+00   1.23044245e+01   1.19970709e+01
   1.61860770e+01   2.49394183e+01   3.26396551e+01   2.58758168e+01
   4.63471303e+00   3.12576019e+00   2.86200842e+00  -9.17630614e+00
  -2.21874256e+01  -2.34999541e+01  -2.50538513e+01  -2.43326349e+01
  -1.56157167e+01  -1.12482261e+01  -1.24412474e+01  -1.01366664e+01
  -5.39048400e+00  -1.06913200e+00   1.02161709e+01   1.49673221e+01
   1.54185405e+01   7.97765600e+00   3.32066555e+00   2.45765891e+00
   9.00338021e+00   1.28270584e+01   4.91738832e+00   5.63231025e-01
   1.33005455e+00   6.43980235e+00   1.66132568e+01   2.79807429e+01
   2.76246802e+01   2.56216006e+01   1.40519934e+01   5.31999453e+00
   2.20651527e+00  -1.86755664e+00  -4.57785927e+00  -8.04239680e+00
  -7.97441178e+00  -9.80210044e+00  -9.63167397e+00  -4.28376431e+00
   1.08527947e+00   6.56533095e+00   1.25630421e+01   2.01875770e+01
   1.82590255e+01   1.33532125e+01   1.12152191e+01   1.68837198e+01
   2.38907005e+01   1.03120685e+01  -9.05584131e+00  -1.61167829e+01
  -1.82268758e+01  -5.47594404e+00   6.88675117e+00   9.23024575e+00
   9.76856401e+00   1.16182309e+01   1.22447658e+00  -1.15232563e+01
  -1.93676335e+01  -1.78402189e+01  -3.93147783e+00   6.75046331e-01
  -6.21999690e+00  -1.00565777e+01  -1.83462844e+01  -2.46301148e+01
  -2.52565642e+01  -2.69271973e+01  -3.09641162e+01  -3.02205600e+01
  -3.16315982e+01  -4.06503843e+01  -4.11957469e+01  -3.67707940e+01
  -3.02375635e+01  -2.64794370e+01  -2.21586002e+01  -1.72246497e+01
  -1.89906260e+01  -1.51770549e+01   5.28513168e+00   7.15481749e+00
   4.39211617e+00   4.28992519e+00   7.35118312e+00   1.24169374e+01
   1.29251092e+01   1.37243350e+01   1.70349380e+01   1.06389059e+01
   4.80544123e+00   1.02638949e+01   8.26273758e+00   6.46453799e+00
   6.03730351e+00   1.32445050e+01   1.46977140e+01   1.81003967e+01
   2.05800781e+01   2.03986167e+01   1.87424855e+01   1.28879643e+01
   1.00264056e+01],[ -7.46069873e-14   1.69580979e-01  -2.33662852e+00  -7.19197331e+00
  -1.08380721e+01  -1.41518136e+01  -1.26753421e+01  -5.56629710e-01
   2.18235542e+00   7.55369742e+00   1.23899258e+00   1.78960177e+00
   1.06631818e+01   1.93696808e+01   2.16155593e+01   2.79372918e+01
   2.80010661e+01   2.57203831e+01   2.07343866e+01   1.63910679e+01
   1.06897447e+01   1.02224953e+01   2.42442661e+00   2.84116597e-01
  -3.68081464e+00  -1.30505109e+01  -9.08529585e+00  -8.46908617e+00
  -7.11919501e+00  -1.01739264e+01  -1.72370366e+01  -2.08095197e+01
  -1.73473601e+01  -1.48606964e+01  -1.50872911e+01  -1.87310659e+01
  -2.01479317e+01  -1.86447761e+01  -1.52112839e+01  -8.96911944e+00
  -8.41906408e+00  -1.57507387e+00   9.39996769e+00   1.84950437e+01
   1.87627477e+01   1.71871757e+01   1.47451580e+01   1.75640577e+01
   1.80269918e+01   9.40744736e+00   5.69794902e+00  -5.47294353e+00
  -8.02966458e+00  -5.75664274e+00  -6.32164544e+00  -6.09181388e+00
  -1.14677679e+01  -1.70368019e+01  -1.78295869e+01  -1.35165614e+01
  -1.02355144e+01  -8.15886498e+00  -1.02887356e+01  -1.50321641e+01
  -1.48215914e+01  -9.66383547e+00  -1.41811391e+01  -1.33017537e+01
  -1.55896758e+01  -1.18586821e+01  -1.67459372e+01  -2.02577478e+01
  -2.25924818e+01  -2.54065414e+01  -2.84382335e+01  -2.83200561e+01
  -2.82179717e+01  -3.28572216e+01  -3.45560581e+01  -3.07514802e+01
  -3.37834657e+01  -3.89624831e+01  -3.35232107e+01  -2.63059080e+01
  -2.44543627e+01  -2.38892326e+01  -2.11251226e+01  -2.33929567e+01
  -1.96361352e+01  -1.90160364e+01  -1.49241915e+01  -2.24544815e+01
  -3.00657959e+01  -2.38109407e+01  -1.25558920e+01   9.03496091e-01
  -5.58630379e+00  -1.81479361e+01  -1.98372790e+01  -1.10881397e+01
   6.20570409e+00   9.96160088e+00   7.01497582e+00   5.90990675e+00
   6.17275883e+00  -1.25395977e-01  -1.31006164e+01  -2.25597017e+01
  -2.30552671e+01  -2.02420669e+01  -1.21028825e+01   2.22035671e+00
   8.57391987e+00   5.35960407e+00   2.58524012e+00   3.20463581e+00
   2.88239186e-01  -5.56279119e+00  -9.40022765e+00  -6.97429017e+00
  -4.33793301e+00  -5.12951216e+00  -8.02036399e+00  -3.39593321e+00
  -4.73630740e+00  -8.93911022e+00  -7.88667164e+00  -4.34121441e+00
  -8.01252792e+00  -2.08116779e+01  -1.46439190e+01  -1.64469288e+01
  -2.54473355e+01  -2.84496541e+01  -3.17425913e+01  -3.14534624e+01
  -3.00812892e+01  -2.84090794e+01  -2.92085602e+01  -2.75773658e+01
  -2.35888501e+01  -2.37909964e+01  -2.32760782e+01  -2.25855987e+01
  -3.12538197e+01  -3.30388384e+01  -3.18033275e+01  -3.09886407e+01
  -3.20769507e+01  -2.59020246e+01  -1.58496491e+01  -1.90602680e+01
  -1.63846361e+01  -1.33358347e+01  -8.47868478e+00  -2.96244785e+00
  -9.62027745e+00  -7.30803993e+00  -2.00903498e+00  -1.56133974e+01
  -2.89536941e+01  -3.15713028e+01  -3.92231443e+01  -4.04518419e+01
  -3.49878871e+01  -2.98560747e+01  -3.35459767e+01  -3.14464226e+01
  -3.05928965e+01  -3.21242323e+01  -2.02633218e+01  -1.14489260e+01
  -2.20590231e+00  -6.16080858e-01  -7.04330736e+00  -9.18256027e+00
  -1.93550553e+00  -1.24720499e+00  -3.70960284e+00  -1.15319908e+00
   1.39430736e+00  -3.42515817e+00  -2.09151736e+01  -3.70442792e+01
  -3.59426643e+01  -1.90782132e+01  -1.08576672e+01  -9.26379569e+00
  -5.13447828e+00  -6.51224087e-01   2.15821079e+00  -6.64131885e+00
  -1.18809051e+01  -1.63984803e+01  -2.22346456e+01  -2.37457986e+01
  -2.90756395e+01  -3.35625751e+01  -2.79136481e+01  -1.13067316e+01
  -6.42789527e+00  -9.61205722e+00  -1.14923377e+01  -9.35534930e+00
  -1.50715669e+01  -2.77226107e+01  -3.52377845e+01  -3.45099695e+01
  -3.42500602e+01  -2.98799948e+01  -1.72516462e+01  -8.52235768e+00
  -7.55887499e+00  -1.22450420e+01  -2.55155300e+01  -3.59621300e+01
  -3.74627990e+01  -3.83640293e+01  -2.90277964e+01  -1.75136585e+01
  -1.50386165e+01  -1.45902162e+01  -1.46278685e+01  -1.04390120e+01
  -1.19490681e+01  -1.32306939e+01  -1.86392136e+01  -1.98770572e+01
  -2.16003792e+01  -1.86364372e+01  -1.48430641e+01  -7.30670162e+00
   1.18474704e+00   8.05591714e+00   1.00055567e+01   5.14221627e+00
  -7.22471118e-01  -3.27945348e+00   9.13496742e+00   1.35665120e+01
   1.00804161e+01   4.68727444e+00  -5.45324387e+00  -1.04386034e+01
  -1.48736254e+01  -1.20082824e+01  -6.68630745e+00  -6.36229134e+00
  -1.37819562e+01  -1.72333031e+01  -1.71128445e+01  -1.82701675e+01
  -2.31013353e+01  -1.49786769e+01  -1.16418338e+01  -8.74418957e+00
  -1.31992533e+01  -1.04490324e+01  -1.24836188e+01  -1.05228103e+01
  -8.28862774e+00],[  6.92779167e-14   1.98996525e-01   4.04061047e+00  -3.01343313e+00
   4.58765231e-01   1.43701689e+00   3.82572694e+00   8.10178050e+00
   3.53228525e+00   1.59074213e+00  -1.31215435e+01  -1.44912148e+01
  -1.40528065e+01  -1.97068921e+01  -1.84399984e+01  -9.69665976e+00
  -1.16379960e+01  -1.56228418e+01  -1.47323631e+01  -1.29119052e+01
  -8.72424322e+00  -5.42183502e+00  -6.42865420e+00  -6.75320985e+00
  -5.44735643e+00  -1.51692798e+01  -2.79614644e+01  -3.14990340e+01
  -3.00769071e+01  -3.21327417e+01  -3.90315837e+01  -3.91461765e+01
  -3.81551683e+01  -3.64864607e+01  -3.62300684e+01  -3.20880017e+01
  -2.53080870e+01  -2.53593232e+01  -2.34313526e+01  -1.87051666e+01
  -1.88569954e+01  -1.76500974e+01  -9.08573941e+00  -2.09692126e+00
  -6.17648651e+00  -7.23772858e+00  -2.99193508e+00   3.44982054e+00
   8.46602675e+00   6.29547212e+00   7.18836692e+00  -4.71045550e+00
  -9.76999345e+00   1.66256241e+00   4.35548662e+00   2.04843075e+00
   7.89656393e-01   9.05757775e+00   1.22461858e+01   1.77650949e+01
   2.13869060e+01   2.51415319e+01   2.67777701e+01   2.09901269e+01
   1.05683252e+01   5.97237214e-01  -1.23333177e+01  -2.07987107e+01
  -2.38520603e+01  -2.73543791e+01  -2.20452722e+01  -1.78068066e+01
  -1.94026398e+01  -1.77502157e+01  -1.59754996e+01  -1.36561851e+01
  -6.03410273e+00  -6.20366366e+00  -8.56893891e+00  -7.48108449e+00
  -6.96379251e+00  -1.37375586e+01  -1.75334019e+01  -1.12358464e+01
  -4.06585060e+00  -6.17632266e+00  -6.63995794e+00  -1.25762572e+01
  -6.96276108e+00  -8.70769971e+00  -1.61358787e+01  -1.84034094e+01
  -9.50370764e+00   6.33711268e+00   7.91098196e+00   8.20406532e+00
   4.97754287e+00  -5.62382621e+00  -1.83930109e+01  -2.18826678e+01
  -2.22138219e+01  -1.32849279e+01  -6.17953536e+00  -9.86068097e+00
  -1.58469778e+01  -2.10394242e+01  -2.62113270e+01  -2.43494339e+01
  -2.31858425e+01  -2.54828552e+01  -2.49926311e+01  -1.59905028e+01
  -8.72548910e+00  -7.77772318e+00  -8.67932247e+00  -1.53824623e+01
  -2.28508749e+01  -2.35133396e+01  -1.22089369e+01   3.71544950e-01
   5.75677240e+00   2.79567552e+00  -4.51415625e+00  -9.73410556e+00
  -1.93310596e+01  -1.62448749e+01  -1.33610900e+01  -1.01751432e+01
  -8.48842283e+00  -8.52417448e+00   4.83670247e+00   1.22763631e+01
   1.06424033e+01   5.30302568e+00  -1.60480417e-01  -9.04028000e+00
  -1.29246428e+01  -1.80037614e+01  -2.62603444e+01  -3.38615106e+01
  -3.24451470e+01  -2.73999290e+01  -1.48740579e+01  -1.25503372e+01
  -1.31866495e+01  -1.19557753e+01  -1.20290857e+01  -1.27369494e+01
  -1.41193859e+01  -5.78304542e+00   7.47731546e-01  -2.13151880e+00
  -2.21647872e+00  -7.29313764e+00  -9.41336244e+00  -2.18322681e+00
   1.75269406e+00   3.68962080e+00   8.20127956e+00   1.20849157e+01
   1.35805356e+01   3.10485984e+00  -6.86493286e+00  -1.14479476e+01
  -1.66538910e+01  -1.52234812e+01  -1.55036790e+01  -1.27565709e+01
  -1.50213865e+01  -2.58291836e+01  -3.14020880e+01  -3.02883117e+01
  -2.46155792e+01  -1.13393508e+01  -6.66544249e+00  -6.39014309e+00
  -3.51526076e+00  -2.92514712e-01  -3.35916807e+00   2.29325424e+00
   1.00870506e+01   3.94330616e+00  -5.46821274e+00  -1.63692162e+01
  -1.64867232e+01  -6.64840248e+00   8.59093167e-01   1.40441506e+00
   1.02879071e+00   7.11761318e+00   1.49954639e+01   1.37790838e+01
   1.40627478e+01   1.35634678e+01   6.05362582e+00   7.66859241e+00
   4.05483237e+00  -3.06126083e+00  -6.40162135e+00  -5.71776461e+00
   1.19000042e+00   9.27636154e-01  -2.63585086e-02  -2.72504478e+00
  -1.35508147e+01  -1.73543006e+01  -1.15169359e+01   1.92650879e-04
  -2.85221655e+00  -9.62928579e+00  -6.65490052e+00   2.73446237e+00
   9.01878587e+00   3.26197980e+00   4.24688303e+00   1.49613527e+01
   1.97425387e+01   1.06307756e+01   3.33412299e+00   5.15392816e+00
   8.51772517e+00   1.11889571e+00  -6.66088739e+00  -8.13544329e+00
  -5.73651808e+00  -6.62644183e+00  -5.45163322e+00   4.13606866e-01
   4.04399462e+00   1.40301936e+01   2.07387957e+01   3.21901470e+01
   3.47483533e+01   3.09023543e+01   2.80412775e+01   1.99065014e+01
   1.20757236e+01   7.94239192e+00   1.21843868e+01   1.03978139e+01
   1.17885891e+01   1.57872461e+01   2.01130639e+01   2.25341894e+01
   1.75838427e+01   1.27424832e+01   1.06837208e+01   1.26640375e+01
   1.03352798e+01   7.61750924e+00   1.18030304e+01   1.08364348e+01
   9.04266165e+00   2.02090604e+01   2.01364205e+01   1.76610849e+01
   8.79680184e+00   5.17317303e+00  -4.10498292e+00  -9.65161004e+00
  -6.20528514e+00],[  0.          -0.2976354    0.66383948  -7.35028576  -8.85664641
 -10.54003128  -4.27902909  -2.24143307  -6.43503715  -2.88093673
  -4.93938238  -1.95397364  -0.94308628   8.62991814   5.50162198
   5.14359322  -1.60207049 -17.77996467 -23.06242769 -24.68655169
 -27.37745978 -30.42638712 -31.25216263 -30.14981757 -31.40223795
 -28.18162438 -35.61202977 -35.92773955 -33.56364619 -28.01637511
 -24.7238322  -27.02828382 -27.48563451 -25.71523657 -25.31524941
 -22.06305113 -24.89088983 -22.13223762 -18.65044964 -20.61439022
 -22.52329943 -24.67710044 -14.50219669  -4.18680926  -8.69512349
  -7.55362594  -5.11010729  -8.56929437 -11.01103992 -15.92527379
 -14.3084991  -14.60388382 -25.83860546 -25.32571064 -16.96221577
 -12.76509068 -15.50661027 -14.80657486 -16.03498913 -17.15432532
 -23.72458249 -26.41067003 -27.27473185 -32.13941833 -35.8081902
 -42.32792906 -44.43522655 -50.68896437 -49.85320155 -39.20106039
 -18.47991772  -5.82953242  -8.01009602  -8.83062999  -5.39288895
  -5.75075987  -4.62052669  -1.77171333  -1.72327057  -3.3598027
  -3.1477755  -15.21193458 -23.68608798 -20.0760865   -9.79838828
  -8.48364066  -5.33746815  -3.40770401  -7.97751209 -22.61649114
 -39.273165   -44.31133038 -34.28137963 -21.44562777 -28.62162491
 -28.86401666 -20.71789848 -10.97210169 -12.11823906 -23.61302839
 -34.28021515 -26.80265242 -18.26964711 -13.56526223 -20.57225271
 -25.91791338 -27.1252117  -25.871091   -28.31252678 -32.9401935
 -34.97506973 -29.35236227 -17.48924652 -12.12734875  -7.03353738
 -20.03393974 -31.50180533 -33.63339483 -26.16285388 -21.88037601
 -13.92087608  -7.90931528  -7.67220007 -10.69704307 -10.9188354
  -5.44343777  -5.42532543  -8.07573092  -9.54035137  -9.23962115
  -2.00120276  -2.47554905  -9.22182986 -17.11073674 -22.04603677
 -33.056213   -39.30140737 -40.63019524 -40.90124691 -39.22891558
 -30.70521407 -21.32194906 -12.32225846  -8.72380721  -1.94687271
  -1.54159239  -2.75119452  -7.18704392  -7.13470477  -4.01968649
  -3.51260408  -4.72058913  -9.23406654 -14.83781305 -17.5808336
 -10.37963919  -9.0781951   -6.38710422  -8.12647805  -7.4920336
  -7.38938602 -14.16400248 -13.91841161 -19.90050736 -20.06998142
 -18.65114607 -14.0271662   -7.16697364 -11.67692769 -16.42736664
 -25.39076232 -24.15775202 -23.84001126 -18.61265788  -4.65368518
  -6.04052132 -15.5178133  -16.51229813 -20.03582913 -18.10429459
  -7.15157566 -12.39275475  -9.99307421  -2.15628981  -6.41903235
 -10.52186578  -8.20317339  -5.86050158 -10.76927241 -10.32330241
  -7.12596847  -6.45099324 -13.28122514 -15.67897709 -23.36212783
 -22.07174872 -19.13277086 -17.07697109 -18.91591347 -21.71696564
  -6.97074098  -2.63129435  -6.42418239 -18.79117898 -27.69662945
 -26.18490171 -25.72697678 -21.7933833  -24.92564044 -33.42056567
 -31.53978155 -23.04741804 -21.54980078 -31.77169024 -38.51093699
 -33.41436232 -29.08286442 -31.46230766 -32.61308126 -26.33758136
 -11.01291343  -4.74807018  -7.24025797 -14.07548705  -8.83474352
 -12.99165581 -14.17271911  -9.0311532   -3.06446142   2.7496474
   3.99580284   2.78485721  -4.26546005 -15.67874688 -27.48951827
 -36.13637146 -38.11447406 -30.34598281 -15.83976872 -13.30310431
  -7.37078648 -10.89426297 -16.57091609 -17.07343281 -19.94617533
 -19.39365956 -21.45704565 -20.40206218 -20.42994509 -22.54891448
 -19.93432974 -15.95197019 -20.12439861 -11.78286871  -9.55556196
  -0.05212741   0.60296267  -0.81167649  -2.75336447  -5.58538968
   2.76535069],[  0.00000000e+00  -3.88147999e-01  -2.86706753e+00  -1.56731754e+00
  -2.19014950e+00  -3.86438041e+00  -2.25108220e-01  -3.81373128e+00
  -2.92897720e+00   1.75889735e+00  -5.95839790e+00  -8.58198756e+00
  -1.14697763e+01  -8.14855464e+00  -1.54571868e+01  -1.86622994e+01
  -1.41619378e+01  -2.47810803e+01  -2.57998360e+01  -1.68364869e+01
  -9.36398198e+00  -7.28457030e+00  -4.13000365e+00  -1.91499040e+00
  -1.13673878e+00   5.65652472e+00   1.63404507e+01   2.57609235e+01
   3.32880868e+01   4.06872867e+01   5.23391056e+01   5.38848655e+01
   4.99611168e+01   3.26309127e+01   2.91701989e+01   1.98957908e+01
   1.40255162e+01   1.71214969e+01   1.48371251e+01   8.08197544e+00
   1.10601234e+01   4.36963576e+00  -6.05787108e+00  -6.51237331e-01
   2.85065424e+00   5.65776283e+00  -2.47333423e-01  -2.81128615e+00
  -3.80938170e+00  -5.64655301e+00  -1.29241950e+00   2.98500854e+00
  -2.99253088e+00  -1.09359239e+01  -5.16897480e+00   5.17422206e+00
   7.13269129e+00   1.13796426e+00   6.16524738e-01  -6.24248564e-01
  -5.01584001e+00  -1.61993871e+01  -2.29258742e+01  -2.07975289e+01
  -1.93390654e+01  -2.22812566e+01  -9.97955264e+00  -7.44060026e+00
   1.69258094e-02   1.78363255e-01  -6.88657896e+00  -6.05775138e+00
  -6.25428320e+00  -8.56768590e+00  -8.24248984e+00  -7.28047824e+00
  -1.14271564e+01  -1.00493214e+01  -1.00077175e+01  -6.69009613e+00
  -5.58993816e+00  -1.70311422e+01  -2.10340605e+01  -2.55239356e+01
  -2.87403905e+01  -2.94238074e+01  -2.69799614e+01  -2.06932574e+01
  -2.28437624e+01  -2.63600287e+01  -2.76166470e+01  -2.60771494e+01
  -1.90791464e+01  -1.91062953e+01  -3.11728697e+01  -2.89052047e+01
  -2.10608588e+01  -8.06119082e+00   2.59148443e+00   4.97828918e-01
  -1.21502653e+00  -7.60487110e+00  -1.21496150e+01  -8.34986395e+00
  -1.30405456e+01  -1.50925479e+01  -1.12868328e+01  -6.52820955e+00
  -9.00182198e+00  -1.44955777e+01  -2.08457142e+01  -2.66988862e+01
  -2.56360261e+01  -1.94791168e+01  -1.46046784e+01  -1.85128862e+01
  -1.37917937e+01  -7.27473512e+00   2.63214649e+00   2.78950627e+00
  -2.61550400e+00  -1.27747871e+01  -1.17598595e+01  -1.70233329e+01
  -1.80874996e+01  -8.03627795e+00  -6.57484733e-01  -9.07829125e-01
   6.44017117e-01   5.50644452e+00   7.35868773e+00   9.67420073e+00
   1.38515826e+01   1.38566534e+01   1.32743006e+01   1.38867638e+01
   1.39557444e+01   1.20984929e+01   1.06633760e+01   8.78373194e+00
   9.42800015e+00   1.11497596e+01   5.13553629e+00  -8.19269158e+00
  -8.57114845e+00  -6.77132485e+00  -1.27269109e+01  -1.45782575e+01
  -1.18591483e+01  -1.29565612e+01  -9.73631344e+00  -2.83337549e+00
  -4.09554346e+00  -3.86473587e+00  -3.59188039e+00  -3.60418190e+00
  -3.85019669e+00   1.38576544e+00   3.37055365e+00   1.61110605e+01
   2.48645036e+01   1.23990156e+01   6.17870531e+00   6.32850916e+00
   5.59769933e+00   8.19602284e+00   8.31022837e+00   9.50753497e+00
   1.41128120e+00   3.36751584e+00   3.50976384e-01  -6.29798737e+00
  -8.74150303e+00  -5.19768739e+00   2.42224094e+00   8.63316701e+00
  -6.92087726e-02  -2.47918679e+00  -5.72525042e+00  -6.15526678e+00
  -6.99958001e+00  -1.46485656e+01  -1.47840165e+01  -4.74692648e+00
   7.19040106e+00   3.72854131e+00  -3.14475376e+00  -9.35706398e-01
   5.43372873e-01   8.80055486e+00   1.36836314e+01   1.50346609e+01
   1.89545659e+01   1.66529034e+01   6.19495499e+00  -1.45878896e+00
  -5.60364456e+00  -4.21228674e+00  -4.28489834e+00  -9.01812107e+00
  -9.68915019e+00  -6.29731115e+00  -5.75959539e+00  -1.21489056e+01
  -7.87006833e+00   2.56398945e+00   5.70954216e-01  -2.05287501e+00
  -5.35805026e+00  -1.14879436e+01  -1.75649746e+01  -2.71145462e+01
  -3.21721703e+01  -2.94172396e+01  -2.35155336e+01  -1.44417732e+01
  -6.28406718e+00  -7.90805888e+00  -1.01438971e+01  -8.89957827e+00
   6.69559985e-02   1.01880121e+01   2.67386766e+00  -5.49415085e+00
  -7.45936305e+00  -7.33272304e+00  -2.89772530e+00  -1.39859828e+00
   6.81550991e-01   4.63890158e+00   5.87569961e+00  -1.65409941e+00
  -3.31933919e+00  -4.22794732e+00  -3.02695120e+00  -1.34773489e+00
  -1.08330108e+00  -2.08204032e+00  -2.29840486e+00   7.40283188e-01
   8.07340441e+00   4.74729092e+00   2.98909706e+00   1.02318063e+01
   1.08967437e+01   1.24303418e+01   1.06127805e+01   1.00672587e+01
   1.11130447e+01   1.35941781e+01   1.81785524e+01   2.56161381e+01
   2.32491857e+01   2.02414748e+01   2.03359541e+01   2.37480563e+01
   1.96819472e+01   2.14641623e+01   1.38439855e+01   2.54547932e+00
   1.59164415e-01],[  1.95399252e-14   3.26046731e-01  -5.32915433e-01  -5.45638819e+00
  -1.16758863e+01  -1.65662422e+01  -1.91744375e+01  -2.28208139e+01
  -1.20926009e+01  -3.15151276e+00  -6.86362284e+00  -1.01265404e+01
  -1.15728272e+01  -9.70616156e+00  -7.34808099e+00  -7.77937707e+00
  -5.35205672e+00  -1.58267480e+01  -2.53076156e+01  -2.06385752e+01
  -2.46057360e+01  -2.60308875e+01  -2.34010679e+01  -2.20614410e+01
  -2.38376570e+01  -2.98579858e+01  -3.34411615e+01  -3.60146086e+01
  -3.48454675e+01  -2.50647584e+01  -1.33324932e+01  -5.55726171e+00
  -1.48918565e+00   1.04784956e+00   7.53353092e-01  -7.32922651e-01
  -1.26911119e+00   4.31070484e+00   6.16788305e+00   2.57258397e+00
   2.39358585e+00  -4.04422723e+00  -7.64952367e+00  -3.06027372e+00
   1.87256884e-01  -4.53133800e-01  -7.53349491e+00  -8.39252213e+00
  -1.41269515e+01  -1.94488566e+01  -2.11924227e+01  -2.21035856e+01
  -2.20584677e+01  -2.81159948e+01  -3.22559253e+01  -3.06652559e+01
  -1.88659966e+01  -7.68133188e+00   3.61781448e-01   7.60326555e+00
   1.00105828e+01   4.14198703e+00   2.25786209e+00   3.31681841e+00
   1.41240833e+00   9.01588037e-01   6.42615044e+00   3.71414568e+00
   8.08767199e+00   1.21884716e-01  -6.23169481e+00  -5.58092789e+00
  -6.53083991e+00  -7.95809868e+00  -2.90837814e+00  -1.90374975e+00
  -7.36795679e+00  -2.98085504e+00  -1.32704151e-01   4.70791904e+00
   5.35358099e+00  -3.70805272e+00  -9.66370344e+00  -1.19214323e+01
  -1.24422971e+01  -1.42539821e+01  -1.91750382e+01  -1.76239730e+01
  -1.34756518e+01  -1.23588484e+01  -4.80028595e+00   2.71197068e+00
   3.56523097e+00  -3.27935829e+00  -9.96784020e+00  -1.34032857e+01
  -1.55881729e+01  -1.22938842e+01  -6.87223688e+00  -1.77398411e+00
  -5.92440588e+00  -1.56558337e+01  -1.46995611e+01  -1.47266416e+01
  -1.89852373e+01  -1.49116001e+01  -1.13299871e+01  -8.09250071e+00
  -1.22748567e+01  -1.50183327e+01  -1.38832680e+01  -1.69606655e+01
  -2.02283565e+01  -2.29653529e+01  -2.69642254e+01  -2.49028635e+01
  -1.58924781e+01  -1.91171945e+01  -2.14390154e+01  -2.30808946e+01
  -2.28499136e+01  -1.99431808e+01  -1.59301721e+01  -2.41278573e+01
  -3.05095865e+01  -2.83010135e+01  -2.23680596e+01  -2.17460418e+01
  -2.19216393e+01  -1.89202096e+01  -2.48506770e+01  -2.60973764e+01
  -1.70078822e+01  -1.84769882e+01  -1.86761747e+01  -1.19623242e+01
  -4.73924199e+00   8.28590744e-01   1.42605720e+00  -1.32601128e+00
  -6.02472711e+00  -4.35371427e+00  -2.23071532e+00  -1.00997971e+01
  -4.64930940e+00  -4.45149409e+00  -9.76221266e+00  -1.24375452e+01
  -1.40463127e+01  -1.98269394e+01  -1.59470499e+01  -4.95634586e+00
  -6.09502031e+00  -9.38114305e+00  -1.07700608e+01  -1.74379972e+01
  -1.24528216e+01  -1.28165125e+01  -1.43007267e+01  -1.22300970e+01
  -8.22598922e+00  -2.03198009e+01  -2.51211962e+01  -1.13765497e+01
  -3.62896780e+00  -1.65785616e+00  -5.27765659e+00  -8.06401194e+00
  -6.45625309e+00  -2.92813390e+00   2.51695809e+00  -2.75391931e+00
  -1.17420924e+01  -1.36501032e+01  -1.84671334e+01  -1.71049133e+01
  -1.59920526e+01  -1.56260180e+01  -2.26334939e+01  -1.74824946e+01
  -1.91824696e+01  -1.81566657e+01  -4.62696083e+00   5.46790395e+00
   1.26286202e+01   5.96507869e+00  -3.41968208e-01  -1.12538489e-01
  -5.85658513e+00  -7.74912488e+00  -1.13686151e+01  -1.61234855e+01
  -1.21709001e+01  -9.48654237e+00  -9.69087710e+00  -1.37740274e+01
  -1.30665415e+01  -8.53033743e+00  -7.41770218e+00  -1.07516305e+01
  -1.47172546e+01  -1.09058598e+01  -6.18642584e+00  -4.01756358e+00
  -1.09085471e+00  -2.45066878e+00  -1.15849423e+01  -1.08317104e+01
  -9.40346652e+00  -7.23240823e+00  -6.41285712e+00  -1.02206253e+01
  -8.52351384e+00  -1.64532638e+00   4.53536683e+00   9.73154481e+00
   9.24048269e+00   3.52792154e+00  -3.54765389e-01  -8.30222585e+00
  -1.03706191e+01  -8.43785713e+00  -1.66333251e+01  -1.89634879e+01
  -1.57329420e+01  -1.15470179e+01  -3.42159541e-01   4.78249963e+00
   5.51052720e+00   8.84356408e+00   1.11148076e+01   5.59653284e+00
   5.47504073e+00   2.44392364e+00   2.26933343e+00   1.89450614e+00
  -9.26536475e-01  -4.30835625e+00  -8.33785083e+00  -9.06915250e+00
  -4.56951296e+00  -2.95282404e+00  -2.47682725e+00   5.14144897e+00
   3.88488793e+00   7.45613234e+00   3.22707546e+00  -1.18920775e+00
  -1.82763657e+00   6.59442773e+00   7.74153393e+00   6.52799275e+00
   2.34351777e+00  -1.63217308e+00  -1.13838892e+00  -1.52659627e+00
   4.28905674e+00   1.06468680e+01   4.14178476e+00  -5.98544253e+00
  -1.48951357e+01],[  9.23705556e-14   3.66795995e-01  -5.82875423e-01  -1.01128569e+01
  -1.42985031e+01  -1.50897511e+01  -1.21807807e+01  -1.47861725e+01
  -1.00770827e+01  -7.94171094e+00  -1.10196857e+01  -1.05185062e+01
  -3.07128467e+00   8.65897471e+00   1.35427186e+01   1.48158767e+01
   1.50926495e+01   1.09409412e+01   8.73823469e+00   9.99804588e+00
  -1.29824205e+00  -7.85248107e+00  -6.45238080e+00  -7.20759207e+00
  -1.09690127e+01  -1.48061998e+01  -1.94477104e+01  -3.09770145e+01
  -3.38441172e+01  -3.03772194e+01  -3.31084036e+01  -2.90044648e+01
  -2.53975150e+01  -1.12084898e+01  -4.17636404e+00  -2.51913588e+00
  -5.36280970e+00  -2.92615426e+00   1.60492783e+00   2.25748778e+00
  -6.92342413e-01  -3.38507743e+00  -3.73381916e-03   5.63132016e+00
   2.77451987e+00  -5.76529008e-01  -8.69072430e+00  -8.52062513e+00
  -2.59986629e+00   5.02467786e+00   8.38719089e+00  -1.98776979e+00
  -6.35132266e+00  -1.28499710e+01  -1.77226272e+01  -2.25116624e+01
  -2.48155945e+01  -2.40762139e+01  -2.52908959e+01  -2.52653215e+01
  -2.61909042e+01  -2.17050690e+01  -1.32849888e+01  -1.15407621e+01
  -1.30533630e+01  -6.19250718e+00  -6.85127048e+00  -1.14199228e+01
  -9.36051517e+00  -1.20607848e+01  -4.75674974e+00  -4.41243327e+00
  -1.24630444e+01  -1.31903617e+01  -6.95317149e+00  -1.22888124e+01
  -1.84991239e+01  -1.32475947e+01  -1.02958447e+01  -7.80319871e+00
  -9.99207747e+00  -1.35706392e+01  -1.62521517e+01  -1.73516447e+01
  -1.73691801e+01  -1.73866395e+01  -2.15926178e+01  -2.24627906e+01
  -2.28227311e+01  -2.14426035e+01  -1.69154152e+01  -1.81820606e+01
  -2.76232110e+01  -2.64677124e+01  -1.85931656e+01  -1.48480917e+01
  -1.89437789e+01  -2.45633932e+01  -2.72626856e+01  -1.85785501e+01
  -1.81702437e+01  -2.16770966e+01  -2.29218314e+01  -2.16420181e+01
  -1.88838762e+01  -1.70491316e+01  -1.66405060e+01  -2.13937127e+01
  -2.73582611e+01  -2.62475747e+01  -1.53908215e+01  -1.00057824e+01
  -8.54650698e+00  -1.04338501e+01  -1.03626507e+01  -1.96218696e-01
   2.21302590e+00  -9.10409486e+00  -1.79306704e+01  -1.93218574e+01
  -1.45526413e+01  -5.50874376e+00  -1.09858895e+01  -1.20848452e+01
  -1.04572689e+01  -5.93915984e+00  -4.25918746e+00  -2.27752570e+00
   1.71528834e+00   1.07077894e+00  -1.35063695e+00  -9.41517230e+00
  -1.27501697e+01  -2.16558001e+01  -2.42812271e+01  -2.42112683e+01
  -2.55044173e+01  -2.30185717e+01  -1.83643263e+01  -1.50105790e+01
  -1.31604181e+01  -1.25587738e+01  -1.13407571e+01  -1.46191534e+01
  -1.98596039e+01  -1.92781094e+01  -1.69830905e+01  -1.91526188e+01
  -1.13279791e+01  -1.05897086e+01  -8.39902955e+00  -1.59820183e+00
  -3.28027667e+00  -1.01373930e+01  -1.35263597e+01  -1.39043611e+01
  -1.31004455e+01  -9.99104797e+00  -3.92619476e+00  -4.32020451e+00
  -5.64106254e+00  -1.11429415e+01  -1.29594728e+01  -8.42500719e+00
  -2.55433389e-01   2.85535565e+00   1.30918638e+00   9.54092250e-01
   4.30930229e+00   2.36496729e+00   6.88477489e+00   1.28998033e+01
   6.57557150e+00  -2.95781004e+00  -4.18730060e+00   1.47946968e+00
   5.41796379e+00  -6.06500895e+00  -1.32711793e+01  -7.70196465e+00
  -7.86671486e+00  -2.96455305e+00   1.45013488e+00  -8.69612756e+00
  -1.47694405e+01  -1.73068389e+01  -1.20105404e+01   2.83011338e-01
   6.95163175e-01   1.90495170e-01  -3.04100333e+00  -5.72661643e+00
  -3.54143926e+00  -4.36241361e+00  -5.58033697e+00  -1.34099106e+01
  -1.50306652e+01  -1.91053022e+01  -1.94620917e+01  -1.61795524e+01
  -1.39568879e+01  -1.53149392e+01  -1.02002277e+01  -7.30289218e+00
  -1.11360373e+01  -1.79904291e+01  -2.32237269e+01  -2.19575813e+01
  -1.82706774e+01  -6.97822679e+00   2.24467317e+00   2.70089766e+00
   2.10665785e+00  -2.78154559e-01  -1.47649923e+01  -3.41583241e+01
  -4.56184756e+01  -4.16286484e+01  -3.04815486e+01  -2.99292261e+01
  -3.00495734e+01  -2.23746461e+01  -1.42520339e+01  -2.72817483e+00
   1.34269344e+01   1.73665888e+01   1.87974150e+01   2.15606856e+01
   1.65750999e+01   9.39768999e+00   7.38870739e+00  -1.86580124e+00
  -7.56324519e+00  -5.53200412e+00  -8.36658309e+00  -7.23563230e+00
  -3.76950121e+00   1.02753054e+00  -3.46926891e+00  -1.12457692e+00
   7.83352014e-01  -1.82685522e+00   1.24884257e+00   9.71924988e-01
   1.70459823e+00   4.94262530e+00  -3.48138903e+00  -1.81807568e+00
   2.59608186e+00   1.71934756e+00   1.74296711e+00  -3.23376943e-01
  -6.08057145e+00  -5.76427463e+00  -3.37930047e+00  -4.87247720e+00
   6.26131737e-01   5.91376860e+00   5.12558797e+00   2.47855528e+00
  -7.85745432e-01],[ -6.57252031e-14  -2.10925698e-01  -2.34349027e+00  -5.41201840e+00
   1.97662927e+00   1.12623954e+01   1.93443323e+01   1.44750250e+01
   7.85611686e+00   4.84460831e+00  -4.07931375e+00  -3.72869090e+00
   1.78724738e+00  -9.15078084e-01  -1.66237598e+00  -5.03102296e+00
  -1.69690969e+00   6.42455721e+00   1.49978854e+01   1.81254952e+01
   2.64579438e+01   2.90199090e+01   3.33742087e+01   3.10182001e+01
   3.33194337e+01   3.52204637e+01   3.39615690e+01   2.85243142e+01
   3.30673550e+01   3.02752964e+01   2.73821188e+01   2.90493508e+01
   2.38803028e+01   2.16602258e+01   2.70853937e+01   2.64055129e+01
   2.36965708e+01   1.63068200e+01   1.24126964e+01   1.26964818e+01
   9.26593545e+00   7.36916081e+00   8.88161736e+00   2.78031266e+00
  -6.21852192e-01   1.22040296e+00  -5.81029155e-01  -4.38398405e+00
  -6.25087792e+00   2.01369285e+00   5.19747518e+00  -6.62263003e+00
  -1.02116241e+01  -4.31935843e+00   5.25634966e+00   8.67789744e+00
   1.18965382e+01   1.02190608e+01   4.96177720e+00  -3.77292398e+00
  -7.15664767e+00  -7.00938893e+00  -4.89769323e-01   4.18588971e+00
   9.04121372e-02  -3.80281802e+00  -2.04245486e+00  -4.30640822e+00
   6.81281768e-01   2.00642918e-01   1.96038839e+00   2.99184398e+00
   7.25624262e+00   9.11701434e+00   7.51175953e+00   9.68077564e+00
   8.35623004e+00   6.39482963e+00   2.86548587e+00   4.96424693e+00
   3.74606485e+00  -1.50888682e+00  -4.66728023e+00  -8.39437652e+00
  -1.23223347e+01  -2.01376356e+01  -2.34831444e+01  -3.05738323e+01
  -3.07750870e+01  -2.15675312e+01  -1.66233736e+01  -1.93461549e+01
  -2.34362093e+01  -1.84417533e+01  -1.39870052e+01  -5.23481453e+00
  -5.47713074e+00  -1.60458966e+01  -2.53328604e+01  -2.00372836e+01
  -1.11542276e+01  -9.57294301e+00  -1.85160802e+01  -2.15826779e+01
  -1.84377027e+01  -1.94153045e+01  -1.94991716e+01  -2.09443318e+01
  -2.06689275e+01  -2.15847168e+01  -1.58351441e+01  -1.10381031e+01
  -1.30642260e+01  -1.54945457e+01  -1.74442177e+01  -9.85459756e+00
  -1.37875663e+01  -2.10138214e+01  -1.64813020e+01  -8.15300598e+00
  -3.49723865e+00  -5.17167175e+00  -1.46486241e+01  -1.19965064e+01
  -8.18100033e+00  -2.13775119e+00  -4.49134372e+00  -7.29807969e+00
  -4.48558267e+00  -1.82782585e+00   7.03399506e+00   9.92351775e+00
   1.41297708e+01   8.99464350e+00   3.45281257e+00  -3.22987317e+00
  -8.76839708e+00  -1.35628060e+01  -1.77694731e+01  -2.07534173e+01
  -1.75407318e+01  -1.48112882e+01  -1.27481553e+01  -7.97196650e+00
  -6.73350895e+00  -9.03370367e+00  -7.32733594e+00  -1.01441761e+01
  -8.48967792e+00  -7.19522489e+00  -1.22247661e+00   1.37861069e+00
  -3.32979909e-01  -2.33108966e+00  -2.98414731e+00  -4.46872601e+00
  -5.88015499e+00  -3.05425392e+00   2.04391857e+00   1.19180358e+01
   1.33985042e+01   4.16606957e+00  -3.49207783e+00  -1.02887713e+01
  -1.33327579e+01  -1.08882751e+01  -7.09219853e+00  -1.75073342e+00
  -5.11197430e+00  -1.44193849e+01  -1.56975895e+01  -1.69200999e+01
  -1.18171346e+01  -1.00865496e+01  -1.54223606e+01  -1.39070188e+01
  -6.37451839e+00  -9.10585260e+00  -8.18369219e+00  -5.61309111e+00
  -3.36464450e+00   8.84878216e+00   1.34214073e+01   1.35684754e+00
  -3.20874615e+00  -3.24669348e-01  -3.35491944e+00  -8.01933533e+00
  -5.43852207e+00  -3.08894419e-01   2.68840110e+00   3.46100793e+00
   4.39712603e+00   4.95191290e+00   6.15980283e+00  -2.67481984e+00
  -8.42417807e+00  -1.16972731e+01  -1.25046994e+01  -9.70080734e+00
  -6.21438185e+00  -9.25237215e+00  -8.07980172e+00  -6.07472121e+00
  -9.40776104e+00  -1.34419065e+01  -1.61225756e+01  -1.52065275e+01
  -1.85348252e+01  -1.22127150e+01  -5.87941016e+00  -5.46965853e+00
  -4.07477859e+00  -6.97607563e+00  -1.26827643e+01  -1.64845377e+01
  -1.36984634e+01  -8.43199839e+00  -3.58746773e+00  -3.28937665e-01
  -3.76024190e-01  -2.00991829e+00  -2.26003203e+00  -1.67161913e+00
  -1.55604683e+00  -3.50707395e+00  -1.36716434e+00   4.76890433e+00
   4.58411326e-01  -1.20534199e+01  -1.26134167e+01  -1.12666401e+01
  -1.16992863e+01  -7.07136802e+00  -5.00507401e+00   1.24301076e+00
   5.79264337e+00   4.76964894e+00  -2.25869729e+00   9.03508989e-01
   3.83363054e+00  -3.72447737e+00  -6.81237643e-01  -8.84367607e-01
  -4.73168707e-01  -2.39483419e+00  -3.52395490e+00   1.87592691e+00
   1.09048626e+01   1.27380838e+01   1.59092970e+01   1.10864722e+01
   4.46288454e+00   7.47638111e+00   1.03314802e+01   6.74548236e+00
   1.05120419e+01   1.26331491e+01   4.86937489e+00   6.48162702e+00
   1.03314011e+01],[  3.90798505e-14  -1.31325996e-01  -1.24007370e+00  -6.87124188e+00
  -3.89340615e+00   1.11066628e+00   4.25261919e+00   4.73292425e+00
   1.89732112e+00   6.08489943e+00   3.91579944e+00   6.69994132e+00
   5.08340122e+00  -7.32318906e+00  -5.62905909e+00  -4.05474093e+00
   1.48242726e-01   3.41066896e+00   1.48533615e+00  -2.89039570e+00
  -1.03317068e+01  -1.14473793e+01  -7.34896169e+00  -8.01107039e+00
  -3.43266054e+00   2.51652965e+00  -1.77378407e-01   2.06352360e+00
   8.30879836e+00   7.12658749e+00   3.72251380e+00  -1.25006601e+00
  -3.91633033e+00   7.53170994e-01   4.27903346e+00   9.81577055e+00
   8.44966245e+00  -1.03496801e+00  -3.66386813e+00  -2.68930059e+00
  -7.28002285e+00  -5.73440490e+00   6.95112026e+00   7.77075367e+00
   3.01953223e+00   7.06942913e+00   5.98056739e+00   9.61354264e-01
  -1.18571212e+01  -1.14815277e+01  -6.17174177e+00  -8.17530401e+00
  -1.23663991e+01  -8.73637600e+00  -1.16164940e+00   6.10647792e-01
   1.93025048e+00   9.26112055e+00   1.07193683e+01   9.53007886e+00
   9.65461326e+00   1.24061208e+01   1.42426494e+01   1.45855351e+01
   1.04363355e+01  -1.51421339e+00  -6.27312567e+00  -1.15077471e+01
  -1.20829519e+01  -1.06500147e+01  -6.12022887e+00   1.09255175e+00
   4.31829184e+00   8.49499437e-01  -2.21397964e+00   6.00014522e+00
   6.61315253e+00   3.24330816e+00   9.37182979e-01  -1.41680637e+00
  -2.10871900e+00  -8.02019424e+00  -5.12175469e+00   3.87248402e+00
   1.41769405e+01   1.16947204e+01   1.02709520e+01   5.27725695e+00
   7.95784887e+00   1.02475876e+01   7.62810619e+00   5.50731194e+00
   1.11091932e+00  -8.62533333e-01  -2.72037486e+00  -2.95849826e-02
  -1.83753765e+00  -5.60818855e+00  -1.44677259e+01  -1.74195777e+01
  -1.39276452e+01  -8.36229836e+00  -7.05256634e+00  -1.10981392e+01
  -9.47027886e+00  -7.96581907e+00  -1.09186015e+01  -8.04695358e+00
  -4.39160920e+00  -1.10107721e+01  -1.52425858e+01  -1.08264316e+01
  -9.22663772e+00  -1.31184701e+01  -1.72643875e+01  -1.62609348e+01
  -1.73385682e+01  -1.44308473e+01  -6.86771434e+00  -1.73558688e+00
  -1.01953177e+00  -3.74140194e+00  -6.49048746e+00  -3.60885484e+00
  -1.73286652e+00  -4.00841199e+00  -6.59600100e+00  -5.50680742e+00
  -7.98949410e+00  -1.10262736e+01  -6.92017919e+00  -6.32702234e+00
  -5.94969980e+00  -1.49212830e+00  -1.16529539e-01  -1.86526395e+00
   4.58228161e+00   4.62384715e+00  -1.25297087e+00  -2.86534229e+00
  -8.94652347e+00  -1.66896156e+01  -1.01486751e+01  -3.26083142e+00
   1.33497347e+00  -2.11436116e+00  -1.36178010e+00  -6.64535716e+00
  -5.66701038e+00  -6.55287138e+00   1.66065537e-01   2.13645054e+00
   6.61873497e-01   5.33520611e+00   9.11627738e+00   3.41553401e-01
  -7.60506906e-02   2.07064542e+00  -7.75657115e-01  -2.49120062e+00
  -9.22756722e+00  -1.05152136e+01  -6.19052658e+00  -2.99475424e+00
  -3.48901563e+00  -9.10455755e+00  -1.18332962e+01  -7.43554457e+00
  -1.03740927e+01  -1.37658314e+01  -6.57268089e+00  -9.56022330e+00
  -5.88114719e+00  -3.24134958e+00  -4.31777262e+00  -9.48960881e+00
  -7.18257444e+00  -6.95554604e+00  -8.28538678e+00  -1.07073494e+01
  -5.99941946e+00  -6.43795464e-01   1.48469278e+00  -5.73287352e-01
   5.13925775e+00   5.02278326e+00   3.85742106e-01  -6.59092475e+00
  -7.86008183e+00  -1.00711363e+01  -9.96025605e+00  -8.56219673e+00
  -1.23926039e+01  -1.36318226e+01  -8.75555296e+00  -1.66235769e+01
  -2.11436966e+01  -1.58546740e+01  -1.71973525e+01  -1.77765200e+01
  -9.32372608e+00  -8.18425106e+00  -1.13113688e+01  -9.79665888e+00
  -1.37040657e+01  -1.47696158e+01  -1.89482189e+01  -1.71906180e+01
  -1.82925842e+01  -2.25733591e+01  -2.04434944e+01  -1.52053883e+01
  -1.42613829e+01  -1.76464328e+01  -1.53321299e+01  -9.90151168e+00
  -3.65971455e+00  -6.52723647e+00  -1.14887012e+01  -1.07637382e+01
  -1.20153223e+01  -9.84598798e+00  -2.38429032e+00  -1.57675519e+00
  -4.20437207e+00  -6.21533095e+00  -2.45374642e+00   7.48450098e-01
  -7.93779633e+00  -1.88832378e+01  -2.15795831e+01  -1.20377753e+01
  -7.35898556e+00  -6.11438725e+00  -9.20236858e+00  -7.82569080e+00
  -6.15800298e+00  -9.47960685e+00  -1.30752591e+01  -1.01554873e+01
  -8.05811947e+00  -1.29028400e+01  -1.22470759e+01  -6.25924068e+00
  -8.39709838e+00  -1.39361627e+01  -1.33549755e+01  -1.09630586e+01
  -7.55848907e+00  -7.58202817e+00  -4.40336628e+00  -7.80190448e+00
  -1.06702791e+01  -6.75152652e+00  -4.61558633e+00  -6.40643662e+00
   4.05689734e-01  -9.83466370e-01  -1.16706512e+01  -7.50704682e+00
  -4.74447949e+00],[  1.49213975e-13   8.62709659e-02   1.72834329e+00  -8.51968263e+00
  -1.17982786e+01  -1.54597270e+01  -2.17722287e+01  -2.05012157e+01
  -1.44863326e+01  -9.74256002e+00  -8.11304108e+00  -6.05086193e+00
  -8.14300622e+00  -1.59474444e+01  -1.57416772e+01  -1.46407667e+01
  -1.44180066e+01  -1.03689191e+01  -1.15305646e+01  -1.02412808e+01
  -2.00018157e+01  -2.62626077e+01  -2.99638518e+01  -3.05115762e+01
  -3.28670194e+01  -3.62809064e+01  -3.65442952e+01  -3.44328215e+01
  -3.24307543e+01  -2.66218956e+01  -1.82679492e+01  -1.03446462e+01
  -6.50599258e+00  -5.06450598e+00  -3.00399506e+00  -1.28456515e+00
   6.18566220e-02  -2.53409580e+00  -2.36111303e+00  -3.28034049e+00
  -4.30100528e+00  -2.86451847e+00   4.46419150e-01   5.14196113e+00
  -2.55171234e-01  -2.71727864e+00  -8.43616062e-01  -3.04718002e+00
  -1.21763885e+01  -1.16986914e+01  -1.24440915e+01  -8.51927623e+00
  -6.92024935e+00  -1.19343153e+00  -4.60408450e+00  -7.04468105e+00
  -1.35586802e+01  -1.62930189e+01  -1.67262175e+01  -1.12929541e+01
  -4.11778612e+00   2.86891459e+00   2.43881157e+00  -1.54290483e+00
   1.64686849e-02  -4.59795971e-01  -4.72771456e+00  -1.25610493e+00
   6.18955625e-01   1.86886658e-01   1.62784671e+00   7.65079670e+00
   4.05691245e+00  -4.65994091e+00  -6.29623608e+00  -1.04762841e+00
   1.80513488e+00   4.42836321e+00   6.63884655e+00  -5.61279660e-01
  -5.83165973e+00  -8.72592147e+00   5.62201948e-01   7.08102959e+00
   1.08110061e+01   9.32422182e+00   9.98213132e+00   1.31037450e+01
   1.67232023e+01   1.73191779e+01   1.21451205e+01   1.12196319e+01
   3.82657385e+00   6.59213471e-01   3.45038090e+00   1.02914102e+01
   5.24806063e+00   3.87429457e+00   1.51616172e+00  -9.73401649e-01
  -5.86806730e-02   2.84995691e+00   6.04157664e+00   2.50884190e+00
   2.04442242e+00  -9.45832640e-01  -5.63964472e+00  -1.26834875e+00
   4.48421478e+00  -1.11631326e+00  -9.55261968e+00  -6.15356628e+00
   5.09637135e+00   6.83753957e+00   6.12410262e+00  -3.60473736e-02
  -3.90994647e+00   5.44088641e-01  -3.81090102e+00  -7.59188866e+00
  -9.09705659e+00  -9.93130244e+00  -6.42846316e+00  -8.52177388e+00
  -9.81709662e+00  -2.03075462e+01  -2.07893288e+01  -9.22479806e+00
  -3.36209328e+00  -4.62921844e+00  -3.47488338e+00  -5.96716499e+00
  -7.02681981e+00  -6.68551343e-01   9.35965573e-02   2.71258945e-01
   3.74472146e+00   4.27005572e+00   6.41711363e+00   7.32556492e+00
   4.59012018e+00  -2.49385726e+00   4.07811543e-01   7.77768289e-01
  -6.51774577e+00  -6.11040023e+00  -3.16528191e+00  -4.91472354e+00
  -3.97881714e+00  -1.04151015e+01  -1.19154187e+01  -1.10297934e+01
  -8.58726226e+00  -6.74891504e+00  -4.59360545e+00  -1.06914561e+01
  -1.26751828e+01  -3.50306003e+00   2.32222573e+00   7.55989670e+00
   4.33999517e+00  -7.27194535e-01  -7.46150493e-01  -7.15455849e-01
  -2.63368092e+00  -6.32270253e+00  -1.00408614e+01  -4.49014808e+00
  -2.83996737e+00  -5.23386982e+00  -5.05962113e+00  -6.09361739e+00
  -6.66685863e+00  -4.00489933e+00   6.65534990e+00   9.80452562e+00
   6.19119884e+00   1.95819345e+00   3.49209389e-02  -3.14617302e-01
   3.18611491e+00  -4.25767144e+00  -1.21405636e+01  -1.17582044e+01
  -8.83606919e+00  -1.18145867e+01  -5.13392417e+00   3.52543852e+00
   4.96536686e+00   8.36625162e+00   9.44938509e+00   1.45559008e+01
   1.63700943e+01   1.16398629e+01   8.00802920e+00  -4.66395104e+00
  -4.95729115e+00   2.12828831e+00  -2.36317986e+00  -5.15561232e+00
  -2.11211405e+00  -8.26844505e-01  -6.53933897e-01  -2.27396267e+00
  -6.78302680e+00   1.21304881e+00   2.85424671e+00   2.54357982e+00
   6.70763501e+00   3.08956720e+00  -1.97572306e+00  -4.53272084e+00
  -6.90749961e+00  -8.15474094e+00  -6.04451031e+00  -7.59359369e+00
  -1.38986500e+01  -1.74476506e+01  -1.59704402e+01  -1.05638427e+01
  -1.40911116e+01  -1.50373974e+01  -1.19439415e+01  -8.45423153e+00
   2.61557618e+00   7.82396435e+00   6.37776789e+00   5.72477071e+00
   4.26941050e+00  -2.70252397e-01  -4.81937500e+00   2.08680491e+00
   5.26505979e+00   1.06527879e+00  -5.55047776e+00  -7.30067375e+00
  -1.02746171e+01  -1.23944685e+01  -1.34021750e+01  -4.78523682e+00
  -1.86582428e+00  -4.01453409e+00  -3.89541446e-02   3.22932847e+00
   3.51055881e+00   3.44872226e+00   1.30743531e+00   2.09065971e+00
   4.61493829e+00  -1.29159909e+00  -1.37645353e+00  -2.52605773e+00
   1.83588787e+00   4.51054714e+00   4.18756630e+00   2.29402275e+00
   7.45964698e-01   3.68787329e+00   3.14240266e+00   1.48279567e+00
   1.63791379e+00],[ -7.10542736e-14  -9.90661255e-02  -3.40948816e-01  -4.73837386e+00
  -8.73002003e+00  -1.04184159e+01  -1.78136496e+01  -1.83433384e+01
  -1.42849745e+01  -1.16373863e+01  -1.02369226e+01  -4.72755465e+00
  -4.70645713e-01  -2.24413346e+00   2.84325433e+00   6.87332157e+00
   9.41876007e+00   4.96012414e+00   3.25328526e+00   1.81570164e-01
  -8.17047749e-01  -1.51176504e+00  -4.54218346e+00  -2.14441085e+00
   7.79016096e-01  -1.86608802e+00   2.36940032e+00   4.16518891e+00
   2.22363139e+00   3.42524060e+00   1.25202320e+01   1.25893523e+01
   8.02207934e+00   3.45891328e+00   7.88209412e-01  -2.01618606e+00
  -5.52780191e+00  -3.56124410e+00  -3.48247037e+00  -6.63267244e+00
  -8.91826758e+00  -2.96745171e+00   6.50387418e-01   1.90806824e+00
  -7.74552019e-01  -1.62450652e+00   1.09239124e+01   1.56587568e+01
   4.16645660e+00  -2.29425030e+00  -3.91871684e+00  -6.12414503e+00
  -1.19959829e+01  -6.82709102e+00  -7.14219973e+00  -4.76410350e+00
  -2.96987550e+00  -5.49752129e+00  -8.30177630e+00  -8.79048873e+00
  -1.13413069e+01  -1.50539956e+01  -2.23495428e+01  -2.64524682e+01
  -2.38061679e+01  -2.04389179e+01  -1.62471075e+01  -6.86354117e+00
  -1.87086939e+00   1.11798438e+00   2.86883674e-01   7.27848963e+00
   1.25716758e+01   4.88247034e+00   3.40547799e+00   6.07628789e+00
   3.18518686e+00   5.98788864e+00   5.72357678e+00   1.68425721e+00
  -1.29869603e+00  -2.30127162e+00  -3.52551744e+00  -5.58240059e+00
  -5.33466499e+00  -9.55863783e+00  -6.09410838e+00   1.86512039e-01
  -1.39292811e+00  -7.66802130e+00  -1.73088748e+01  -1.88444331e+01
  -1.88848583e+01  -1.99898516e+01  -1.54603357e+01  -6.45494208e-02
   3.88188767e+00   1.11111591e+00  -5.21819979e-01  -2.89257303e+00
   2.94911749e-01   1.57674601e+00   4.68723477e+00   3.58728147e+00
  -1.12812604e+00  -1.15039836e+01  -1.27077813e+01  -6.66291080e+00
  -4.32805326e-01  -8.88546481e-01  -6.90144043e+00  -1.05217144e+01
  -6.65117839e+00  -3.29173174e+00  -5.64770284e+00  -8.87043497e+00
  -8.43951236e+00  -6.86744043e+00  -1.21887237e+01  -1.61527857e+01
  -1.55636310e+01  -7.93198874e+00   2.27131999e+00   9.57105951e+00
   9.34122107e+00   6.53927629e+00   5.19955239e+00   2.80217508e+00
  -5.88822842e+00  -9.97474490e+00  -6.38874031e+00  -1.29971911e+01
  -1.65299562e+01  -9.44647117e+00  -1.08417174e+01  -1.16220371e+01
  -1.31068857e+01  -9.93657699e+00  -1.11945442e+01  -1.41535022e+01
  -1.01431997e+01  -8.01481132e+00  -7.07897499e+00   4.11461689e-01
  -1.40027026e+00   1.07248204e+00   8.15578931e+00   5.14465880e+00
  -2.04042283e+00  -6.49306374e+00  -5.97229272e+00   2.61313450e+00
   8.09120243e+00   3.66247826e+00   3.08247384e+00  -1.22933806e+00
  -4.49267147e+00  -5.18501509e+00  -1.47047310e+00   1.26056572e+00
  -3.50983531e+00  -5.64212465e+00  -5.85778152e+00  -4.85620284e+00
  -5.94392442e+00  -8.90083427e+00  -1.21440498e+01  -9.71559483e+00
  -9.47916283e+00  -9.28494143e+00  -5.72279217e+00  -4.95330017e+00
  -9.51647692e+00  -9.79947956e+00  -8.62851200e+00  -9.74015338e+00
  -9.49532828e+00  -5.72343195e+00  -6.37393483e+00  -4.65433717e+00
  -1.31617244e+00  -8.08025668e+00  -1.10603868e+01  -3.86412907e+00
  -2.34344443e+00  -1.00737232e+01  -6.34866958e+00  -5.96394894e+00
  -1.19268173e+01  -1.08000947e+01  -1.25391618e+01  -7.13776966e+00
  -1.15646128e+00   9.60384114e-01  -1.42500242e+00  -1.16085624e+01
  -1.26371239e+01  -1.20162234e+01  -1.19203639e+01  -1.13183004e+01
  -8.91238598e+00  -3.67350082e+00  -4.93171134e+00  -8.74520552e+00
  -1.49064836e+01  -9.61785882e+00  -1.06260772e+01  -1.06613809e+01
  -9.75170881e+00  -1.24390068e+01  -1.65725030e+01  -1.83464768e+01
  -1.64996352e+01  -1.21189212e+01  -8.66429492e+00  -8.63508014e+00
  -1.31768269e+01  -1.46509788e+01  -1.35295958e+01  -9.21112169e+00
  -8.28687068e+00  -1.04434239e+01  -1.95413951e+01  -2.20160049e+01
  -1.63340755e+01  -1.18304154e+01  -1.84735153e+01  -2.33411680e+01
  -1.97541836e+01  -1.23065401e+01  -6.97499035e+00  -7.12961782e-01
  -4.35431848e+00  -9.46544959e+00  -1.28521256e+01  -9.83812420e+00
  -1.08531262e+01  -1.79588210e+01  -1.50996776e+01  -9.33105499e+00
  -4.90368679e+00  -5.82343585e+00  -7.28790178e+00  -7.27342304e+00
  -4.30019982e+00   1.05962974e+00   1.54697498e+00  -1.01023210e+00
  -1.81412874e+00  -4.48757379e+00  -4.38951214e+00  -7.27409944e+00
  -4.32301543e+00  -9.75498231e+00  -7.18770714e+00  -3.08697934e-01
  -2.63626354e-01   4.04911540e+00   7.96256211e+00   5.88956482e+00
   2.84984305e+00],[ -6.21724894e-14  -1.29138672e-01  -3.20508758e-01   1.35275291e-01
   2.69265407e+00   9.02314685e+00   5.99369490e+00   6.78082868e+00
   2.23449701e+00  -2.46685681e+00  -5.70246678e+00  -2.18875676e-01
   6.29678362e+00   3.92989628e+00   5.04315982e+00   4.44195754e+00
   3.11985960e+00   1.14581963e+00   3.63838039e+00   7.09138585e-01
   5.78768326e+00   6.99264602e+00   8.32500913e+00   1.46484036e+01
   1.43820311e+01   6.82567305e+00   1.09184005e+01   6.31265816e+00
  -2.83887471e+00  -3.41961180e+00  -1.52651931e+00  -4.05985943e+00
  -8.15697747e+00  -1.86874683e+00   2.89492900e+00   2.01207503e+00
  -5.49005266e+00  -4.09606489e+00  -4.05749234e+00  -7.20623428e+00
  -1.04644637e+01  -8.99381191e+00  -4.46455710e+00  -1.50028595e+00
   2.51288849e+00   3.98173541e+00   4.35859835e+00   2.96736575e+00
  -4.54994078e-01  -2.27430525e+00   1.41329466e+00  -4.52696146e+00
  -5.29214860e+00  -1.79188504e+00   5.54795887e+00   1.06592725e+01
   1.24819226e+01   8.50357466e+00   9.46208845e+00   1.12885133e+01
   5.56309884e+00  -6.99240936e-01  -2.91553935e+00   3.93054723e+00
   7.25921981e+00   7.95646664e+00   9.06398994e+00   7.90198885e+00
   2.28422584e+00  -9.27210511e+00  -1.32580703e+01  -1.41155039e+01
  -1.28107492e+01  -2.03675181e+01  -1.84394153e+01  -1.72750613e+01
  -1.72005646e+01  -1.40746397e+01  -1.54761256e+01  -1.35767101e+01
  -1.17774649e+01  -6.32976052e+00  -1.45294841e+01  -1.43162039e+01
  -7.02677508e+00  -5.04307382e+00  -2.09446034e+00  -2.28603947e-03
  -5.23838843e+00  -1.57684408e+01  -2.03224686e+01  -2.05112432e+01
  -1.67653954e+01  -2.03346464e+01  -2.24264716e+01  -1.89342820e+01
  -1.10005131e+01  -1.13334389e+01  -1.19817684e+01  -1.26325008e+01
  -1.41358457e+01  -1.47310845e+01  -9.48613034e+00  -4.91473195e+00
  -8.62284799e+00  -1.49905271e+01  -8.57830776e+00  -6.44273508e-03
   1.70574395e+00   2.28417878e+00   2.83897439e+00  -2.28110946e+00
  -1.06515668e+01  -9.46577874e+00  -6.81216776e+00   1.37287047e+00
   1.12656984e+01   1.05714026e+01   6.98792911e+00   6.64978645e+00
   4.02681455e+00  -3.50568420e-01  -6.57033750e-01   2.15545356e+00
  -6.64681400e+00  -7.48022903e+00  -6.71121537e+00  -6.06177444e+00
   8.20232867e-01   4.62008769e+00   5.52007859e+00  -2.72999888e+00
  -1.41395260e+01  -1.02858959e+01  -6.22588363e+00  -2.42372794e+00
   1.91791391e+00   7.13181102e+00   5.24044834e+00   3.09525985e+00
  -1.49886317e+00  -5.93473849e+00  -5.54341984e+00   4.65253044e+00
   1.51072256e+00   6.42256874e+00   1.25176361e+01   4.63121532e+00
   8.00820565e-01  -8.15750773e-01   2.55389103e+00   1.25802991e+01
   1.64139038e+01   9.24127557e+00   6.67276195e+00   6.23802477e+00
   1.01687577e+01   7.46825573e+00   5.28165130e+00   2.71453660e+00
  -2.03907028e+00   6.83917005e-01   2.94567997e+00   5.63037022e+00
   6.74323191e+00   5.44689125e+00   8.25441157e+00   4.86137146e+00
  -2.13039064e+00  -4.01991642e+00   5.11591043e-01   2.70547799e+00
  -1.30415264e+00  -3.45254915e+00  -8.24559104e-01   1.50124800e+00
   3.65526708e+00   2.88150748e+00   4.04428210e-01   3.17337286e+00
  -8.94363155e-01  -7.99191018e+00  -1.26940280e+01  -8.07660248e+00
   2.38407554e+00  -2.60002367e-01  -9.81310252e-01  -1.34148682e+00
  -7.50516576e+00  -1.06471211e+01  -1.37733048e+01  -7.01264469e+00
   2.31225914e+00   5.47489938e+00  -2.82587330e-01  -5.39390378e+00
  -7.54427550e+00  -1.47500983e+01  -1.23401389e+01  -1.36186445e+01
  -1.55797455e+01  -1.20066560e+01  -1.25143954e+01  -1.38523209e+01
  -1.41907065e+01  -8.96137910e+00  -1.02086137e+01  -7.67941760e+00
  -6.60346806e+00  -9.93330890e+00  -9.56614086e+00  -1.00512466e+01
  -9.45754558e+00  -4.30844782e+00  -6.29620701e+00  -1.26961457e+01
  -1.48073221e+01  -1.58889721e+01  -1.70863239e+01  -1.81554213e+01
  -1.33287719e+01   1.48637760e+00   2.69295353e+00   5.31830083e+00
   3.28777495e+00   3.15206789e+00   8.64760807e-02  -4.07384280e+00
  -1.39911277e+01  -7.56764794e+00  -1.05464791e+00  -4.82680943e+00
  -1.40203709e+01  -1.58173702e+01  -1.56485617e+01  -8.98578421e+00
  -3.81742351e+00  -5.82454639e+00  -5.60995463e+00  -5.22244766e+00
  -5.47698487e-01  -2.57608901e+00  -2.67193533e+00   2.66230753e-01
   3.66703329e+00   7.16666017e+00   8.95743812e+00   9.64389089e+00
   1.30646908e+01   9.26390882e+00   8.28408524e+00   7.99501274e+00
   5.01521200e+00  -3.92394974e+00  -1.76942278e+00   5.45900776e+00
   3.90525021e+00   1.74956108e+00   2.19849476e+00   4.51988519e+00
  -1.30224443e+00],[  1.77635684e-14   1.48874939e-01   2.31915414e+00  -4.19077008e+00
   1.16562798e+00   9.31874793e+00   1.11297824e+01   1.00857361e+01
   2.83703100e+00  -3.18432280e+00  -4.16910503e+00  -3.29474248e+00
   2.32442080e+00  -1.07839435e+00  -9.56312661e-01   2.97034311e+00
   1.65547369e-01   7.70763427e-02   2.67276535e+00   2.86944806e+00
  -1.10921883e+00   9.25313681e-01   1.83620806e-01   2.16054530e+00
  -8.89215135e-01  -7.21035931e+00  -1.13429318e+00  -4.05402227e+00
  -1.07773005e+01  -1.10119931e+01  -1.17537477e+01  -6.51746648e+00
  -6.13943735e+00  -4.00290582e+00  -5.50748536e+00  -3.72731313e+00
  -5.68510384e+00  -4.83894644e+00  -4.36013273e+00  -4.32645683e+00
  -4.50251396e+00  -6.76064446e+00  -6.70960819e+00  -1.42833255e+00
   4.46617949e+00   5.60542898e+00   5.99577866e+00   2.87509320e+00
  -3.06543902e+00  -1.77409462e+00   2.16340287e-01  -1.05105182e+01
  -1.15510846e+01  -1.17516374e+01  -8.52588360e+00  -4.47273541e+00
   4.12136869e-01  -2.52041037e+00  -2.29828294e+00  -3.40911996e+00
  -1.01509305e+01  -1.53632089e+01  -1.31572273e+01  -7.40964617e+00
  -5.05723549e+00  -3.15552560e+00  -3.58919465e+00  -8.52533440e+00
  -1.01660272e+01  -4.68516092e+00   5.08579213e+00   2.71655305e+00
   1.08043624e+01   5.92810426e+00   2.50085173e+00  -4.48424651e+00
  -6.77162402e+00  -1.75704550e+00  -4.50018041e+00  -4.88052671e+00
  -7.50693044e+00   2.37315500e-01  -3.89952515e+00  -7.39471592e+00
  -9.06838226e+00  -8.29179289e+00  -9.15350492e+00  -1.43953972e+01
  -1.45502112e+01  -1.26002021e+01  -8.87252529e-01   3.81916823e+00
   4.57804467e+00   6.96816623e-01  -5.13959203e+00  -1.00563456e+01
  -9.95007288e+00  -9.29815199e+00  -5.04560639e+00  -3.90983479e+00
  -9.05428245e+00  -1.63638724e+01  -1.57733639e+01  -1.42670860e+01
  -1.54298612e+01  -1.61019405e+01  -8.76486487e+00  -2.05052222e+00
  -2.88627669e+00  -4.04176176e+00   2.94834462e-01   3.47643015e+00
  -3.90776773e+00  -8.50828006e+00  -3.84810717e+00  -2.10981498e+00
  -5.56013480e+00  -1.38628233e+01  -1.44084172e+01  -6.41511006e+00
  -2.50756290e+00  -3.92256266e+00   7.34864958e-02   1.20456659e+00
  -2.53535679e+00  -6.18892073e+00  -9.28744845e+00  -9.89275214e+00
  -5.56649004e+00   2.37060140e+00   9.72886666e+00   6.14104934e+00
  -2.48409186e+00  -2.82051648e+00  -5.55346246e+00  -6.05508872e+00
  -6.74208491e+00  -8.67147933e+00  -9.04893567e+00  -9.92507524e+00
  -1.43148796e+01  -1.51385366e+01  -7.79928869e+00   1.34124025e+00
   2.46057204e+00   5.21245330e+00   2.53065505e+00  -3.19621902e+00
  -4.58892387e+00  -7.64244692e+00  -8.54936333e+00  -3.25720407e+00
  -1.99209419e+00  -9.75129195e+00  -1.36580597e+01  -1.21891017e+01
  -6.63349267e+00  -6.00392900e+00  -4.62651373e+00  -3.80470308e+00
  -7.58918556e+00  -1.12865535e+01  -1.22658494e+01  -1.96672108e+01
  -2.60811234e+01  -2.53057207e+01  -1.30809830e+01  -5.95962606e+00
  -7.13504835e+00  -1.40737594e+01  -2.06465724e+01  -2.29150070e+01
  -1.94635179e+01  -1.45410317e+01  -9.97323139e+00  -3.62675914e+00
  -1.82594301e+00  -6.25595891e+00  -7.15320626e+00  -4.52717007e+00
  -9.93449847e+00  -6.35583931e+00  -3.62563632e+00  -6.71551649e+00
  -2.96929942e+00   3.43255192e+00   1.06456945e+00  -5.38113039e+00
  -1.25169869e+01  -1.03743318e+01  -7.08358621e+00  -5.65023736e+00
  -2.76634022e+00  -4.41292304e+00  -1.33230488e+01  -1.59675114e+01
  -5.91661533e+00  -5.25194830e+00  -4.82955854e+00  -8.15933603e+00
  -1.44422628e+01  -1.58282659e+01  -8.09523835e+00  -1.14498727e+01
  -1.01669166e+01  -3.93103403e+00  -3.38147454e+00  -3.16955686e-01
  -1.73135217e-01   2.09394063e+00   5.73798710e+00   5.40968790e+00
   1.04396829e+01   1.31959827e+01   8.42004050e+00   5.37425945e+00
   3.45827143e+00   3.57318396e+00   3.93872513e+00   5.59349849e+00
   7.64996677e+00   4.59969459e+00  -2.13368721e+00  -2.78989253e+00
  -5.61809151e+00  -1.00301439e+01  -9.86089118e+00  -8.95192462e+00
  -1.29695071e+01  -1.12353131e+01  -1.18752406e+01  -1.96566136e+01
  -2.29322685e+01  -2.42354031e+01  -2.46628383e+01  -2.11731691e+01
  -2.14992229e+01  -1.72216664e+01  -1.30920181e+01  -1.09314652e+01
  -6.18045859e+00  -7.74845033e+00  -8.56106983e+00  -6.41648870e+00
  -2.74924350e+00   3.45368281e-01   2.59889383e+00  -7.52372278e-01
   2.06003353e+00   6.68844967e+00  -5.59829328e-01  -3.18270295e+00
  -6.24133346e+00  -6.88930374e+00  -7.53732613e+00  -7.07937550e+00
  -9.21249080e+00  -1.03763335e+01  -4.99025056e+00  -1.21435630e-01
   2.63132985e+00],[  7.10542736e-14   3.23355433e-01   7.62581122e-01  -8.22467947e+00
  -9.56583878e+00  -3.82618617e+00  -1.12765734e+00  -7.41220738e+00
  -1.10887322e+01  -7.68546133e+00  -8.20482521e+00  -1.23783193e+00
   5.29330442e+00   4.22277545e+00   6.60375698e+00   1.34457926e+01
   9.17290765e+00   1.42244895e+00   1.69663318e+00   7.71665559e-01
  -1.84344674e+00   2.44144987e+00   3.22770054e+00   3.00396766e+00
   4.44572662e+00   7.42112784e+00   9.86662763e+00   1.03772526e+01
   8.34912804e+00   3.18814751e+00  -2.90042547e+00  -8.65954317e+00
  -1.33086997e+01  -1.31724145e+01  -2.01405860e+01  -1.24168346e+01
  -1.01450583e+01  -1.04684124e+01  -8.96900930e+00  -8.44703402e+00
  -1.19798099e+01  -5.59102082e+00  -4.80720263e-01  -2.11171898e+00
   2.77277953e+00   5.61476014e+00   1.01294878e+01   6.82525683e+00
   5.44361568e+00   5.73640288e+00   4.06669434e+00  -3.65360989e+00
   2.97635136e+00  -1.40598606e-01  -9.33089891e+00  -1.63063677e+01
  -1.85362179e+01  -1.40475701e+01  -1.31473317e+01  -2.36570027e+01
  -3.07982462e+01  -3.19676060e+01  -3.02827264e+01  -2.77698612e+01
  -2.90677681e+01  -3.01591958e+01  -2.38879647e+01  -2.51504360e+01
  -2.43024467e+01  -1.21535242e+01  -1.21204588e+01  -1.72404304e+01
  -7.85079700e+00  -6.81301348e+00  -7.16772447e+00  -7.64303666e+00
  -5.74663952e+00  -1.61357140e+00  -6.57716616e+00  -9.80199672e+00
  -1.33128756e+01  -9.07313580e+00  -3.40589946e+00  -1.39712206e+00
   1.98829134e-01  -2.06951595e+00  -1.98006424e+00  -6.90178575e-01
   1.24182449e-01   1.39201945e-01   3.59249935e+00  -3.64916057e+00
  -1.11939456e+01  -1.28707045e+01  -1.32850855e+01  -8.13059562e+00
  -8.44415689e+00  -4.06954890e+00   9.25550905e-01   3.92909501e-01
   5.90881525e-01  -5.28537873e+00  -8.06446784e+00  -1.36828354e+01
  -1.23952569e+01  -4.54493569e+00  -2.38227246e+00  -9.38361059e+00
  -1.30594322e+01  -1.59119865e+01  -1.44222917e+01  -1.14090454e+01
  -1.84772052e+01  -2.23768049e+01  -1.79904422e+01  -1.45512000e+01
  -1.55849636e+01  -1.49491386e+01  -6.79793618e+00  -5.64217509e+00
  -7.54295832e+00  -2.96393694e+00   5.67540869e-01   2.48595785e-01
   4.31203447e+00   5.02863659e+00   6.31090812e+00   8.28976928e+00
   1.97887497e+00  -1.98785865e+00   4.80910145e+00  -2.78254953e+00
  -9.21579893e+00  -2.51770180e+00  -1.81167491e+00   9.66362823e-01
   3.59256722e-01  -2.41640655e+00  -6.99264281e+00  -8.40330478e+00
  -8.37969517e+00  -9.25802421e+00  -5.67191863e+00  -1.56657750e+00
   1.36731131e+00   9.75924966e-01  -3.22610241e+00  -7.55548194e+00
  -6.54829249e+00  -4.28596180e+00  -1.39467283e+00   4.75031172e+00
   2.55679492e+00   2.14544063e+00   5.08944777e+00   4.18590041e+00
  -3.57000249e+00  -5.99526748e+00  -1.10489642e+00  -7.11662082e+00
  -1.07677586e+01  -8.59279625e+00   2.45174783e+00   1.63035583e+00
  -2.77310577e+00  -1.01876647e+01  -1.24693272e+01  -6.85966378e+00
  -3.51072410e+00  -3.17745541e+00   9.89130311e-01  -2.31562909e-02
  -9.72144989e-01  -3.98371023e+00  -1.08684222e+01  -1.15606198e+01
  -6.42867788e+00  -1.81868993e+00  -1.81781321e+00  -5.62127112e+00
  -7.96328245e+00  -6.08923841e-01   3.95946663e+00  -4.45393688e+00
  -5.72665118e+00  -2.34984234e+00  -2.78694891e+00  -8.42210116e+00
  -1.40750869e+01  -9.08008729e+00  -4.38077885e+00  -6.32712673e+00
  -5.89650397e+00  -1.85311895e+00  -2.85885093e+00  -1.49389629e+01
  -1.26259094e+01  -1.28095848e+01  -1.53436349e+01  -1.21839400e+01
  -9.66909267e+00  -1.49647049e+01  -7.75453706e+00  -6.72772754e+00
  -1.15828811e+01  -1.27323528e+01  -1.68361226e+01  -1.78198174e+01
  -2.38002730e+01  -2.46210585e+01  -2.05047874e+01  -1.41412963e+01
  -1.13653429e+01  -1.41488590e+01  -2.07774923e+01  -1.96470878e+01
  -1.59206629e+01  -1.52574639e+01  -1.55056509e+01  -1.35381766e+01
  -1.02828261e+01  -1.26496819e+01  -1.38847762e+01  -1.53647183e+01
  -1.50794749e+01  -1.59461536e+01  -1.69999390e+01  -1.77708003e+01
  -1.63656750e+01  -1.57752953e+01  -1.70723705e+01  -2.04443815e+01
  -1.88101650e+01  -1.28050817e+01  -1.05531984e+01  -6.90512228e+00
  -9.57978500e+00  -1.42804600e+01  -9.79691177e+00  -6.28505530e+00
  -4.54440141e+00  -4.37780974e+00  -7.21375142e+00  -7.22485626e+00
  -4.80017402e+00  -3.74837401e+00  -6.89529500e+00  -1.18545330e+01
  -9.85254895e+00  -3.33536506e+00  -8.57637577e+00  -9.86412980e+00
  -9.89308393e+00  -9.62583781e+00  -5.68518727e+00  -4.52749299e+00
  -8.06622754e+00  -1.03232462e+01  -4.00824128e+00  -2.29163079e+00
   7.57345185e-01]