[-775.00817992 -743.14147812 -704.33190473 -564.30616061 -480.43282612
 -457.45550678 -452.36847868 -443.66327677 -434.69501106 -421.60938298
 -397.97853983 -377.12910598 -369.25947421 -371.10589125 -376.20943573
 -379.19840027 -404.85425715 -428.43654798 -430.86938328 -431.26190925
 -440.37398882 -444.09168098 -441.08013528 -434.2942006  -419.26204351
 -413.99220994 -415.27503957 -412.06450318 -423.42037017 -429.73713333
 -449.24713454 -465.73228535 -474.05564934 -488.11313826 -515.43292354
 -544.61905419 -561.06329134 -572.03779818 -569.96849751 -570.8605595
 -562.41941582 -495.27304339 -428.72231223 -400.424281   -382.20770691
 -368.28685269 -376.63252415 -391.63600629 -398.91646473 -402.33088579
 -422.00309623 -447.40672304 -474.6190312  -485.85678769 -496.567228
 -491.19882514 -470.94959287 -438.080923   -420.24427918 -413.71430812
 -414.78428507 -415.53716185 -414.51341503 -411.82720933 -420.99262246
 -423.89929441 -423.75063591 -436.97929644 -452.47818645 -465.8250813
 -477.99008233 -488.22725324 -492.48316667 -491.97595021 -485.88694835
 -471.90292797 -459.12491396 -461.3834289  -473.51610885 -480.91873789
 -491.84106683 -488.49898482 -477.37565553 -453.32319736 -429.86871466
 -416.67672113 -411.16095721 -407.57577727 -410.08792071 -424.00196785
 -450.55184939 -485.43344953 -498.10529256 -493.81128442 -500.40854649
 -514.9405476  -499.18064013 -439.45580712 -423.03461118 -446.01309612
 -481.28163241 -522.1491538  -545.56390877 -552.35679229 -502.53636461
 -472.21335806 -475.73819659 -473.04166661 -466.17318694 -466.30318565
 -463.00681878 -456.21655996 -464.85320346 -508.8106783  -557.46772869
 -559.9719078  -535.72222057 -503.12906354 -489.55583358 -496.98823881
 -514.0112901  -533.59033982 -540.7731747  -542.73790062 -542.23897897
 -521.48714027 -473.58300607 -451.38495021 -438.90664306 -442.39517576
 -440.68714488 -445.18406566 -445.91019118 -436.95784793 -434.28356519
 -435.05711041 -428.87486649 -419.86585876 -413.61268836 -416.57855938
 -416.44031032 -422.47870933 -432.12332375 -438.07021325 -445.90552913
 -473.51775208 -522.15977391 -545.49443815 -559.78234982 -563.65600825
 -564.77232247 -538.14100421 -489.72968192 -460.65180487 -462.91804705
 -476.8128154  -482.51998211 -485.47628393 -488.50360666 -497.35000559
 -525.78748113 -563.96080072 -562.73546642 -553.20769053 -528.55823671
 -510.04654984 -516.76691291 -516.60841124 -522.62616299 -527.6491414
 -538.54598375 -537.72779291 -516.55549265 -475.55934641 -435.45130318
 -426.62141086 -434.67848731 -461.51873152 -498.28321873 -479.01034245
 -430.71117487 -408.0901702  -399.8522155  -398.0336965  -408.18020457
 -422.99579931 -421.26522782 -428.6097976  -437.82542889 -439.24204597
 -452.99270653 -477.22225321 -493.41945017 -490.33552439 -460.00513488
 -432.9649281  -422.00958764 -440.22044786 -480.97322757 -512.45041188
 -514.37546218 -477.4124544  -430.67869694 -422.52396933 -430.61093358
 -434.63941906 -449.7520499  -454.32709472 -442.64177021 -433.39454082
 -429.18464068 -454.38450018 -486.88373498 -480.64586511 -482.08237006
 -496.05728013 -505.38971594 -511.73005417 -522.8391151  -523.52579043
 -521.10255883 -492.61658796 -429.46135341 -408.05212034 -401.96971984
 -389.91756018 -385.08261888 -377.8721884  -377.20866376 -384.10425656
 -396.09212065 -411.88511967 -421.74908964 -427.28452438 -432.75086971
 -438.46785264 -459.49829614 -482.53175155 -490.34496124 -469.66725817
 -439.13794506 -428.7066177  -435.98240937 -446.26952138 -451.93896836
 -459.5695526  -471.6622257  -480.83881988 -491.71290193 -497.98965991
 -498.09818304 -502.85536247 -505.26034901 -506.73866279 -511.60440672
 -516.88981822 -500.18788595 -447.54285561 -434.09125713 -437.95110657
 -443.96109738],[  1.30785642e-01   2.97094158e+00   7.30638909e+00   1.10887710e+02
   1.34972648e+02   1.43701541e+02   1.49949869e+02   1.52901089e+02
   1.64302570e+02   1.75763456e+02   1.78186424e+02   1.79352975e+02
   1.88061467e+02   1.87404811e+02   1.75767824e+02   1.51840087e+02
   1.24806317e+02   9.80577164e+01   7.03068515e+01   5.43755971e+01
   3.51342305e+01   2.76612561e+01   3.60917032e+01   5.63520979e+01
   9.36191523e+01   1.30358169e+02   1.45479005e+02   1.49507697e+02
   1.59297404e+02   1.63300789e+02   1.62750172e+02   1.63436594e+02
   1.67592306e+02   1.59469487e+02   1.46402995e+02   1.26016523e+02
   1.22714866e+02   1.14449908e+02   1.11525095e+02   1.13861761e+02
   1.11005942e+02   1.42090375e+02   1.78519349e+02   1.79256338e+02
   1.68537570e+02   1.69735076e+02   1.64455677e+02   1.51181651e+02
   1.38864070e+02   1.31610783e+02   1.29198698e+02   1.34847273e+02
   1.40421063e+02   1.44363134e+02   1.46150073e+02   1.49949902e+02
   1.46568219e+02   1.49156864e+02   1.49753293e+02   1.53876118e+02
   1.65621033e+02   1.68857438e+02   1.73586385e+02   1.77787735e+02
   1.73712218e+02   1.68021032e+02   1.71023779e+02   1.75309128e+02
   1.78827339e+02   1.81951113e+02   1.82398140e+02   1.81528074e+02
   1.82301909e+02   1.76487094e+02   1.71443372e+02   1.71296411e+02
   1.65728547e+02   1.63249783e+02   1.63895280e+02   1.48896619e+02
   1.21450662e+02   1.10369270e+02   1.18973123e+02   1.38298647e+02
   1.48551106e+02   1.58998504e+02   1.70671084e+02   1.77049787e+02
   1.81508077e+02   1.84932393e+02   1.76400823e+02   1.49663499e+02
   1.34141640e+02   1.25914068e+02   1.21663948e+02   1.10000991e+02
   9.44025035e+01   9.13985981e+01   9.03907041e+01   8.67761788e+01
   1.04076107e+02   1.00538719e+02   9.06075378e+01   8.50936665e+01
   6.79673074e+01   5.45285438e+01   3.85150223e+01   4.22742915e+01
   5.76049400e+01   6.75526678e+01   8.56455478e+01   1.13145993e+02
   1.38516874e+02   1.34031918e+02   1.09560001e+02   1.06033698e+02
   1.19087191e+02   1.45833809e+02   1.72489852e+02   1.75453424e+02
   1.63554478e+02   1.45184718e+02   1.41681550e+02   1.36492848e+02
   1.36162061e+02   1.51139765e+02   1.79912974e+02   1.82270300e+02
   1.80888450e+02   1.73184555e+02   1.71696024e+02   1.60225208e+02
   1.55005479e+02   1.59137623e+02   1.67502970e+02   1.68380425e+02
   1.78669293e+02   1.93099951e+02   2.02205500e+02   2.02140731e+02
   2.07503782e+02   2.08780454e+02   2.04328359e+02   1.96824216e+02
   1.98383067e+02   1.92912699e+02   1.74567811e+02   1.59447615e+02
   1.49299316e+02   1.42933609e+02   1.34827381e+02   1.32108437e+02
   1.50840079e+02   1.66546348e+02   1.68479379e+02   1.58366546e+02
   1.52202471e+02   1.49555361e+02   1.47970386e+02   1.48478054e+02
   1.48146470e+02   1.34271874e+02   1.26994922e+02   1.29819453e+02
   1.48403125e+02   1.70743182e+02   1.73126265e+02   1.71519190e+02
   1.70792453e+02   1.64487830e+02   1.53123109e+02   1.51814112e+02
   1.67236399e+02   1.87671466e+02   1.94557184e+02   1.84555211e+02
   1.65509672e+02   1.38257630e+02   1.18924924e+02   1.07258402e+02
   1.03948464e+02   1.00280416e+02   9.73158808e+01   1.07131463e+02
   1.20859597e+02   1.37873799e+02   1.46253199e+02   1.43401304e+02
   1.56621491e+02   1.76442745e+02   1.81928291e+02   1.67095752e+02
   1.51537900e+02   1.47455067e+02   1.58386701e+02   1.64342741e+02
   1.66063055e+02   1.55985293e+02   1.44662299e+02   1.27066045e+02
   1.14518081e+02   1.07231724e+02   9.62957946e+01   8.34140384e+01
   7.21417729e+01   5.65105676e+01   3.74461401e+01   2.51367490e+01
   2.28731844e+01   2.42876790e+01   4.31066113e+01   6.70962560e+01
   7.32219717e+01   9.53929849e+01   1.09613690e+02   1.09109667e+02
   1.07381549e+02   9.99169103e+01   9.21465663e+01   9.24246275e+01
   9.60230907e+01   1.03014785e+02   1.28296504e+02   1.44744623e+02
   1.62280438e+02   1.70307054e+02   1.74556934e+02   1.76925781e+02
   1.77679432e+02   1.77074104e+02   1.73943777e+02   1.68406699e+02
   1.66709732e+02   1.61940787e+02   1.56847884e+02   1.54348197e+02
   1.47317623e+02   1.39554534e+02   1.35095111e+02   1.30365894e+02
   1.30241175e+02   1.32799637e+02   1.33086229e+02   1.29732754e+02
   1.23876910e+02   1.24510914e+02   1.21539142e+02   1.17490975e+02
   1.10849018e+02   1.07767681e+02   1.09657497e+02   1.08788431e+02
   1.05003742e+02   1.02743165e+02   1.00623192e+02   9.84997709e+01
   8.06427352e+01   8.34975090e+01   7.97176333e+01   9.20348291e+01
   1.00387167e+02],[ -1.20966115e+00  -9.82532474e+00  -1.98877166e+01   1.81722113e+01
   6.79077359e+00   1.18325914e+01   1.36364819e+01   7.44473995e+00
   2.47642347e+00   6.03342932e-01  -2.22562844e+01  -4.05588168e+01
  -3.52089164e+01  -3.16894873e+01  -2.81055223e+01  -3.09445758e+01
  -2.76137474e+01  -2.59599130e+01  -3.77936074e+01  -4.24933261e+01
  -4.92464404e+01  -5.40499432e+01  -5.67805738e+01  -4.87152792e+01
  -2.84431641e+01   2.35814143e+00   1.31346697e+01   2.30202127e+00
  -4.71314847e-01  -4.23593073e+00   6.23944085e+00   8.07390986e+00
  -7.58569609e+00  -1.58107595e+01  -1.10444202e+01  -6.22547646e+00
   2.41726107e+00   3.61322429e+00  -1.49318764e+00  -1.51057138e+00
  -1.26763234e+01  -4.34367409e+01  -5.20010056e+01  -5.69307734e+01
  -6.93940219e+01  -6.16635544e+01  -5.58197259e+01  -5.75281730e+01
  -5.97499127e+01  -5.73427859e+01  -4.41389761e+01  -2.05545274e+01
   2.46211375e-01   8.34757786e+00   1.31988653e+01   9.07654575e+00
  -1.08117550e+01  -1.99619061e+01  -2.19456750e+01  -2.04186146e+01
  -1.46281208e+01  -9.30384738e+00  -3.88290749e+00  -1.51311128e+00
   2.29821878e+00   3.42787869e+00   9.88444449e+00   2.42135180e+01
   3.47944506e+01   4.26391299e+01   4.57024283e+01   4.31230409e+01
   3.94938172e+01   3.83929910e+01   3.69382975e+01   2.80697894e+01
   1.48640027e+01   1.05112956e+01   1.07599142e+01  -8.20448799e-02
  -1.38151262e+01  -3.19943903e+01  -3.10838426e+01  -2.48694927e+01
  -2.53354658e+01  -2.80157608e+01  -2.50338385e+01  -2.76876264e+01
  -2.76287478e+01  -1.54010605e+01  -8.89598867e+00  -1.14909991e+01
  -1.55858494e+01  -2.03738687e+01  -2.26350786e+01  -3.23079096e+01
  -4.65563805e+01  -6.36488490e+01  -6.82414217e+01  -6.92805936e+01
  -4.47071966e+01  -3.19707642e+01  -3.08159382e+01  -2.69826254e+01
  -5.25405261e+01  -6.12742420e+01  -6.16839671e+01  -5.58076307e+01
  -5.41684313e+01  -5.41078041e+01  -4.46836138e+01  -3.49862046e+01
  -2.30010052e+01  -3.15410361e+00  -5.46294130e-02  -3.34479866e+00
  -4.09500456e+00  -2.94328258e+00   1.22118774e+01   2.81293422e+01
   3.07543310e+01   2.36929110e+01   1.97758291e+01   1.03210109e+01
   8.89494219e+00   5.88115885e+00  -1.26783148e+01  -3.57937626e+01
  -4.84153182e+01  -5.37678005e+01  -6.03673836e+01  -7.22584222e+01
  -7.57214394e+01  -7.63260434e+01  -6.63891141e+01  -6.34860484e+01
  -5.50847109e+01  -4.53306853e+01  -4.86692632e+01  -5.04908064e+01
  -5.39375400e+01  -5.26736119e+01  -4.63306666e+01  -4.67647640e+01
  -3.46228519e+01  -1.51312338e+01   8.08539536e+00   5.35646918e+00
  -3.32489785e-01   2.87344569e+00   6.36780948e+00  -9.73066334e+00
  -2.88405202e+01  -3.48428236e+01  -2.28122824e+01  -1.65390156e+01
  -1.41836802e+01  -1.21983337e+01  -1.44553941e+01  -1.60989654e+01
  -9.64147887e-01   1.51987691e+01   5.81027550e+00   4.49973428e-03
   1.65715123e+00   1.37394209e+01   2.90407219e+01   2.87996067e+01
   3.24609790e+01   2.67796312e+01   1.73770866e+01   1.35539530e+01
   1.84533478e+01   1.93127995e+00  -3.15663123e+01  -4.92342517e+01
  -4.83674592e+01  -3.50398716e+01  -2.17853634e+01  -4.97812689e+01
  -8.45230640e+01  -8.80007737e+01  -8.58675818e+01  -8.06183237e+01
  -6.71282050e+01  -5.19293922e+01  -5.27413047e+01  -5.55924504e+01
  -4.25842981e+01  -2.95089117e+01  -1.21806908e+01  -1.47474819e+00
   2.82861849e+00   6.46578345e-01  -9.09198344e+00  -2.80695303e+01
  -3.25031562e+01  -1.89187664e+01   1.72719076e+00   4.96393703e+00
   2.09511441e+00  -2.12474642e+01  -4.80109610e+01  -5.33155321e+01
  -4.92262445e+01  -4.91302061e+01  -5.00949650e+01  -5.87269422e+01
  -5.61098786e+01  -4.53985768e+01  -3.17155059e+01  -1.66339348e+01
  -2.15980353e+00   5.47584094e+00   6.48349536e+00   4.03576932e+00
  -1.95954011e+00  -1.15396640e+01  -1.36460745e+01  -1.79272412e+01
  -1.64043056e+01  -2.84279157e+01  -4.07919846e+01  -3.63224823e+01
  -2.29618245e+01  -1.24843660e+01  -6.70422300e+00  -7.92514670e+00
  -1.84135283e-01   3.70713536e+00   1.28275247e+01   2.09398865e+01
   2.28820301e+01   2.53005026e+01   2.73156757e+01   2.41074533e+01
   2.49721642e+01   3.60735398e+01   3.51813728e+01   5.09001674e+00
  -1.68210623e+01  -1.65712759e+01  -8.04096342e+00   2.59911394e+00
  -3.85493290e-01   2.64574198e+00   1.15005270e+01   1.79161317e+01
   2.19643060e+01   3.02269965e+01   3.38909515e+01   3.10432103e+01
   2.51164183e+01   2.50869452e+01   2.09844980e+01   1.24582670e+01
  -1.37012271e+01  -3.30653471e+01  -4.61592512e+01  -4.05215174e+01
  -3.34092311e+01],[   0.46206321    6.40821749   11.31542817   50.23934594   71.96184267
   84.93948955   91.99657316   99.04969566   98.47525567   98.5163966
   96.91654382   93.38229575   93.27437847   97.1688114   110.40660396
  129.39347101  131.44551     127.07810608  140.21602253  149.23912989
  154.21394855  161.83105383  153.0557994   148.87412903  145.05642872
  131.51659739  116.13413842   98.34458972   79.66475093   72.46708264
   79.50603131   78.88772412   64.70968957   53.90536046   50.59028789
   56.26885064   58.61537918   58.57370264   50.1313253    48.21557157
   37.39067679    1.58974901    1.49423499   15.33491313   30.62816631
   39.82088076   50.99700422   67.00080905   84.37696843   90.21895605
   87.76032288   84.86746843   79.80070907   80.38498656   82.86244794
   82.82199425   88.32186324   96.70544981  102.68362617  101.13276853
   87.23735421   76.62335651   72.87996785   68.04572055   74.9981973
   80.83640893   78.85910218   80.75710085   83.77799251   83.53800281
   79.80825468   79.49833784   77.0123937    75.14930111   74.99615868
   76.35695762   87.96860008   93.42460829   90.23424615   97.2796251
  108.93902988  101.71796802   97.97781648   97.00425724   99.62532555
   89.7317391    83.98062483   79.34250907   68.84026194   66.18058107
   57.65556152   50.91372188   51.41780324   58.91433247   60.20186001
   54.06253877   63.70072995   92.89617627  110.47823381  102.47774385
   79.00633803   55.77863226   44.88686389   46.21788541   82.02305903
  107.24436721  122.25249613  129.03627742  118.19355082  106.13419486
  107.89561887  105.15485835   94.18398302   80.8364478    65.79020405
   60.81046459   56.5995504    51.09440597   54.91420036   64.43503644
   69.91828117   75.4788908    70.83458994   65.52200848   64.36605689
   52.04313363   32.38272684   20.9931791    20.28934761   21.17947727
   12.01365909    9.04923932   14.07238231   10.50941986   14.32329083
   24.43372673   29.37516774   26.99002139   20.29507511   17.40601655
   11.26136265    6.87609372   10.44090852   19.67331782   26.84376999
   32.04638371   33.2441408    21.96404796    8.1225593    14.56984741
   28.77296456   38.20834236   39.00507853   45.30738519   63.14904102
   77.67315915   90.30645067   94.58653728   88.26546195   76.36224878
   66.90357725   57.92113872   50.13071817   49.28719202   47.96470902
   51.40704595   62.59113408   60.05570267   59.59477651   62.53171874
   62.84400574   62.4966597    62.03001358   50.7354666    56.81563619
   71.71838667   91.33313051  103.81927433   91.58051776   90.09767238
   92.47824659  107.32013674  122.63212741  113.31756348  100.31695606
   86.45863019   76.54651603   70.32217983   60.84737184   44.04759984
   40.68181685   54.57200932   66.16650523   66.24779801   63.94440974
   57.81569801   59.12564225   66.34374461   67.33982789   62.92620815
   70.02428049   67.74988391   78.94550135   94.86651389  108.76276112
  120.01496825  128.49705165  123.59254004  130.79563103  141.7588175
  137.24329829  112.91105513   98.29807151   97.06187795   89.50708959
   82.90898711   75.74192014   66.30585111   63.56837544   58.11615639
   59.16407847   65.79588512   84.02737665   90.64967936   79.33096333
   74.92456201   75.85700881   76.19452421   84.66311872   84.65726621
   89.41878212   94.87005468   94.34907001   98.76469569  100.49616858
   91.0797085    87.32411397   86.72750624   86.62182223   86.07803722
   92.53433191   91.73211873   87.47213364   92.86164944   95.63059555
   85.56417766   79.08334525   74.97207299   77.84303203   82.81272543
   81.42354684   82.8954979    82.68764846   84.12945765   81.37537548
   71.45913772   91.87438268  113.63161907  122.2270091   122.970071
  110.59740869],[  3.41432757e-01  -8.12100077e+00  -1.57415186e+01  -1.27808376e+01
  -2.33248574e+01  -2.46890158e+01  -1.97009181e+01  -1.91198708e+01
  -2.10514412e+01  -1.28383993e+01   2.19574213e+00   2.15252146e+00
  -3.93233642e+00  -3.78752574e+00  -3.91919994e+00  -1.53168425e+01
  -2.93975467e+01  -3.72847512e+01  -3.90023544e+01  -4.10705938e+01
  -4.84478224e+01  -4.50757259e+01  -4.42966931e+01  -3.97031444e+01
  -3.06360366e+01  -2.25386513e+01  -2.19345388e+01  -2.24460673e+01
  -1.39664997e+01  -8.21318324e+00  -1.76550847e+00   8.36262736e+00
   7.48957957e+00   2.02801495e+00   1.40484383e+00   3.29214828e+00
   1.02880978e+01   1.36695373e+01   7.20002443e+00   8.65730123e+00
  -5.57228408e+00  -2.31334104e+01  -2.44341664e+01  -2.17784397e+01
  -1.36426236e+01  -2.14319012e+01  -1.88408830e+01  -7.20646752e+00
   6.00903501e+00   1.15076347e+01   1.94178232e+01   9.81460786e+00
   1.00171892e-01  -9.60733951e-01   7.99316515e+00   1.10448592e+01
   1.94316158e+01   9.92822401e+00  -1.40526140e+00  -1.47114142e+01
  -2.38994271e+01  -2.67166009e+01  -2.76765275e+01  -3.40924577e+01
  -3.00963692e+01  -3.03357021e+01  -3.38883758e+01  -2.92576572e+01
  -2.16190683e+01  -1.42377459e+01  -4.43390213e+00   4.19650459e+00
   6.40420663e+00  -1.69707281e+00  -1.26045451e+01  -8.38450834e+00
   1.34429889e+01   2.59140073e+01   3.06332887e+01   3.48591211e+01
   3.65877408e+01   2.59604893e+01   2.34022734e+01   2.02307533e+01
   1.25748663e+01  -1.98400746e+00  -9.72855543e+00  -1.76947763e+01
  -2.46457358e+01  -2.28198554e+01  -1.56632143e+01  -7.50663034e+00
  -1.00429652e+01  -9.65439545e+00  -4.82923168e+00  -4.23116420e+00
  -1.91158523e+01  -3.70152401e+01  -3.07088758e+01  -2.25434861e+01
  -1.56163041e+01  -1.31800839e+01  -1.25231342e+01  -1.13804249e+01
  -2.57885421e+01  -3.62546818e+01  -3.63943222e+01  -3.49929335e+01
  -3.47836812e+01  -3.38542702e+01  -2.36027775e+01  -9.13290813e+00
   9.69184955e-01   4.44267024e+00   5.10963929e+00   2.48658635e+00
  -1.06545366e+01  -1.66235401e+01  -1.11499248e+01  -1.04517117e+01
  -3.85663887e+00   1.13562876e+01   1.48679216e+01   1.63804830e+01
   1.17970564e+01  -5.10015048e-03  -9.25007908e+00  -1.18237589e+01
  -1.17063666e+01  -1.33837965e+01  -1.90583717e+01  -1.88759599e+01
  -1.19699282e+01  -1.85214186e+01  -1.58391793e+01  -6.53076174e+00
  -5.77861551e+00  -1.49557649e+01  -1.42632341e+01  -2.04490474e+01
  -1.72481086e+01  -1.80438640e+01  -2.48305042e+01  -2.14990483e+01
  -2.00253387e+01  -1.28292211e+01  -7.22280542e+00  -7.83276322e+00
  -1.46389867e+01  -1.47569470e+01  -1.19570494e+01  -7.36337000e+00
   9.36736505e-01   8.38130787e+00   1.31178621e+01   1.48887719e+01
   1.84720296e+01   2.02496534e+01   2.47648557e+01   3.15126193e+01
   3.46098364e+01   1.68738107e+01   5.71081637e+00   9.46947000e+00
   3.82054392e+00  -4.45576843e-01  -2.07655252e+00  -6.79492001e+00
  -6.82982468e+00   4.77588715e+00   1.78084697e+01   1.94479253e+01
   1.05260392e+01   1.20198780e+01   4.20345455e+01   6.12005239e+01
   6.10518127e+01   4.87147437e+01   2.80879621e+01   2.90228548e+01
   1.53482720e+01  -1.47555170e+00  -1.78000607e+00  -6.63686790e+00
  -5.79819993e+00   1.61624711e+00  -1.77390524e+00  -2.28560950e+00
  -4.73135623e+00  -1.62635516e+01  -2.33861677e+01  -1.58796456e+01
  -1.10299735e+01  -8.08845027e+00  -1.41221632e+01  -1.10726367e+01
  -7.73748174e+00  -7.85491855e+00  -5.67264351e+00  -1.75084585e+00
  -6.74479414e+00  -2.92099753e+01  -4.50602318e+01  -4.89914078e+01
  -5.24173943e+01  -5.77458060e+01  -5.17356397e+01  -4.66275016e+01
  -5.26217565e+01  -5.16620307e+01  -5.19031558e+01  -4.01583049e+01
  -2.38021371e+01  -1.03253416e+01  -6.67919030e+00  -3.82499645e+00
  -2.25302517e+00  -4.48092097e+00  -6.17131544e+00  -9.39010181e+00
  -1.01398821e+01  -9.60357590e+00  -3.44668461e+00   5.58560611e+00
   2.90436742e+00  -1.41721936e+01  -2.01298604e+01  -2.64622376e+01
  -2.98976061e+01  -2.95792230e+01  -3.21986785e+01  -2.99253458e+01
  -2.51384022e+01  -2.05922844e+01  -1.68464888e+01  -1.32875746e+01
  -4.32254056e-01  -6.08137192e-01   2.55543789e+00   3.85423581e+00
  -6.02465160e-01   5.39825711e+00   1.05372572e+01   1.16223159e+01
   1.27429600e+01   9.29684153e+00   1.10703289e+01   9.98590776e+00
   1.11834325e+01   6.39014567e+00   2.28047351e+00   4.80818583e+00
   3.04886109e+00  -2.76524090e+00  -4.03363398e+00  -1.81571241e+01
  -3.06095350e+01  -4.74678586e+01  -3.94402762e+01  -1.68093215e+01
  -3.10829196e+00],[ -7.55588895e-02   1.68860845e+00   4.33748543e+00   6.39292777e+00
   1.21974872e+01   1.32656553e+01   1.11869175e+01   4.38383505e+00
  -5.15378173e+00   1.12551872e+00   1.21263847e+01   2.04911482e+01
   2.22338189e+01   2.29529886e+01   2.59579309e+01   2.55618133e+01
   2.81208939e+01   4.07499863e+01   4.27638077e+01   4.55723432e+01
   3.75121351e+01   2.55688631e+01   1.52849731e+01   6.72790122e+00
   6.10470553e+00   1.37063699e+01   2.08091149e+01   2.71615152e+01
   3.35384563e+01   3.18595226e+01   2.60502056e+01   2.74694628e+01
   1.72922898e+01   8.29248800e+00   6.88228981e+00   8.48490897e+00
   8.79848816e+00   1.08862224e+01   1.09507974e+01   7.41694588e+00
   4.32916971e+00   1.35426558e+01   1.12493634e+01   1.67081786e+01
   2.71580362e+01   2.63389152e+01   1.49923390e+01   1.28473365e+01
   1.55943002e+01   1.57466082e+01   2.44643794e+01   2.68168006e+01
   1.98671208e+01   1.79519367e+01   2.70008145e+01   2.39929738e+01
   2.39391249e+01   2.58921539e+01   2.37563754e+01   1.01358933e+01
   2.24314053e+00   4.82588224e+00   1.41347032e+00  -3.29327320e+00
  -4.17785339e+00  -4.75027510e+00  -2.40872202e+00  -4.99356688e+00
  -7.05524499e+00  -2.75552851e+00   5.24137951e+00   7.86621770e+00
   5.98943123e+00   7.70796515e+00   9.57478303e+00   1.42295078e+01
   1.84507567e+01   1.11926973e+01   6.91974148e+00   1.02801740e+01
   8.59194382e+00   2.43217498e-01   4.97682327e+00   1.30648823e+01
   1.14579374e+01   2.76652794e+00  -6.86107159e+00  -1.97392017e+01
  -2.20712911e+01  -1.65760022e+01  -1.09063235e+01   2.81795024e+00
   1.58308548e+00   4.50248433e+00   6.91009459e+00   9.66367786e+00
   6.86155409e+00   2.58483060e+00   1.49087673e+00  -2.41050786e+00
   3.76984244e+00   1.14421678e+01   1.15125602e+01   1.34597545e+01
  -7.81521407e+00  -1.24755270e+01  -8.86143475e+00  -6.68532407e+00
  -2.71065584e+00  -1.80937325e+00  -3.05137282e+00  -1.53048933e-02
  -6.01463348e+00  -2.83896090e-01   1.08398602e+01   9.20450163e+00
   4.09012375e+00  -5.42830651e-01  -2.03184736e+00  -3.47254107e+00
   1.94229389e+00   1.31881409e+01   1.80744480e+01   1.59426228e+01
   1.00608534e+01   1.18567269e+01   7.39323641e+00   6.64989408e+00
   5.24391482e+00   2.06578741e+00  -1.80758085e-01  -2.83018290e+00
   1.21407768e+00   7.53263219e-01   5.79911579e+00   8.66709920e+00
   6.23283109e+00  -9.77893119e-01  -5.09600851e+00  -1.44865019e+01
  -1.15927549e+01  -1.26684155e+01  -2.09113439e+01  -2.49193280e+01
  -3.09548279e+01  -2.91001767e+01  -1.80732785e+01  -7.29201985e+00
  -6.38847354e+00  -7.91361920e+00  -7.82176696e+00   7.24120780e+00
   1.81917661e+01   1.56279986e+01   6.99007627e+00   2.24714139e+00
  -7.36073016e-01  -5.10493239e+00  -3.43104824e+00   5.58090621e+00
   1.34667368e+01   9.56819383e+00   6.07760283e+00   1.12365935e+01
   4.71546114e+00  -7.74902189e+00  -1.61032793e+01  -1.34265328e+01
  -1.20250030e+01  -5.76825145e+00   6.60621864e+00   1.02069431e+01
   5.92491006e+00   1.97559994e+01   2.92758524e+01   2.90013381e+01
   2.29563204e+01   2.53684257e+01   2.58224908e+01   1.94792002e+01
   8.98246426e+00  -1.03993007e+00  -3.84715117e+00  -3.13568044e+00
  -3.69844350e+00  -7.43999815e-01   3.55620319e+00   1.27607746e+01
   1.20298053e+01   2.80675135e+00  -3.02500370e+00  -2.88538731e+00
   1.66225766e+00   1.00651363e+01   6.21735480e+00   7.53221772e+00
   8.43024757e+00   1.23409590e+01   1.45327482e+01   2.49946817e+01
   2.50502337e+01   2.93503259e+01   3.17655625e+01   2.64578311e+01
   1.35742068e+01   1.67200703e+01   2.44962238e+01   2.65930659e+01
   2.30653718e+01   2.52442982e+01   1.28736971e+01   6.84128595e+00
   2.40515540e+01   3.06656766e+01   3.26178607e+01   3.38287497e+01
   2.91953292e+01   2.77957828e+01   2.84456001e+01   2.52783780e+01
   2.43765535e+01   1.65628411e+01   1.77486531e+01   2.91542772e+01
   3.75779351e+01   3.93072866e+01   3.14559429e+01   1.66275871e+01
   4.33103115e+00  -3.06695260e+00  -8.69412795e+00  -7.39246044e+00
  -4.33107078e+00  -5.01196632e+00  -7.22449530e+00   1.52634282e+00
   1.52147381e+01   2.31117024e+01   2.29970806e+01   2.01885271e+01
   1.68307607e+01   2.52453562e+01   2.83410328e+01   2.70745196e+01
   2.24806523e+01   2.22569152e+01   2.90588302e+01   3.81044150e+01
   3.49456187e+01   3.04710917e+01   3.23422320e+01   3.20617564e+01
   3.38195763e+01   3.27702437e+01   3.47169201e+01   3.08043283e+01
   1.60501363e+01  -1.27705814e-01   5.37835999e-01   1.50476059e+01
   2.72372872e+01],[ -8.03697780e-02  -3.41147384e-01  -3.01139009e+00  -1.02367797e+01
  -1.07328410e-01   3.97785669e+00   4.51006551e+00   6.16581481e+00
   6.41597923e+00   8.49133585e+00   4.48770278e+00   9.16687382e+00
   9.39795524e+00   1.31323771e+01   2.08906526e+01   2.82791382e+01
   3.67524334e+01   3.73358092e+01   3.11820061e+01   2.96090036e+01
   2.79047553e+01   2.17223779e+01   1.45289612e+01   7.71169226e+00
   9.47380106e+00   5.21648609e+00   4.68841142e+00   1.01250843e+01
   1.36358173e+01   7.87132836e+00   5.61537286e+00   8.66501972e+00
   1.81981443e+01   1.75135870e+01   1.95818562e+01   2.63042261e+01
   1.91347388e+01   1.62270085e+01   1.59786973e+01   1.17987978e+01
   1.53174208e+01   1.76610348e+01   1.47964059e+00  -9.85885295e+00
  -1.63123337e+01  -2.78120559e+01  -3.90107299e+01  -3.38270658e+01
  -2.89786837e+01  -3.31853585e+01  -3.08457856e+01  -1.74062413e+01
  -5.16215581e+00  -1.28130416e+00   2.49157597e-01  -1.05370660e-02
  -7.39101498e+00  -1.18012057e+01  -4.20778375e+00   1.23053555e+00
   3.54584341e+00  -4.10239733e+00  -1.34048209e+01  -1.92508046e+01
  -1.65230407e+01  -2.00441410e+01  -2.36625648e+01  -2.56101824e+01
  -2.34385927e+01  -1.88991712e+01  -1.36461577e+01  -7.50128704e+00
  -6.02731769e+00  -4.82212061e+00   2.20000581e+00   8.42706354e+00
  -5.91389781e+00  -2.04365432e+01  -1.46544306e+01   1.07756830e+00
   8.53588157e+00   5.74441816e+00   1.97981908e+00  -6.43191183e+00
  -1.19863831e+01  -1.40359069e+01  -1.33995001e+01  -1.31938803e+01
  -9.77255356e+00  -3.22835094e+00  -2.51775882e+00   9.85406790e-01
   2.99966071e+00   2.79717468e+00   2.77934783e+00   1.77677974e+00
  -2.91955563e-01   3.06015876e+00   8.83562349e+00   9.95903227e+00
   1.47551896e+01   1.40146584e+01   1.43708605e+01   1.06623974e+01
   1.39210125e+01   1.09616893e+01   1.89277478e+01   2.09390737e+01
   2.04115348e+01   1.65492201e+01   1.12366271e+01   1.17364371e+01
   6.43826847e+00   4.26545750e+00   1.44658934e+01   1.18339101e+01
   7.53598320e+00   2.90431525e+00   9.08930969e+00   5.04626492e+00
   2.69520658e+00   8.68910694e+00   1.49637592e+01   8.74696866e+00
   9.77608542e+00   1.13100907e+01   7.38120396e+00   5.91875788e+00
   2.81308957e+00   2.71133127e+00   1.27314929e+00  -4.13450640e+00
  -6.22951904e+00  -2.96979282e+00   3.65982124e+00   9.51427486e+00
   1.05200160e+01   1.09533588e+01   9.54485070e+00   1.26727130e+01
   1.97440272e+01   2.12468393e+01   2.28996837e+01   2.68800211e+01
   1.82518957e+01   6.60239098e+00   4.72145494e+00   9.64301077e+00
   1.06475174e+01   4.20054575e+00  -1.17487743e+00   6.02481565e+00
   6.20382741e+00   3.88537301e+00   1.90135379e+00   1.26195654e+01
   1.75783592e+01   1.22431560e+01  -1.23769419e+00  -5.19039252e+00
  -5.66807533e-01   7.82668458e+00   7.79907716e+00   1.28717406e+01
   9.37102788e+00   1.44141971e+00  -4.02224462e+00  -9.30141765e-01
   3.01424329e+00   3.10570115e+00   1.45226127e+01   1.94239330e+01
   1.09393125e+01   1.64101795e+01   8.04165426e+00   3.65421525e+00
   2.41272790e+00   1.12226231e+01   1.75280354e+01   4.10466536e+00
   4.22393469e+00   8.33792755e+00   6.52657112e+00   6.35678600e-01
  -1.47197422e+01  -2.05831189e+01  -1.12755496e+01   6.13820435e+00
   1.29288891e+01   1.65692780e+01   1.55533489e+01   9.21444483e+00
   1.25237924e+01   1.37208420e+01   1.02233973e+01   7.30901187e-01
  -4.19580207e+00  -4.92500212e+00  -5.08957925e+00   3.18960594e+00
   2.70884002e+00   7.94485288e+00   7.91205731e+00   1.01546745e+01
   1.24447299e+01   1.68263453e+01   1.86846826e+01   8.78345825e+00
   2.72869166e-01   4.94247967e+00   6.09732139e-01  -3.62469629e+00
   2.55995259e-02   2.93724641e+00   1.00414180e+01   1.34270902e+01
   3.71787942e+00   1.74046964e+00   3.99043903e+00   2.86978368e+00
   2.89534632e+00  -6.89306581e+00  -2.63302675e+00   7.14441476e+00
   4.20598071e+00   4.78227722e+00   2.08955918e+00  -1.84461228e+00
  -1.13370336e+01  -2.12162618e+01  -2.69776903e+01  -2.67583111e+01
  -2.56380395e+01  -2.65873521e+01  -2.47378149e+01  -1.61994067e+01
  -7.96488856e+00  -1.58589692e+00  -3.10938028e+00  -4.35446252e-01
  -4.90031640e+00  -3.12904517e+00  -6.66048236e+00  -8.49704567e+00
  -1.38583490e+01  -2.14282140e+01  -2.50416849e+01  -2.06453122e+01
  -2.29026134e+01  -2.18169011e+01  -1.83005155e+01  -1.71013367e+01
  -1.01801774e+01  -1.23580957e+01  -8.58166784e+00  -7.77054832e+00
   8.14106530e+00   1.47027912e+01   1.33981982e+01   1.93436623e+01
   1.71282694e+01],[ -4.08738897e-02  -2.42723176e+00  -3.49578542e+00  -1.43481762e+01
  -1.49938370e+01  -1.14869443e+01  -1.31117098e+01  -1.31387145e+01
  -1.62887871e+01  -1.77480283e+01  -2.19293952e+01  -3.54473637e+01
  -5.08717867e+01  -5.08028502e+01  -4.35062831e+01  -4.16086570e+01
  -2.79854121e+01  -2.18074296e+01  -2.89799749e+01  -3.13443120e+01
  -2.86526103e+01  -2.55417792e+01  -2.25727700e+01  -2.43925978e+01
  -2.20564601e+01  -1.51102406e+01  -1.27730129e+01  -1.10899854e+01
  -1.46038938e+01  -2.26597843e+01  -2.28371299e+01  -2.17169779e+01
  -1.90484259e+01  -1.97482842e+01  -1.59116059e+01  -6.44908344e+00
  -1.14945729e+01  -7.66498335e+00  -1.19505515e-01  -1.33052974e+00
   2.30943291e+00   1.11275803e+01   5.65882944e+00  -1.71292361e+00
  -1.19519517e+01  -1.73035164e+01  -1.97834105e+01  -2.23784852e+01
  -2.38950602e+01  -2.15256490e+01  -1.68357350e+01  -2.40029752e+01
  -2.35331578e+01  -2.30458974e+01  -2.71792937e+01  -2.35385029e+01
  -2.33477340e+01  -3.50269737e+01  -2.95123593e+01  -1.61552693e+01
  -6.58825051e+00  -7.13798362e-01   5.38448780e+00   3.89592424e+00
   1.56082517e+00  -3.74689278e+00  -8.29918893e+00  -9.94249189e+00
  -1.25541769e+01  -1.20723648e+01  -1.16101418e+01  -1.37163332e+01
  -1.64339253e+01  -1.53325320e+01  -2.47922459e+00   1.05896034e+01
   5.24871858e+00  -3.01162741e+00  -2.78369705e+00   7.80043633e-01
   8.35530607e+00   7.35226086e+00  -1.24650731e-01  -1.73295586e+01
  -2.86273773e+01  -3.36401629e+01  -3.14823865e+01  -3.32597214e+01
  -3.54650737e+01  -3.23623733e+01  -2.03653985e+01  -1.72452461e+01
  -1.48964645e+01  -1.75521556e+01  -1.82671529e+01  -1.84371617e+01
  -2.54943680e+01  -3.54020564e+01  -2.97107965e+01  -2.87563478e+01
  -2.09965261e+01  -6.48386346e+00   2.75286564e+00   6.15140381e-01
  -1.08690334e+00  -5.74909022e+00   5.45163006e-01  -1.51721488e+00
  -4.24362002e+00  -5.45589955e+00  -8.16130182e+00  -8.72366215e+00
  -1.53651705e+01  -1.18708261e+01   2.66379777e+00   9.65050065e-01
  -4.69948092e+00  -1.15934963e+01  -9.39718080e+00  -1.32085427e+01
  -1.59681195e+01  -1.54976579e+01  -1.13300660e+01  -1.34980640e+01
  -1.05270272e+01  -2.10637473e+01  -2.73699015e+01  -2.59730564e+01
  -2.63074620e+01  -2.68684408e+01  -2.31398067e+01  -2.57720271e+01
  -2.86035789e+01  -2.34135559e+01  -2.01105004e+01  -1.98060202e+01
  -2.15794385e+01  -1.93611182e+01  -2.01810036e+01  -1.64230634e+01
  -1.57323334e+01  -1.79045732e+01  -1.31176202e+01  -9.73463369e+00
  -1.63382114e+01  -2.41909688e+01  -1.79835089e+01  -1.15457044e+01
  -3.21786810e+00  -3.58797091e+00  -7.25786997e+00  -1.75936223e+01
  -2.50933528e+01  -2.25794365e+01  -2.15768554e+01  -1.50069799e+01
  -1.73355641e+01  -1.47004223e+01  -1.66230810e+01  -2.30047614e+01
  -2.00176883e+01  -9.04510369e+00  -6.92978765e+00  -3.27119939e+00
  -6.09651223e+00  -6.57257030e+00  -1.01541961e+01  -7.75198852e+00
  -3.16266652e+00  -6.16113929e+00  -2.89390316e+00  -2.39978170e+00
  -6.82541836e+00  -1.29690335e+01  -2.17610561e+01  -2.55904553e+01
  -2.46846936e+01  -1.25347295e+01  -1.46530273e+00  -2.06978061e+00
  -2.96091342e-01  -2.23135447e+00  -1.19815865e+01  -1.62206810e+01
  -2.64059733e+01  -2.95534097e+01  -3.13878125e+01  -2.78773678e+01
  -2.17401924e+01  -5.72631015e+00  -4.77420285e-01  -9.37727485e+00
  -1.03921615e+01  -7.58330063e+00  -1.34767473e+01  -2.13324803e+01
  -2.01945907e+01  -1.58092245e+01  -1.21409893e+01  -4.15760148e+00
  -6.14649488e+00  -1.44598331e+01  -2.70716752e+01  -2.81663264e+01
  -2.02415430e+01  -1.95776995e+01  -1.83483024e+01  -2.05555426e+01
  -2.54071334e+01  -1.82772575e+01  -1.12596408e+01  -1.81797529e+00
   1.27106970e+00   1.00033386e+00   4.66427567e+00   9.87853810e+00
   8.15472150e+00   1.03477106e+01   1.14018859e+01   1.29312302e+01
   9.95588360e+00  -4.06962087e+00  -1.03689509e+01  -5.04581645e+00
  -3.55049978e+00  -5.61618096e+00   3.65423409e+00   1.47525950e+01
   1.84895020e+01   1.66681872e+01   1.19866566e+01   5.41170488e+00
   5.34943938e+00   5.52926985e+00   1.00074390e+01   1.57332194e+01
   1.37528632e+01   9.63551696e+00   1.00335532e+01   5.19560376e-01
  -2.01871827e+01  -1.54386826e+01  -7.16073793e+00  -3.77490686e+00
  -4.66620088e+00  -1.00190497e+01  -6.61180747e+00  -3.52382881e+00
  -4.77921890e+00  -1.76837093e+00   1.69296136e+00  -1.20264055e+00
   2.17728214e+00  -2.06218334e+00   5.04867325e+00   4.98604276e+00
   1.35972104e+00  -5.79409036e+00  -9.35182775e+00  -6.21297742e+00
  -3.34460873e-01],[  9.27125900e-02  -2.27003687e+00  -5.33328588e+00  -4.85722402e+00
  -7.48817765e+00  -1.02213366e+01  -6.30170198e+00   1.63114829e-01
   7.73944113e-01   1.91987563e+00   1.25217276e+01   7.69016535e+00
   1.73391169e-02  -4.63521502e+00  -4.25250452e+00   9.67406757e+00
   2.64796353e+01   3.27882003e+01   3.00546685e+01   2.70007470e+01
   2.71222086e+01   3.00511920e+01   2.67664135e+01   1.92109528e+01
   1.41298206e+00  -8.18855346e+00  -1.06636691e+01  -1.26639907e+01
  -1.71665324e+01  -1.50384585e+01  -7.04115855e+00  -2.09375748e+00
   2.57501502e+00  -3.82944661e+00  -5.13413374e+00   1.46343265e+00
  -3.35277996e+00  -3.81836223e+00   1.45346650e-01  -1.45140283e+00
   1.16783451e+00  -2.51417012e+00  -2.06017290e+00  -3.48166488e-01
   3.68797906e+00   1.14912587e+01   1.87662913e+01   2.08062836e+01
   2.06677802e+01   1.80119243e+01   1.35551160e+01   3.50232790e+00
  -3.65462003e+00   1.62136125e+00   6.36478884e+00   8.38144149e+00
   2.23670250e+01   2.21374759e+01   1.76002183e+01   1.87614758e+01
   1.89333103e+01   1.88290328e+01   2.11660947e+01   1.97718080e+01
   1.75871188e+01   1.79655415e+01   1.80486566e+01   1.01515725e+01
   4.90161203e+00   3.18016399e+00  -2.45283329e+00  -5.93214752e+00
  -3.45900723e+00   2.23891727e+00   1.31177187e+01   1.04096351e+01
   4.42214233e+00   4.02290735e+00  -1.05874591e+00  -4.87277541e+00
  -1.51855622e+00   5.63770124e+00   2.80866486e+00  -7.04416026e+00
  -9.63525044e+00  -8.28505804e+00  -7.28507880e+00  -6.44731208e+00
  -1.25866873e+01  -1.44911116e+01  -7.57972005e+00  -1.32094016e+00
   6.13090669e+00   5.37308733e+00  -2.85685689e-01  -1.14475829e+00
   1.81961648e+00   2.76202912e+00   3.07148467e+00  -1.88377028e+00
  -6.71377334e+00   1.34392677e+00   6.50029713e+00   3.76322659e+00
  -7.66698868e+00  -1.13264669e+01  -7.31661201e+00  -6.15497692e+00
  -4.90497939e+00  -4.58087137e+00   1.05734751e+00   5.23253962e+00
  -3.92615102e-01   1.41262761e+00   1.14925539e+01   8.20398013e+00
  -5.94398066e-01  -9.79166590e+00  -1.52935275e+01  -7.88220350e+00
   1.54974642e+00   6.00464515e+00   1.10439147e+01   1.20250481e+01
   9.91968869e+00  -1.60705820e+00  -6.40855469e+00  -1.68524682e-01
   8.10756316e+00   1.02623214e+01   1.67988600e+01   1.93829026e+01
   1.82147538e+01   1.32955516e+01   8.79743802e+00   7.76914735e+00
   9.04345314e-01  -4.03275933e+00  -4.84960384e+00  -1.62458477e+00
  -1.50200436e+00  -1.85707333e+00   2.01131598e+00  -4.38069450e-01
  -6.83902317e+00  -1.60556295e+01  -1.16723503e+01  -2.49070311e+00
   3.96914393e+00   4.08959915e+00   6.39410229e+00   4.21712155e+00
   3.62939267e+00   8.51296014e+00   1.27400137e+01   1.24310762e+01
   9.31981233e+00   1.07646874e+01   1.51987900e+01   8.91479404e+00
   6.84004194e+00   1.02026341e+01   1.34643654e+01   1.38761369e+01
   5.65096486e+00   1.21084775e+00   7.85707794e-01   2.68394218e+00
   4.23711593e+00   2.92594377e+00   5.99137984e-02   1.58266078e+00
   6.09282228e+00  -5.92130707e+00  -1.04875065e+01  -8.29429241e+00
  -3.37521442e+00   2.64594846e+00   4.39731764e+00   1.19125782e+01
   1.46385775e+01   6.33908278e+00  -6.80605916e+00  -3.87072824e-01
   3.76050383e+00   1.03599239e+01   1.26928471e+01   4.54136753e+00
  -3.64572048e-01   9.00169175e-01   2.88542817e+00   1.65204577e+00
  -3.78187201e+00  -5.50415823e+00  -1.24133493e+01  -1.28065101e+01
  -1.60047643e+01  -1.63556462e+01  -1.26027056e+01  -8.71095594e+00
  -2.72541477e+00   5.64043209e+00   7.08655623e+00   2.26022130e+00
  -4.96200502e-01   2.26556909e+00   3.10656144e+00  -3.10394546e+00
  -5.56737311e+00  -1.19556900e+01  -2.24230430e+01  -2.23847627e+01
  -1.33803915e+01  -1.02473790e+01  -7.10323750e+00  -3.74048036e-01
   7.97579045e+00   8.61476940e+00   8.93955586e+00   1.47810642e+01
   1.01026786e+01  -9.07952710e-01  -8.51678003e+00  -1.24000130e+01
  -1.03390614e+01  -8.12750179e+00  -1.51267711e+00   1.54249127e+00
   9.50180658e+00   1.18681223e+01   9.98826554e+00   2.37170542e+00
   7.27577501e-01   3.84513024e-01  -4.99376868e-01  -1.91944045e+00
  -2.21978969e+00  -2.91035372e+00  -3.48642112e+00  -4.64677694e-01
  -6.58309615e+00  -1.92262625e+01  -2.10358846e+01  -1.74793527e+01
  -9.89916557e+00  -4.12740435e+00  -2.59029426e+00  -3.08441200e+00
  -6.65747190e+00  -8.45806617e+00  -9.40368019e+00  -5.99979448e+00
  -4.65441404e+00  -5.86333361e+00   2.78094268e+00   1.07105098e+01
   3.48569170e+00  -4.01627418e+00  -5.81069918e+00  -6.92979410e+00
  -7.45645261e+00],[ -0.21364218  -5.24207629  -7.42928485 -12.31201119 -17.65162701
 -23.86963281 -21.19076654 -16.01392705 -22.24555295 -22.78175411
 -17.51925049 -18.33783573 -18.57137221 -20.46919809 -21.43571429
 -13.67117665  -6.2857286   -8.19919147  -8.33376747  -9.359093    -8.6304289
  -8.62438604  -8.71505071  -8.47774721 -23.44859624 -23.85280193
 -22.24562266 -18.45779325 -10.86601476  -5.36611153  -2.73950007
  -3.33455953  -4.80267267  -8.07267629  -4.45095458   0.87368524
  -1.6524345   -1.36652287  -0.17884186  -1.35770767   0.66296915
 -24.05330984 -33.59820116 -30.26473807 -24.62364235 -19.91508185
 -18.14887848 -18.10428264 -19.41317823 -21.95919164 -22.95320579
 -20.97880964 -10.85639727  -9.08193865  -9.828242   -12.17954328
 -14.29691788 -27.88239112 -36.68251191 -33.02296425 -27.89798253
 -30.24740354 -33.32671486 -33.30250703 -29.92007296 -27.67550736
 -25.15507778 -18.6986508  -15.75232517 -17.73533978 -19.71585835
 -21.92713602 -18.07876119 -13.28803743 -15.27543577 -26.91807737
 -28.17579035 -14.8965019  -10.45639236 -13.53588276 -10.6268425
  -4.28989517  -8.1412098  -17.86214584  -7.33862102  -5.95444788
  -7.18990233   0.22624618  -0.1689937   -2.31188179  -7.26321618
  -2.31496594   4.39817634  -3.62259049  -8.27180203  -3.34582314
  -4.52982319 -11.18197668 -11.2460695   -7.4782342   -7.64465855
 -13.60594135  -8.27437321  -7.20351358 -14.4583295  -19.76780729
 -14.26650374 -13.53328177 -18.27971239 -22.37065714 -17.36935786
 -13.41442124 -12.50348019 -14.87809829  -8.22049274  -4.17853892
 -15.01991702 -26.5465519  -32.25474192 -24.4934604  -16.99556816
  -6.45773761   0.9881394   -0.24992349  -5.32898955  -5.35956433
   1.02977539   7.42148467  11.05659734  14.0195706   22.35533939
  23.49769372  17.64489359  12.04887252  13.47192948  17.60167493
  10.87496523   4.91874203   6.67606548  10.12822792   9.79376705
   9.45823294   8.95343763   7.57298431   4.19703006  -6.28002514
  -6.56166441   1.89468011   3.01619494  -2.80692549  -2.15956039
  -4.933454   -11.8731707   -9.8231743   -3.44910981  -1.00634287
  -1.12657631  -5.49327201  -0.70523288   2.86841165   5.00128879
   2.2415842    2.67864835   2.60439086  -2.90038498  -9.0917469
  -8.52557823 -13.56785779 -12.74659368  -8.85936634  -7.76565302
  -6.15014538 -10.00221427 -25.19486515 -23.27944898 -14.88675677
  -8.57939919  -5.42386246  -4.80961423  -1.86681404  -5.0964712
 -17.70841495 -27.63589205 -21.72861072 -13.28233671   1.94452266
   7.44395891   2.84151165  -3.85011436 -13.77302948 -16.67619525
  -9.88457938 -13.41761644 -14.67636207 -17.08736535 -13.4796433
 -16.87621175 -21.28662395 -15.34323948 -11.67036303 -10.81849657
  -7.5605712   -5.86479037  -4.42363818  -4.90458529  -5.88090193
  -4.3156403   -6.48373824  -3.30254047  -4.95128606 -14.08458329
 -16.06925577 -11.23244269  -7.57781581  -9.18061516  -5.25228474
   2.7152826   -1.08662748  -4.4445318    0.06012666  -6.04237099
 -14.23083168 -20.91870311 -25.78039648 -28.71369636 -29.86726207
 -33.88641359 -32.59559029 -25.23263922 -16.62100307 -16.75450564
 -17.34213522 -20.55259971 -21.02285145 -15.53181592 -18.5738866
 -15.36194192  -5.50401397  -6.90657023   0.74300545  -0.86136066
 -10.43393782 -12.58055132  -8.22392413  -2.12931843  -1.4881366
  -3.54053671  -4.70448865   0.80922647   2.47199455  -2.99365006
  -3.63613156  -1.91796841  -7.29948821 -12.12931816 -13.6182614
 -15.10712485 -17.12460806 -18.22284458 -23.86966725 -22.72435133],[ -0.4611482    3.388893     7.63384466 -11.52542956 -12.44275515
 -17.69748547 -20.96418694 -15.9522747  -13.92716466 -17.33436797
 -18.93379266 -24.42764113 -29.90960721 -32.26176711 -27.79603374
 -24.73867865 -21.61352445 -24.71439228 -18.94993298 -14.15344915
 -11.33593941 -16.26641633 -13.91348903  -9.89259693 -17.10134258
 -15.63655278 -17.69824327 -15.24696688  -7.11554759  -4.46766846
  -6.95962201  -6.66707708  -1.22133706   1.95186723   3.82192912
   1.09193604   0.13473782   2.99810544   5.03589665   5.6652046
   9.02119402  -5.98163416  -5.02957862   8.47062955  15.45005817
  19.37946681  12.80472      3.74612385  -3.20930689 -12.73638445
 -18.05266871 -15.02993028  -4.11476117  -3.31179116  -1.78845831
  -0.46008713 -10.17294376 -21.00021496 -19.99757728 -16.20094128
 -14.34890077 -16.67271151 -12.56393072  -5.23261803  -3.07671371
   0.6896147    3.9177659    9.38404466   7.96720865   7.75743648
  -0.55482966  -5.10618793  -2.61068579  -0.45110598  -8.25612137
  -9.21588428  -2.41356715   6.50428819   2.28863936  -1.83174108
  -2.58935981  -2.22989283  -4.41903031   0.84395511  15.08571632
  10.06260727   9.43364663  16.9989596   17.96957816  15.868011
  12.87865823  10.82150402  10.80425813   1.75752148  -0.88900027
  10.30559729  10.21146022   0.68726994   5.48244939   6.0106325
   3.2102499   -0.13209181  -3.18478153  -1.59543517   0.45187937
   5.55044026  11.79303071  10.95740469   6.99198714   3.57059782
   0.88390319  -0.79783027   0.91805851  -0.73025205   2.29303457
   4.66456368   2.86868449  -8.82503455 -21.60295761 -20.70914742
 -18.99939596  -9.30159887 -12.31135003 -10.81838081 -13.82555261
  -5.44386635   7.0931656   13.3718162   10.81788838   5.95214041
   8.30092178   7.32422939   3.9043218    5.64549651  13.20797788
  16.68805957  11.63881429  12.69110608  13.01059906  10.73500004
   5.96211863  -2.04911977  -7.02500609  -6.01099108  -6.20063667
 -12.78186032  -9.03946243   1.57682312   7.63026071   3.91654667
   7.36343926  11.9819007    0.1249895   -6.01592474  -7.15791699
  -7.19464139 -10.29603953 -14.45236086 -12.25739156  -8.11163692
  -6.80459776   1.18449557   1.41984923  -4.36642573   0.40052566
  -1.98398479  -1.98772965  -5.36461747  -3.19524168  -0.39772177
  -0.78544977  -0.22299282  -2.14702288  -1.01677014   6.60938519
   6.15179278   0.86591306  -0.65927832   7.62701233  10.08407044
   8.7996809    4.65909329   2.07501487   5.62611058   7.15867961
   6.49686227   4.564012     7.39292102   7.58134259  -2.25747069
  -6.81051615  -6.00752182  -5.0211193   -2.03034209   0.45987711
   2.72752421   7.15965314   8.21795106  10.12216935  13.97267603
  10.99646562   7.2611206    6.14588782   2.6040005    0.16224131
   1.99628842   7.0147829    5.42826762  12.17009751  16.89642725
  12.67027393   7.95269243   0.90332926   3.67852099   2.66525994
  10.7601595   15.59815987  11.15197295  10.01340317  13.15051719
  11.61871032   6.71897965   7.82393513  12.20268321   8.74332391
  -1.36757543 -13.05295917 -16.10384107 -15.80196783  -7.21758156
  -0.26756889   8.3541901    8.74500897  10.30363135  11.37615023
   5.53962199   1.30209734   1.00180508   6.80800115  13.10744691
  16.04315222  11.28327666   6.22687935   6.40654401   9.98862281
  -1.12921666  -7.9459499   -8.44920134  -1.97289274  -0.86411508
  -0.69748429  -1.55525765   2.62689883   3.27410125   1.72556353
   6.593087     5.46671305   9.2878425   11.38800836   6.27714597
   6.80665688],[ -0.292976     7.57450537  11.18753842 -11.32504409 -15.57534494
 -18.25660656 -20.05883283 -22.02390642 -19.24453104 -18.48760573
 -15.11391263  -9.87048102  -9.08429305 -13.42280177 -16.20797118
 -15.22958788 -11.78998733 -12.7943795  -12.43000528 -11.58854489
 -14.99198661 -21.82208349 -18.78650097 -13.08719698 -14.14306299
 -18.346421   -17.24779943 -18.28264668 -17.64888001 -12.74145124
 -12.50684135  -7.93458737   6.24547152  16.10880876  12.85067026
   4.2916259    5.18296995   1.83256925  -2.61524118   2.12396391
   2.85562832  -3.16886709  -5.56010074  -7.34927031 -13.15788721
 -14.76832727 -15.9759639  -10.25940781  -4.45893718  -9.99466508
 -14.41191318 -15.22148921 -12.88614308  -8.53736636 -10.49760019
  -3.06725671   2.37132174   2.89417573   3.67668422  -1.41213473
  -1.33368366  -7.70188678 -13.91680551 -12.44359864  -8.32514173
  -5.35367471  -0.74167311  -0.39896541  -0.79893641  -1.12221877
  -5.13020824 -10.61112416  -7.95239411  -2.72534748 -14.22758929
 -17.35954706 -19.25739362 -19.68985054 -18.43495108 -17.19758614
 -18.44055836 -16.80106122 -22.72777391 -24.38640074 -25.94255518
 -19.26967444 -10.27637175  -0.97229735   1.78963754   1.29482358
   0.27691996   0.53537567  -3.59268709  -6.3517833   -8.01379204
  -5.45333636  -7.76166956 -15.23638512 -13.65266737 -15.34642175
 -13.38559004  -9.84137947 -13.51642043 -10.32563451 -11.69790868
  -8.23640989  -6.82338754  -7.72637092  -5.69562217  -7.27756779
 -12.45239736 -16.99870384 -11.41753357  -3.67206959  -1.56303812
  -3.88207347  -0.12312523  -8.44893319 -15.37865943 -14.02797546
 -12.02595899  -5.92892663 -14.47780929  -6.84664475  -6.62712184
  -0.41173085   7.48467232   7.08632837   1.28116451  -0.66892136
  -0.36647879  -0.9816628   -0.17913206  -4.76565687  -3.64554823
  -6.37528773  -8.60570637  -3.36136279  -0.30654738   0.94478758
   5.14904614   8.0333723   11.54861902  19.00410137  20.25476421
   9.6056589    3.36962635   8.07348494  12.60749144   6.53627735
   8.85898994  16.42665613   4.55622741  -3.55702447  -3.64472905
  -0.72555573   1.87998629  -1.66733191 -10.83828107 -18.51328163
 -18.16811623   0.54095453  -1.14721654 -10.58763329  -5.18583985
  -7.04188396  -7.18796435  -7.33942223  -6.77633975  -2.90941118
  -5.6427214   -9.75304143 -11.15084955  -5.94023852  -8.86096061
 -16.92765808 -22.76135009 -24.6174608  -14.63620168  -8.4034535
  -9.15235455 -11.74658852 -10.6651941   -8.44277952  -9.39984648
 -15.97706629 -10.95546794  -1.19151846   4.74594715  -0.69388896
  -3.5364819  -11.9765873   -9.31499494  -4.32143195   9.05909845
   8.05330768   6.62372727   0.17651859  -5.67578623  -5.51454233
  -3.20105352   1.05721004   1.64461951  -9.0452033  -14.44819943
 -12.77953631  -9.78552291 -11.94157605  -5.44930125  -1.49030025
  -6.31935376  -8.74885088 -10.94991685 -10.87991967 -11.53152078
  -8.32531566  -7.5355436  -11.41979066  -9.34992073  -8.52296234
 -10.319798    -9.65393604  -2.37457935   1.32135292  -5.60255974
 -10.52268671 -10.62393349 -18.3045944  -26.88860317 -25.38303101
 -20.1889904  -16.21833209 -16.24874407 -14.45916934 -14.88258139
 -13.31299814  -8.5031203  -11.6672665   -9.98007013  -2.68049888
   3.8773808   -4.91765577 -21.56512073 -23.16821156 -16.79441771
 -12.64364647 -11.57307136 -10.07458877 -16.57427337 -23.70575938
 -22.51893166 -19.43666699 -19.90742397 -19.16202846 -16.17208049
 -12.53831695 -13.22237079 -10.36004204  -9.58586383 -11.92816527
 -10.44104002],[  0.31512768   6.69916811  10.30293906  -3.79398531  -5.96294764
  -2.47623013  -1.16779105  -0.38857214  -5.27681757  -8.39584769
  -7.30004852  -0.28055111   6.47000791  11.58137582  11.87246865
  10.59758165  16.25900078  13.22887879  13.00663511  17.27860751
  15.81233563   8.7644647    7.71351641  10.11322531   9.48119098
   6.5335915    9.80307646   8.94677504  11.39174645  12.09763132
   7.42591572   9.8939744    8.5063051   13.91554345  11.43591499
   4.51688836   2.83918104   3.38340153   1.59716506   4.69528581
   6.87606566  18.27752008  16.26182413  11.52125925   0.3865279
  -4.33756185  -9.63845731  -7.483293    -3.4523569   -5.77706873
  -5.49941011  -8.78103528  -7.29460374  -2.62343451  -6.35205914
   0.3661728    6.63412605  -1.07764732  -2.55222798   3.48607532
  16.31984072  12.54184247   1.19044773  -5.38735705  -3.58851699
  -8.98294754  -9.58263532  -4.88813199  -0.69221718  -4.86076486
  -1.03178774  -1.15076362  -3.9663866   -2.69056621  -9.11488189
 -11.45180243  -7.58194886  -9.02211736  -2.77138632  -4.15435989
  -2.63507391   4.88597371   2.3369067   -2.70389591  -3.893087
   9.71702384  14.72477659  13.47278405  10.40586619   8.32564332
   2.45524888   2.34945517  -1.49744423  -2.97280328  -1.90073802
  -4.42476691  -6.30537768  -7.18553241  -7.73806053  -9.56939056
  -4.84390921  -0.1093764   -2.77079984   3.01894647   0.48034531
  -0.1952982    3.63091673   1.63950937  -0.63020517   0.57536452
  -0.60053884  -6.25300053  -1.31982039   1.97380893  -0.13598158
   1.8573932   10.92636407   6.1788231    4.76220047   6.97548631
   3.06086293  -4.48537469  -5.77509033   2.53119468   4.09116817
   4.18366454   7.31925655   6.55859213   3.34723985   9.04178966
  15.71736475  14.26794143  10.0484495    9.84604842  12.10188662
   5.37830143   3.83575644   7.21626782   6.49318553   6.08521965
   8.1301155    9.71894022  11.11177966  18.44755893  20.43049457
  12.111255     0.42896958  -2.76622376  -0.5827965    4.29069896
   8.92611403   4.85393424  -3.09614584  -2.8062621   -0.57500043
  -1.60821443  -3.49674834  -3.77166532  -5.68838335 -12.16147117
 -14.57287205  -8.70822727  -4.26494751  -5.84342634  -7.16543008
 -10.78933056 -14.70582955 -20.33901694 -20.59414141 -11.59011171
 -12.25046498 -21.37265413 -21.01879312 -19.52775148 -26.88392737
 -31.79116989 -22.76565369  -8.83525801  -0.52699843   3.26351943
   2.19041597   0.06913215   2.70414072   2.91838784   5.62728489
   5.1958697    6.7200023    9.20020446   8.9357106    6.86279622
  -0.89586852 -10.87105501  -4.80193963   1.22294987  13.37237268
  18.55018101  17.44501894  10.38334515   5.54595668   7.12185742
   9.45236509   7.42567241  10.04169703   8.30543284   8.61270565
  10.08236156  11.57987491   5.25779158  11.86936441  16.6487673
  10.03490699   3.2868492    0.55037318  -1.43578221   1.64037922
   5.17823562   9.36501215   9.1699274   12.59159426  10.52207946
   8.59743147   8.22920246   2.79418887   0.31373816  -2.63025277
   0.32137688   6.01888292   3.68269483  -2.65550341  -5.34522915
  -7.46473747  -5.47537148  -2.50725256  -7.51183697 -13.37312202
 -17.10497909 -14.27716114  -3.13491979  -3.19895553  -7.95130981
  -7.68902173  -6.08560238 -13.13861139  -9.23670881  -3.32514016
   1.79243489   8.60203254  12.67647932   6.9655392   -0.96775108
  -1.40229232   3.77196291   5.05033256   2.89197617   5.01095151
  10.87267358  11.42639399   6.30022826   3.33540371  -1.38139035
  -1.59994647],[  3.13148560e-01  -2.46022230e-02  -1.28909011e+00  -5.07632694e+00
  -8.88217810e+00  -8.32692833e+00  -6.26628372e+00  -4.26487367e+00
  -4.21154042e+00  -5.81415639e+00  -7.63554715e+00  -8.98775580e+00
  -8.82971999e+00  -3.31944470e+00   7.28182919e-01   7.73003381e+00
   1.70552104e+01   4.96339263e+00   5.01863288e+00   5.24862906e+00
   4.87128560e+00   3.14693257e+00  -1.26469526e+00  -5.81437524e+00
  -1.01385784e+01  -6.18171853e+00  -4.37036099e+00  -8.28886364e-01
   4.58878889e+00   1.06003813e+00  -2.55875907e+00   4.02249571e+00
   7.02011394e+00   5.15875459e+00   6.87069222e+00   5.77383477e+00
  -3.75202681e+00  -4.09718933e+00  -2.84957655e+00  -2.82069700e+00
  -2.85943368e+00   3.45487459e+00   3.78184645e+00   2.57471508e+00
  -2.50624782e+00  -2.83377432e+00  -6.49512626e-01   4.75346072e+00
   7.29880736e+00   5.32044634e+00   2.60206908e+00  -4.39860673e+00
  -4.72136924e+00  -3.33174655e+00   4.06645176e-01   2.10220009e+00
  -2.27006143e+00  -8.03918516e+00  -7.66809296e+00   2.95966363e+00
   1.28839038e+01   1.17821477e+01   1.65105473e+01   1.40315205e+01
   1.08352484e+01   2.21722160e+00  -2.55518250e+00  -5.20474887e+00
   1.27356142e+00   1.57636898e-01  -3.94839916e+00   5.18119436e+00
   7.22598285e+00   3.43617896e+00   3.70061998e+00   4.38072370e+00
   7.90758286e+00   8.73571590e+00   1.12954872e+01   9.68301096e+00
   5.72219569e+00   1.13053740e+01   1.01168630e+01   6.49939204e+00
   7.71958005e+00   1.20758495e+01   1.11501309e+01   1.20249263e+01
   6.70853369e+00   7.11996212e+00   1.10257133e+01   7.31877290e+00
   1.51535157e+01   1.13893531e+01   6.26419797e+00  -1.09913673e+00
  -6.32444167e-01   3.29649487e+00   6.30439945e+00   7.14356681e+00
   6.97512900e+00   8.12630605e+00   1.50032162e-01   5.54268124e+00
   4.02909343e+00  -2.45136532e-01   1.76090468e+00  -6.42146091e-01
   2.88285002e+00   7.38032592e+00   2.87183506e+00   2.04461372e+00
   1.02891467e+01   1.13989282e+01   6.93235187e+00   4.15468536e+00
   1.00565699e+01   4.36733855e+00   3.83379499e+00   1.19733690e+01
   1.17624487e+01  -2.99850063e+00  -3.43711964e+00   2.76449699e+00
   8.25176387e+00   2.01100553e-01  -1.01464539e+01  -1.96248887e+00
   1.32274761e+01   1.68231769e+01   1.72805811e+01   1.83270084e+01
   1.33235667e+01   1.28860602e+01   1.17853804e+01   1.26753227e+01
   1.38863146e+01   1.12375643e+01   1.15596480e+01   1.34262943e+01
   1.48761994e+01   7.41406379e+00   1.99790834e-01   3.16432544e+00
   6.36892195e+00   5.67012058e+00  -5.46526395e+00  -7.09392879e+00
  -2.35657521e+00   4.84805070e+00   7.58961043e+00   5.20573147e+00
   4.60480601e+00   4.48488017e+00   5.68292285e+00   4.55186378e+00
   2.58033487e+00   5.65632675e+00   9.20083992e+00   9.78196527e+00
   3.63431852e+00  -1.87169951e+00   3.80900747e+00   5.40353167e+00
   1.26588689e+00  -3.89741342e+00  -8.30489962e+00  -1.29618968e+01
  -8.79515344e+00  -5.20183879e+00  -3.23817838e+00  -1.28307965e+00
   8.76154524e+00   1.34564009e+01   1.95482555e+01   2.51548172e+01
   2.85336420e+01   2.52420132e+01   1.18059568e+01  -2.71951234e+00
  -5.19521658e+00  -2.40826903e+00  -2.71317562e-01   1.74369034e+00
   5.43549555e+00   5.56244630e+00   3.86485324e+00  -1.88858255e+00
  -5.70182258e+00  -6.20589907e-01  -9.30298646e-01  -2.41150490e+00
   3.14652711e-01  -2.25954911e+00  -8.52424764e+00  -4.75268636e+00
  -3.39316722e+00  -5.46477979e+00  -7.63136482e+00  -7.68372863e-01
  -1.87188649e+00  -4.66025531e+00  -1.49961908e+00  -1.58659247e+00
  -1.12436499e+00   1.12680197e+00  -9.91428973e-01  -8.38772182e+00
  -3.93443450e+00  -5.01780999e-01  -1.86442287e+00  -5.99610171e+00
  -1.31228326e+01  -1.09695863e+01  -8.00623774e+00  -2.85185940e+00
  -2.13242990e+00   5.96459244e-01   4.77549124e+00  -2.32831061e+00
  -1.61038694e+00  -1.03464678e+00  -1.39669966e+01  -2.02502468e+01
  -1.22372034e+01  -3.66210435e+00  -3.90773767e+00  -5.88818471e+00
  -9.98437323e+00  -2.04669284e+01  -2.69062993e+01  -2.32606094e+01
  -1.72959741e+01  -1.74222741e+01  -1.45756081e+01  -1.32341741e+01
  -1.70829712e+01  -8.15995609e+00  -3.81747767e+00  -1.24215273e+01
  -1.44191569e+01  -1.02048002e+01   4.92080921e-01   6.89371086e+00
   6.24731559e+00   1.84102339e+00   7.80202244e-01   6.87876823e+00
   8.69576839e+00   5.53185169e+00   8.15071168e+00   1.31762926e+01
   6.91983620e+00   1.89360645e+00   2.49581325e-01   1.67254903e+00
  -3.94869950e+00  -7.62011425e+00  -9.97873991e+00  -1.36874344e+01
  -9.31274663e+00],[ -0.49900243   0.21018412   1.70880837   5.14872236   0.04674888
  -0.29137356  -3.5411617  -16.02640112 -22.77851644 -14.66544679
 -13.2559894  -14.89086187 -23.99529541 -28.6869467  -27.31329112
 -19.84525402  -9.18957001  -9.02661332  -8.03563211  -2.41301593
   3.76391241   8.4386587    7.48772876   4.06238355  -5.29041024
  -0.18145857   5.54822957  13.3486753   12.19711357   3.36251706
  -6.47601038  -6.76791164  -8.22996483  -9.39224485  -4.83254986
  -0.58175077  -7.14163974  -8.64792248  -6.6786232   -5.95573464
  -9.29034133 -13.01569974 -16.43619857 -14.02447973 -12.41003453
 -13.69684507  -8.41956374  -2.90879149  -3.48331562  -1.96351526
  -1.52057229  -8.28644538 -18.3870876  -18.41123428 -11.0395956
 -13.37070844 -22.30731064 -16.351805   -14.60101044 -13.09678175
  -7.67088241   3.01081429  13.15258117  11.70471737   8.04785676
   8.00330028   6.47771692   1.89686962   3.77782495   1.22399859
  -0.68171238   0.84291039   1.42368066   3.42157421   4.91280565
   0.34017849  -7.73290801  -7.31690145  -7.96364576  -6.01122197
  -8.20784357  -8.31963444 -12.23429598 -20.08707041 -17.67305422
 -17.09423816 -15.02785421  -7.1582762   -5.06812447  -7.33571232
  -6.56329914  -3.79984708   0.70787362  -0.6369077   -3.17428622
  -2.6415638   -2.24038451  -2.21399748  -1.8380589   -1.51347475
   1.73658402   3.34686091  -2.5332904    4.02904085   2.79517751
  -1.07540113  -2.27352721  -3.4568158    2.973495     3.46147745
 -12.89572712 -17.10831989 -11.35354309  -3.91249932  -1.13248509
  -2.09479599  -0.5757829   -5.29243359  -6.85975102  -4.86860408
  -3.81253625  -9.17351059 -13.44380188 -10.79609331  -3.03077491
 -10.16290125 -23.740332   -18.42518377  -5.59848117  -1.77023671
  -0.71763208   2.68598835  -2.23559585  -5.97828435 -11.07962585
 -13.37099769 -11.47575684 -14.75194095 -10.49605513  -8.13041039
  -8.07563287  -7.93083476 -11.77060307 -12.76074038  -6.30646807
  -4.19447429 -10.90372385  -7.52147032  -5.66768635  -8.89516365
 -14.2854631  -14.40143169 -13.88627477 -22.40987181 -22.2207239
 -18.89697565 -12.23369163  -9.50304808 -10.01593257  -6.76050549
  -5.83450765  -2.15965216  -3.81789598   0.45385915   0.95650298
  -4.86361931 -11.02176504 -13.05711182  -9.3778905  -12.60596464
 -11.40718141  -8.53267406  -6.55317011 -12.93363868  -8.88302238
  -0.13139441  -0.59648967  -0.31744997  -4.59212431  -8.81499255
  -9.4873228   -6.16051286  -1.00792724  -2.30028037  -4.20733074
 -10.28623781 -11.72498807 -14.55074598 -20.76246995 -15.55507254
  -6.40406501  -0.63175055  -1.96831744  -6.2323025  -13.03754564
 -16.32737146 -14.56655801 -10.87792878  -9.93152542  -3.60704138
  -2.86221735  -0.09578304   2.17044889   0.50644477   1.58838503
   1.80142325  -5.27042828  -5.56008437  -4.0156816   -6.66671201
  -4.73132624  -1.89025674  -6.1575834   -3.18572693   0.11918841
   1.06806618   2.14944477   2.00679976   1.67324941  -2.64212609
  -3.60043974   0.21093775  -1.74367236  -9.90839795 -14.32576329
 -15.44515522 -11.55230627  -5.71100839   0.86290747  -5.37863249
 -10.58740042 -16.20005731 -16.24661604 -18.0598426  -15.72265836
  -7.16909682  -4.51239535  -2.00670224  -3.7512956   -8.1054934
 -11.13361748 -14.39875012 -13.40058478 -14.05750567 -17.44728394
 -18.51510365 -20.97595622 -22.7639497  -28.30599137 -27.25571689
 -18.0097774  -14.35932294 -22.11707103 -21.53544671 -16.77796573
 -11.98178348  -9.9945541  -12.12276315 -14.93328696 -18.90220555
 -17.61839976],[ -0.36331879   1.76568271   3.08386868   0.94354421   0.1133689
   0.75916998  -2.3835854   -4.10512881 -10.50765848  -6.13905527
  -4.54504773  -2.40587318  -7.85423225 -10.04824904  -5.29741154
  -1.15336319  -0.82066249  -0.96123539  -0.69787568   9.76086632
  25.22793374  27.26068273  21.90435115  23.24559506  11.38492104
   4.35411782  -1.83131276  -5.54998928  -3.06327861  -8.69345088
 -11.19376175  -6.82946945   2.2348588    6.32502321   2.4120118
   0.33558824   0.69247885   1.62489196  -1.52506311  -5.12271646
  -3.30875007   0.24922686  -0.03963678   7.8506985   12.73604977
   5.77143872   0.39953786  -2.16812054 -12.50751521 -15.55073146
 -11.7025366   -7.95597249 -18.20935689 -12.99884978  -4.14526914
  -5.30746455  -2.19973538   6.23452817   4.18285972  -0.7166858
  -1.09926614  -0.48960472   1.13083832  -1.37282569  -4.8996663
  -1.42120599  -7.95940868 -11.83685961 -14.14102647 -10.31941927
  -5.38959987   0.77159026  -0.65137473  -6.00237039  -4.9302168
  -9.71498524 -16.26712227 -19.33987121 -24.57087821 -14.25788189
  -7.53692605 -11.3563821  -14.54203312  -8.60258479   3.19670878
   5.89737482  11.94847424  11.0682981   10.30450667   2.25440424
  -1.72510887  10.76509401   9.33702265  11.48262959  11.04625722
   8.23048224   8.80426944   1.87797505  -4.06860808  -6.56346586
  -4.17334938   4.70454956   3.0849274    3.0549369    7.47046744
   7.23033253   2.94399561  -3.02012559  -3.1811918    4.78942645
  -0.87803893  -5.0156704   -4.05880916  -3.45015386   1.0988478
   0.16052206  -3.08056332  -2.70661361  -3.14990488 -10.78030512
 -12.62365538  -7.53339598  -9.14717036 -13.07996146 -11.3875337
 -11.4173228   -7.17749074  -2.83815599  -5.57686707  -1.66594109
   3.12491349   5.30580618  -1.82440361  -1.36048715  -0.07648074
  -4.82615841  -4.70309147  -0.56859234   0.98109142  -3.71763794
  -5.15027482  -6.10097751 -15.72957204 -22.86272177 -17.5251795
 -14.52383875 -12.92763017  -6.78727601  -8.71478521  -9.55166612
 -10.62641418  -8.36910868  -5.34795187 -13.57721096 -16.77041108
 -18.62800851 -11.06548119 -10.77167813 -20.14729921 -21.55506164
 -16.49391976  -1.45441635   0.73617868   4.81602878   4.15909812
  -3.48483823 -10.75160216 -19.3211481  -17.46237269 -13.88608672
 -11.9549512  -14.47166919 -12.51585221 -19.3497542  -24.94885196
 -29.63859249 -30.99234808 -20.37073537  -6.00075239   6.63664003
   3.57038571   0.53582747   7.85704291   8.34710034   7.17722303
  -2.62128161  -2.55337095   5.13738581   3.42603887  -2.42589744
  -4.73853399  -1.25573768  -1.11858039  -5.19767551  -9.34815886
  -8.82006408  -6.87504766  -3.81752228  -1.0914556    0.56629995
   2.66997719   3.86554972   0.64971772  -1.29839067   1.97763755
   2.63668449  -4.18908416  -7.02822903  -8.70584654 -11.32138697
 -17.02634706 -15.25423771  -9.87404692  -2.65197593   0.80919674
  -1.79622956   0.32528309  -2.46912609  -0.42824571   3.52389902
   4.00944546   5.10772783   3.80358005  -4.24629308 -17.67538594
 -30.43033545 -27.26005402 -19.75696709  -9.07065119  -5.00980081
  -5.3327765  -11.08283821 -10.54148375  -7.91592685  -8.04648799
  -7.28748595  -0.70453135   3.20853249   5.22427873   5.70410702
   5.69984622   5.66155131   3.57048615  -1.63755342  -2.75841696
  -2.49124932  -1.85756967  -4.39015493  -7.34195442  -9.49854623
  -5.0556301   -6.53354785 -12.25021392  -9.05052329  -3.21251815
   3.99754264   0.98446112  -1.24991071  -2.53069052  -3.35829057
  -3.77529304],[  0.70206825  -3.47666137  -3.52835924   3.9368378    7.24884211
   5.93663585   5.26094785   6.35896153  -3.42425388  -4.83360648
  -8.31256958  -8.34061852  -5.19606458  -3.80942471  -4.78007641
  -3.22664476  -3.71095395  -2.30195626  -2.0494631   -8.44920174
  -4.08966106  -3.74810628  -5.05256987   0.93969748   0.69889595
   6.59903598   2.27171589  -6.43761298  -9.57774648 -13.98961378
  -8.03577033  -5.08453501   1.42415065   3.05617694   0.78774379
  -0.63169168  -0.65606406  -2.28429231  -6.30114406  -7.99132479
  -5.71944792  -1.75447303  -3.82745357  -4.40943117  -3.99635986
  -9.66003549 -12.96496549  -6.83561985  -6.87013513  -5.02877317
   0.2572366   -5.73395664 -13.65909206  -9.62480019  -9.26005769
 -13.40799206  -0.64029385   5.01030915   2.38664461  -2.71216993
  -9.82901556 -17.21651008 -17.35918297 -12.34420694  -7.40782893
  -8.08764135 -13.8145289  -17.2570335  -18.76212442 -14.62042725
  -9.65822692  -3.52824945  -6.45707849 -12.78735864 -14.89515821
 -15.83063591 -12.22471618 -10.91630121 -11.52167746  -3.62892604
   1.55962727  -3.58973885  -8.63937057 -12.06079033  -9.2466291
 -11.76119645  -8.11704945  -7.52045898  -5.77068475  -6.27135257
  -8.6266809   -7.30057027  -6.61205842  -6.00107871  -3.25579898
  -4.52054349   3.28059741  -5.70395166 -11.04042429  -8.77977868
  -6.94970565  -4.40633257  -0.1617331   -4.49086354  -6.14780672
  -6.4395638   -9.23830441 -15.79706053 -19.05955369  -7.15662703
  -6.96663184  -9.83772627 -16.28926802 -15.53340331  -7.89306481
 -11.46881396 -23.1048184  -19.26567608 -15.17992025 -14.63185879
  -9.79111446  -5.19213372  -8.96129566 -17.89394564 -23.37935339
 -18.29972667 -11.92315824  -7.75855168  -4.24288149  -4.69688128
  -2.7934616    1.11177038   1.83446852  -0.66709762  -4.56038963
  -5.50484073  -3.68544695   2.10069666   7.4001845    8.03912245
  11.38235991   7.38723346  -3.56647423  -4.77093529  -4.60094285
  -7.6837893   -4.60263388   2.54300719   1.31209074  -4.00630686
  -2.25950061  -1.25726536  -0.24245512  -4.59363506  -7.06774507
  -4.26509515  -0.73941359   0.85658129 -11.29282409 -17.4419399
 -13.73909001  -3.11405085   1.442272     1.0430082    2.86433515
  -3.33365275  -9.07048657 -16.42636993 -13.39292626  -8.81949761
  -5.48102919  -5.49846341  -0.93453512  -1.11309047  -2.36807173
  -7.25915811 -11.21133305 -11.24401617  -8.55945413  -6.98278541
 -10.93245545 -16.33600975 -13.08421191 -14.48209541 -14.66373161
 -19.31619574 -15.44086853  -5.5568676    0.42569995  -4.18259072
 -10.79268901 -13.68808217 -13.74041409 -10.40070882  -8.67991786
   1.70408253   3.7670343    0.77873283   0.05327701  -2.80639304
  -3.43943721   3.11608707  -2.83186537  -3.25037313   1.79651421
  -1.91931793  -5.47713697  -1.76317961  -1.49946834  -5.50103104
 -13.9048956  -15.1664756   -9.83975341  -4.01486638  -8.29238333
 -13.71349689  -9.65027268  -7.74923117  -3.85153269  -3.10305565
  -6.6256599   -3.62643609  -9.02325195 -15.36642557 -12.30652078
  -6.29064222  -6.61267325  -3.67151491   2.24123139   4.57677428
  -0.07409836  -3.62630719  -4.56801735  -5.31966777  -3.51775365
   0.33516468   1.41830064  -0.28299215  -0.44267471  -0.65625481
  -0.76391739   0.86704885  -3.44378491  -8.56964197  -7.61150626
 -11.41609499  -5.78119794  -1.37767735   0.55957594  -4.31225316
  -6.59937909  -9.30961945  -7.86921549  -4.86382524  -5.47775642
  -5.27477443  -7.51465748  -5.95816698  -4.24296147  -0.73704772
   5.49066127],[  0.08370762  -2.1886585   -3.15043376   4.02893568   8.10871881
   5.4997008    3.04985361  -2.55006118  -4.32541132  -3.38487982
  -1.45850647  -0.1308524    4.70105663   4.52708418   1.29412675
   0.52833088   5.37478397   7.49800745   5.73957794   1.25819418
  -3.10853731  -7.94607545  -7.4138405   -3.64936433   1.75471842
   2.82431121   1.65497725   1.37699007  -3.15966402  -2.88282762
   0.57069325  -0.18523892  -4.03231903  -8.88641034  -4.7075139
  -5.6147108   -3.92706327  -3.86782266  -4.77581091   0.30314411
   0.45835795   1.83699835  -0.17562224  -1.03858477  -0.84986454
  -2.64083715  -5.47711855  -2.33342464   1.55152231  -1.5949267
  -1.71077888  -9.42183128 -11.22544971  -3.36335411  -1.42952631
  -4.04492676  -4.88037444  -8.33376803  -9.06892689  -8.66184168
  -9.87142697 -15.43034523 -19.22360946 -12.7971797   -4.1875988
  -4.49407312  -0.55428106   0.74667689   1.31170445   1.36645353
   1.25535042  -3.96065717  -6.50893383  -4.08978991  -9.92333172
  -7.47315048   2.23488787   5.7736829    5.94743889  -1.64346821
  -5.63083225  -7.883544    -6.57439682 -10.76840208 -12.29343251
 -18.36582572 -18.21683096  -9.95030461  -4.38338906  -0.45920434
  -2.53125215  -8.57703206  -3.29934668  -4.61686171  -1.07476653
  -0.44408007   2.10041585  -6.42123272  -9.15202483  -2.93288404
   1.83250973  -0.47100856   3.49701887  -0.62802989  -8.14289372
  -7.83007481  -4.15234392  -1.17895069  -3.43992871  -1.42479322
  -7.0216616   -8.34178148 -12.60825777 -11.10943654  -5.55137642
  -6.56750564  -8.94799181  -2.05697798  -4.76682307  -1.69382226
   0.69804163   0.22831253  -4.42321743  -7.32482331 -11.39267318
  -2.73582044  -6.85330578 -13.47764851 -12.69067843 -16.21379065
 -12.33685518  -5.09097873   2.35437757  -0.16133851  -9.2831382
 -13.55978909 -13.0260337  -10.82335605  -5.2794096   -3.25808363
  -5.21549416  -6.00914236  -4.25409593  -1.14538104  -1.76599999
 -10.28825085  -7.44596497  -2.10478352  -0.59802839  -0.75516021
   1.51348406  -2.30867935  -4.17475095  -4.47160419  -3.08452875
   3.91807634  -1.55781406   0.88638462   5.21645107  -0.53660689
  -0.17141016   0.6556653    1.89003148   1.2259006    6.74647308
   6.6230255    3.89237182   2.8576915    2.43456134   1.98778425
   4.99357206   1.74173098  -6.15876314  -6.98589525  -4.79343669
  -1.88613307  -1.59609825   2.75630241   2.89381666  -1.15341933
  -1.26983539   1.23539917   5.62940786   0.73692319  -1.82234701
  -0.84911989  -3.49986938  -5.75865794  -5.21546587  -2.33905402
  -5.62879243 -12.81458976  -9.65147955  -8.34318735  -3.77902807
   4.51701344   6.37288363   5.70781152   4.42449338   1.22605424
   5.39085972   8.2064411   -2.43759689  -3.32181229  -0.28402828
  -3.11311406  -2.49000922   0.08335917  -5.59737356  -5.60226838
  -6.62328771  -8.75843834  -9.8559343   -9.92722729  -6.51421559
  -8.35986769 -10.97835159  -6.51880845  -3.38891181   1.54692385
  -1.02020798   1.80524783   1.16992889  -0.97191449   4.1167493
  12.05597229   8.84000396   6.24125669   7.44128678   6.15365117
   6.35505396   7.00240894   1.96905183   1.18835544  -1.9123878
   0.02684111  -1.66518543   2.70316614   2.63993587   1.07145045
  -0.68692532  -3.54463201 -10.14941524  -6.59016827  -0.70870484
  -5.15155691  -2.49688533  -6.29125544  -7.41483772  -8.46676907
  -6.75884095  -4.45089463  -1.53615297   0.35216442   0.18963183
  -2.10756882   1.68662327   3.50921277   5.19628984   9.43299334
   9.03577496],[ -1.05657991   0.65045419   1.02960959   1.17921057   1.0075649
   0.15919025  -3.51231871 -13.56334986 -17.33250706 -18.91232569
 -10.43550434  -6.07314633  -5.96768268  -7.01900118  -5.4932289
  -4.95650133  -0.57392663  -1.7538527   -8.44373616  -6.02102971
  -6.6892427  -19.69120628 -24.76729358 -24.49621221 -20.37852523
 -15.86982669 -14.46902143 -12.00024216  -9.8825516   -0.81624048
   4.13041873   5.96203691   1.13681959  -4.46585945  -2.49078831
  -9.32242757  -5.76262762  -0.46278177  -2.95523499  -1.04039305
   0.03506008 -10.91545727 -18.79632639 -17.760402   -20.19517424
 -18.25630985 -14.0154337   -7.46527922  -3.98763082  -4.965198    -0.8839233
  -1.29172912  -2.53115001  -1.42024923  -5.9989187   -5.5425179
 -13.92686806 -19.75640879 -19.21100349 -16.52110678 -15.31684816
 -14.4504997  -16.31774049 -16.06925952 -16.63023671 -16.79110168
  -7.66348893  -3.70541496  -2.81737347  -1.06161116  -5.7417399
 -14.12007843 -15.1372615  -12.90732235 -16.1304361   -7.70752612
  -1.96861604  -3.11019677  -1.77757238  -7.84193628 -12.64207408
 -11.54944481  -6.12927392  -2.07553959  -2.44840109  -7.11011853
  -8.85195452 -10.45814497 -11.7159046   -7.92083175  -7.04209131
 -16.83515704  -9.35952178  -7.61525371  -4.81708335  -5.85844462
  -7.6541127  -15.03370002 -19.76272379 -16.90481941 -11.93794879
 -15.13340909  -9.48547409  -9.0010192   -6.59854987  -6.71997591
  -3.7693547   -0.61619429   2.52322832   1.85536513  -5.15363352
  -6.75307877  -5.06413931  -7.82459958  -4.32937247  -7.27048047
  -2.02433907   4.07214957   1.55209792   2.42043832  -0.13897308
  -2.10846829  -1.77364473   0.581207     0.08259919   0.88679187
  -1.94658305  -3.9699131   -8.1475871   -9.33566968  -6.91050746
  -0.47996878   4.84439375  -3.19636804 -11.18281831 -11.75376747
 -11.87988722 -10.92664873 -10.00046886 -14.13246349 -12.52934534
 -10.93560379  -6.83161848  -6.91140811  -5.30213508 -12.6858937
 -14.09385902  -9.73792059  -6.87252757  -3.00514048   1.35065008
   3.74530759   2.82829798   3.41110998   6.26470661   8.56996205
   5.27882337  -0.13171392   7.03405777   3.39564696   3.74597527
   6.05413549   5.54521084   5.36552763  -0.23228697  -2.09445989
   0.35713815  -0.2953038   -2.22868234   0.033163     6.27355404
   4.82132331  -3.58895516  -0.44687353  -4.32128507  -8.13588336
  -8.08798496  -9.78012999  -6.42661267  -2.90815932  -8.62560548
  -9.52858401  -6.05525553  -3.06682892  -2.52764675   2.31543482
   1.52612115  -2.54807922  -9.62581461  -7.10940666  -5.86095107
  -8.90524237  -4.31704062  -9.00866148 -14.12978053 -14.14350457
 -14.10933909 -13.72532183 -15.36247309  -7.18401808   2.16893585
  -0.79830559 -10.33324472 -13.38392201 -12.77515964 -10.08354157
  -3.937759     2.26357204  -0.44005536   0.62523474  -5.33904734
  -9.97598663  -9.51357847 -13.91830684 -12.66119336 -12.18773734
 -16.60253738 -14.88075446 -12.00304038  -5.81828598  -5.82771202
  -6.3983083   -9.91588317 -11.55520515  -9.69717713  -6.1436431
  -4.39300971 -12.39618666 -19.03374827 -20.44516122 -11.58440757
  -6.93291107 -10.041386    -5.49659583  -9.23768707 -13.89961388
 -12.88039288  -6.98266396  -9.69977041 -16.52209072 -22.55616305
 -20.80723424 -13.97209934  -4.48233788  -3.37166019  -4.23651479
  -3.66373381  -8.81140576  -6.76031776  -1.64819513  -1.74068169
  -3.63963857  -4.23179757  -6.02610998 -10.55801705 -10.6155773
 -16.30038674 -12.50436629 -16.08885442 -22.70916568 -27.18742444],[  4.80354561e-01  -3.27399552e-01   1.43062226e-01   7.57191566e+00
   5.28832320e+00   5.12004988e+00   7.05458921e+00   5.01487716e+00
  -6.75158874e-01  -3.83688222e+00  -5.24142747e+00  -4.42847442e+00
  -7.67297670e+00  -8.89297655e+00  -5.79065428e+00  -6.00174492e+00
  -1.63310705e+00   3.40508764e+00  -1.18955281e-01   6.33312564e-01
   1.82794278e+00  -4.24619427e+00  -9.82412682e+00  -1.43895364e+01
  -1.67299813e+01  -1.15677278e+01  -7.14419001e+00  -5.16824327e+00
  -5.80957427e+00  -1.94480453e+00  -4.78397233e+00  -1.46412909e+00
  -1.81940315e+00  -2.46325205e+00   1.79694036e+00  -1.00775532e+00
  -1.30440111e+00   5.84604891e-01   2.68142474e+00   3.12096513e+00
   4.10960876e+00  -1.15199873e+01  -2.07352321e+01  -1.41165645e+01
  -1.28757681e+01  -1.33185107e+01  -1.12221565e+01  -1.03879299e+01
  -1.37404130e+01  -1.28344798e+01  -1.04329417e+01  -9.47414323e+00
  -9.58397221e+00  -1.24313479e+01  -1.46051240e+01  -1.10798760e+01
  -3.86824821e+00  -1.69157714e+00   3.00010297e+00   5.50958543e+00
   5.04924278e+00   8.89790609e+00   6.17794018e+00   2.47578867e+00
   3.19574954e+00   9.92607191e-03   5.33772720e+00   8.29887329e+00
   6.30913847e+00   1.46101966e+00  -9.70089392e-01  -7.10253583e+00
  -1.25128247e+01  -1.11327415e+01  -1.17605386e+01  -5.24984422e+00
  -3.35643749e+00  -9.12868024e+00  -8.64504741e+00  -1.19889583e+01
  -1.23799304e+01  -2.63946609e+00   6.69425148e+00   5.72909109e+00
   8.75901244e-01  -4.67470135e+00  -1.32627524e+01  -1.50072906e+01
  -1.38908240e+01  -1.25887919e+01  -9.53077851e+00  -1.17808120e+01
  -6.83038216e+00  -3.63821703e+00  -2.39037527e+00  -4.13235304e+00
   2.29385004e+00   4.81526428e+00   3.82050787e+00   2.30101344e+00
   5.51875269e-01  -1.51131544e+01  -1.08290233e+01  -6.08520224e+00
  -6.79673914e+00  -1.00444088e+01  -8.41207733e+00  -2.52409326e+00
  -1.86093336e+00  -2.00491527e+00  -7.92373174e+00  -1.14435843e+01
  -1.14441360e+01  -1.05445047e+01  -5.05663766e+00  -4.88432492e+00
   4.40308875e+00   6.77444378e+00   3.40264015e+00   1.21349455e+00
  -1.04688506e+00  -2.74887605e+00  -2.68442509e+00  -7.40023548e+00
  -9.71891776e+00  -1.04069950e+01  -6.58933667e+00  -1.92955256e+00
  -8.17483484e-01   1.14480544e+00   2.48709908e-01   3.30078284e+00
   5.96156116e+00  -3.21408984e+00  -7.11184164e+00  -8.44162828e+00
  -6.58914957e+00  -7.11928212e+00  -1.07364384e+01  -1.35091205e+01
  -1.18764865e+01  -1.03217013e+01  -9.92314444e+00  -6.49968947e+00
  -7.88170938e+00  -1.64069811e+01  -1.78797029e+01  -9.54658790e+00
  -5.66407594e+00  -1.16511968e+01  -9.00717455e+00  -3.64453756e+00
  -8.44228533e+00  -1.17299060e+01  -1.17057482e+01  -1.36376625e+01
  -1.16056552e+01  -1.67366211e+01  -1.46261879e+01  -1.48346558e+01
  -1.05869250e+01  -3.10057788e+00  -1.77875081e+00   2.54895699e+00
  -2.37982481e+00  -6.97853774e+00  -5.94796044e+00  -2.60893034e+00
  -4.62451232e+00  -7.52986915e+00  -2.26390376e+00  -2.95485577e+00
  -8.53073922e+00  -1.22825184e+01  -1.76559176e+01  -1.94800657e+01
  -1.54411562e+01  -1.37713910e+01  -2.48657288e+00   1.39387612e+00
  -2.60796620e+00  -3.68876150e+00  -4.49929579e+00  -5.07388361e+00
  -3.85443319e+00   1.18435653e-01  -2.10852871e+00   2.19762707e+00
  -3.97010995e+00  -9.00926117e+00  -6.66611697e+00  -7.06634516e+00
  -7.44841373e+00  -5.61273960e+00  -9.57629584e+00  -7.33397230e+00
  -4.66377921e+00  -2.04207563e+00  -1.98135319e+00   5.76932891e+00
   5.96858295e+00   5.52071003e+00   6.60115956e+00   5.63620950e+00
  -2.64615611e-01  -3.66631157e+00   2.30160018e+00   7.27550552e+00
   5.49275675e+00   5.91834866e+00   3.34275847e+00   3.14932075e+00
   3.77273777e-01  -2.18327635e+00  -4.02639101e+00  -5.65270968e+00
  -5.42594112e+00  -3.00998188e+00  -2.92605976e+00   2.23500629e+00
  -1.18499769e-01  -1.20547101e+00  -6.18430579e+00  -1.05392034e+01
  -1.35323894e+01  -1.02201182e+01  -4.89287161e+00  -6.82473324e+00
  -7.18650129e+00  -2.07996970e+00   6.28253970e+00   8.16415872e+00
   8.23759431e+00   7.35078345e+00  -8.73402445e-01  -5.14592284e+00
  -4.36792731e+00  -7.96159504e+00  -1.43130246e+01  -1.47622374e+01
  -1.44115082e+01  -6.61644190e+00  -6.39982251e-01  -3.65116566e+00
  -1.65353034e+01  -2.22502970e+01  -2.51420037e+01  -2.63517076e+01
  -2.19381492e+01  -1.84308138e+01  -2.09109382e+01  -1.86329981e+01
  -1.66527242e+01  -1.97902735e+01  -1.52370142e+01  -6.51697863e+00
  -7.74009864e+00   2.01742226e+00  -1.18274686e+00  -1.32389166e+01
  -1.57171999e+01]