[-769.66727448 -769.66727448 -769.66727448 -751.31481738 -726.04627564
 -718.55957101 -718.36010928 -718.40133961 -716.93558886 -714.50591821
 -713.59193378 -716.68396265 -718.98465584 -719.51607228 -717.97292745
 -715.02579595 -717.90761483 -721.35358608 -717.04455004 -714.03121073
 -714.95034484 -711.10664422 -714.15254456 -718.60338391 -717.87023791
 -714.82628592 -711.21715159 -712.8447892  -710.88149679 -711.32338845
 -710.42214356 -711.84472934 -710.83209753 -710.67990331 -709.13262015
 -712.08229841 -715.21373998 -712.09437494 -710.34186714 -713.42431971
 -712.51039884 -704.19131522 -699.20372362 -703.54623468 -710.48488304
 -705.85651551 -708.3606472  -712.98212009 -701.15221141 -668.03279323
 -610.82613421 -499.11293237 -440.941022   -416.20152667 -401.74959564
 -397.67723476 -397.12691563 -381.11563748 -388.34363196 -412.53511598
 -448.41391155 -470.93917713 -486.89650677 -500.6192293  -512.93249537
 -483.35737441 -369.97236264 -333.59844927 -339.7518087  -331.65883875
 -324.9529359  -326.56453051 -339.80425413 -354.490943   -379.42302058
 -419.8376018  -474.00392127 -502.29180397 -484.00048351 -467.58291094
 -453.72768096 -441.32517259 -435.3478735  -426.88247328 -421.96390358
 -401.107311   -395.15765577 -420.16704248 -432.1711179  -438.57247895
 -445.88188666 -463.6479049  -503.64073918 -531.91164053 -546.68971354
 -561.52015454 -585.38918683 -572.43064243 -565.00702315 -563.28770541
 -556.45352384 -532.27882817 -486.51724862 -444.63947981 -435.1262217
 -435.05391981 -437.83817123 -439.02529689 -444.39254338 -447.80354671
 -457.41638068 -466.49563142 -473.81528941 -483.07344128 -495.17979269
 -505.3934943  -523.10194144 -543.8727905  -567.99739143 -587.77919108
 -594.41314226 -586.02611841 -575.92458552 -554.82508981 -513.25644133
 -474.95184383 -480.03451713 -485.27498612 -472.80526721 -463.12858198
 -460.742003   -464.43208382 -473.0818979  -468.80956837 -479.70048195
 -501.5248068  -540.86896098 -566.54910408 -584.59570362 -590.24992905
 -583.43800838 -583.47097926 -564.32111237 -500.47947196 -471.45240707
 -470.87655469 -506.02184774 -544.62993694 -564.45988346 -573.35724165
 -575.45465923 -569.79917549 -569.07642792 -582.6734688  -598.65824414
 -623.24428529 -646.14022767 -668.43158568 -690.8847245  -694.85882403
 -684.14331508 -667.18142802 -629.79834291 -526.19576068 -467.55897832
 -466.3673093  -478.6118123  -478.7467393  -487.56812498 -488.32804051
 -476.40235514 -462.81340307 -465.48452456 -475.66874848 -487.20005133
 -497.88162908 -513.0114088  -523.7524401  -520.8988057  -525.89306848
 -546.19940846 -553.53677524 -557.38122503 -564.60562065 -574.03385235
 -594.57767307 -635.90784025 -669.66016569 -656.78309873 -622.70743655
 -595.2149967  -569.38019064 -547.04759233 -520.45180561 -479.8053433
 -452.38656633 -443.20216114 -436.97673123 -433.29732836 -432.59635596
 -434.59419951 -431.42133963 -431.22524837 -423.81618637 -418.18281212
 -411.95588354 -413.92745414 -423.16089855 -436.43101714 -459.02909704
 -484.35490322 -515.23168001 -555.45818623 -572.4404144  -592.39572648
 -618.7535612  -642.1268852  -657.03323193 -669.07306628 -675.11492362
 -677.93279905 -676.46433869 -668.34373004 -668.46087345 -671.80628519
 -673.36079443 -670.51963356 -652.3103101  -614.60271631 -580.27140235
 -594.36972905 -615.35539734 -618.13080872 -617.58110161 -617.92946496
 -622.62949428 -630.35487108 -632.11121534 -635.35761829 -636.93711434
 -636.55411517 -622.99749648 -609.88907794 -594.39404066 -584.83677981
 -592.38205477 -612.63047972 -642.40423101 -670.57579986 -686.58723492
 -699.40571408 -709.20947033 -709.41462858 -710.98510837 -715.12749205
 -716.28566751 -716.34217185 -714.85953643 -716.35139226 -715.65095277
 -713.28883385],[ -4.79616347e-14  -4.79616347e-14  -4.79616347e-14   2.55571552e+01
   5.63836591e+01   6.39383420e+01   6.22237380e+01   6.19781730e+01
   6.48742158e+01   6.97908038e+01   6.97889855e+01   6.45967303e+01
   6.28513713e+01   6.22971896e+01   6.38959238e+01   6.73931421e+01
   6.41760183e+01   6.00741861e+01   6.27528253e+01   6.71891067e+01
   6.75780450e+01   7.10688584e+01   6.80638182e+01   6.27709223e+01
   6.34581218e+01   6.71434162e+01   7.16852677e+01   6.76791901e+01
   7.05668654e+01   6.97646884e+01   7.16534901e+01   6.89316109e+01
   7.05930939e+01   7.11662509e+01   7.30273536e+01   6.97020353e+01
   6.61645095e+01   6.87303365e+01   7.16234105e+01   6.82504288e+01
   6.82880765e+01   7.77410402e+01   8.35123397e+01   7.90342067e+01
   7.04333324e+01   7.62309963e+01   7.31732337e+01   6.71605055e+01
   6.46739895e+01   5.00003815e+01   6.06203492e+01   1.13941853e+02
   1.15870267e+02   1.05998890e+02   1.07375747e+02   1.06852825e+02
   8.00137049e+01   5.76768309e+01   2.94795575e+01   9.09377298e+00
  -6.25464846e+00  -1.55110670e+01  -7.80979667e+00   1.06111810e+01
   2.72089331e+01   4.80736480e+01   8.38234478e+01   9.13981142e+01
   8.33689745e+01   9.07386233e+01   1.01737120e+02   1.06030767e+02
   1.09938984e+02   1.25652036e+02   1.30236328e+02   1.24556588e+02
   1.20998089e+02   1.02836260e+02   9.51549492e+01   8.23753017e+01
   6.54721404e+01   5.70417625e+01   5.46181527e+01   6.77675392e+01
   8.77634520e+01   1.15950984e+02   1.07219148e+02   8.94080114e+01
   9.82258016e+01   1.06454513e+02   1.24776328e+02   1.46265322e+02
   1.64357397e+02   1.68772850e+02   1.70837454e+02   1.76667555e+02
   1.77830563e+02   1.66132422e+02   1.48911223e+02   1.38603459e+02
   1.38139347e+02   1.41570011e+02   1.26162900e+02   1.28472526e+02
   1.33602142e+02   1.34168303e+02   1.26382568e+02   1.24651636e+02
   1.37485872e+02   1.50324557e+02   1.51045907e+02   1.48064863e+02
   1.50361227e+02   1.50364432e+02   1.51157451e+02   1.54115252e+02
   1.51346912e+02   1.55590235e+02   1.57355196e+02   1.58377935e+02
   1.68566309e+02   1.54026175e+02   1.39913103e+02   1.42333209e+02
   1.44423247e+02   1.42465842e+02   1.19886962e+02   9.01162340e+01
   6.88354574e+01   6.21086746e+01   6.80565155e+01   7.52639325e+01
   6.48220846e+01   4.03815515e+01   1.50088879e+01   4.07637773e+00
  -1.48732370e+01  -2.59952660e+01  -3.88123414e+01  -3.14873989e+01
  -7.83576973e+00   1.50894727e+01   3.31515603e+01   6.13456747e+01
   8.01971268e+01   1.08708601e+02   1.30863598e+02   1.35551132e+02
   1.40828967e+02   1.39163040e+02   1.23461988e+02   1.00430696e+02
   8.16864231e+01   6.65891973e+01   6.23298226e+01   5.87218065e+01
   6.09251259e+01   6.90608322e+01   7.14877874e+01   7.19792820e+01
   7.59613412e+01   6.39731661e+01   7.56338946e+01   1.47630639e+02
   1.65090716e+02   1.55295305e+02   1.29995138e+02   1.19826608e+02
   1.16227741e+02   1.01188079e+02   8.00150277e+01   5.02045976e+01
   2.16272684e+01   8.51562086e+00   1.07254351e+01   1.06455659e+01
   1.72763138e+01   4.28602556e+01   7.43314414e+01   7.65036814e+01
   6.41384049e+01   6.26760795e+01   6.46217692e+01   6.58411505e+01
   8.03873772e+01   1.08560351e+02   1.07744352e+02   9.83826027e+01
   9.55105834e+01   9.55220996e+01   9.86501372e+01   9.19233934e+01
   8.39852375e+01   7.59715083e+01   9.19379841e+01   1.01998159e+02
   1.05867690e+02   1.13880400e+02   1.12156645e+02   1.17372111e+02
   1.18437689e+02   1.18745386e+02   1.10208429e+02   1.09949286e+02
   1.14784785e+02   1.22502472e+02   1.30749955e+02   1.37825819e+02
   1.41582650e+02   1.43761464e+02   1.47170008e+02   1.54245862e+02
   1.51490887e+02   1.55355766e+02   1.54443631e+02   1.46568137e+02
   1.33220845e+02   1.20208376e+02   1.06950321e+02   1.01607567e+02
   1.02143091e+02   9.77690169e+01   9.18638622e+01   8.98523274e+01
   8.52720549e+01   8.25601753e+01   7.25502748e+01   5.53460517e+01
   4.60890757e+01   2.69635517e+01   5.78546054e+00  -2.03591496e+01
  -2.06093658e+01  -2.46582038e+01  -2.97728560e+01  -3.74460557e+01
  -4.57775899e+01  -4.80996119e+01  -4.86322755e+01  -4.71033723e+01
  -4.17697698e+01  -2.79972287e+01  -1.65025206e+01  -1.96670046e+00
   1.89228358e+01   3.46404955e+01   5.57406115e+01   6.65912957e+01
   7.15532372e+01   6.81466608e+01   7.14288951e+01   7.16352746e+01
   7.17618116e+01   7.15210680e+01   6.68657841e+01   6.60427488e+01
   6.60702560e+01   6.67974085e+01   6.48157496e+01   6.65290407e+01
   6.99558565e+01],[ -1.06581410e-14  -1.06581410e-14  -1.06581410e-14   2.44020654e+01
   4.36564215e+01   4.52202623e+01   4.19744231e+01   4.11971045e+01
   4.46531804e+01   5.07005253e+01   4.86572746e+01   4.33678721e+01
   4.48077013e+01   4.37187998e+01   4.42568058e+01   4.61694961e+01
   4.54738589e+01   4.34896920e+01   4.08358518e+01   4.44944803e+01
   4.73279725e+01   4.71340242e+01   4.57586415e+01   4.29273982e+01
   4.23031155e+01   4.45730712e+01   4.79555638e+01   4.25493179e+01
   4.39834696e+01   4.26423574e+01   4.51954922e+01   4.18300123e+01
   4.31295428e+01   4.53461844e+01   4.71257493e+01   4.51646025e+01
   4.34293281e+01   4.18926179e+01   4.60008700e+01   4.53472910e+01
   4.38971998e+01   4.69422830e+01   4.99417319e+01   5.04862844e+01
   4.32114471e+01   4.52721898e+01   4.43789615e+01   4.24192156e+01
   3.62529049e+01   2.24435325e+01   8.91970096e+00   7.49818584e+00
  -5.10110109e+00  -1.06788782e+01  -9.20046799e+00  -3.32480008e+00
  -3.04876254e+00   5.47656439e+00   1.24580130e+01   2.40266070e+01
   4.08244791e+01   4.11412978e+01   3.61239212e+01   2.92335875e+01
   1.87562841e+01  -7.69737016e+00  -3.63904618e+01  -5.14002105e+01
  -6.98064717e+01  -7.59362179e+01  -7.20106611e+01  -6.27102265e+01
  -4.99178285e+01  -2.97274089e+01  -1.75566058e+01  -3.85707634e+00
   3.37593300e+00   3.92708061e+00   5.96500741e+00  -9.24501514e-02
  -9.01439324e+00  -1.81221430e+01  -3.09062291e+01  -3.41526941e+01
  -2.65468714e+01  -1.13655139e+01  -1.14324364e+01  -1.28174862e+01
  -1.40501909e+01  -1.82328101e+01  -1.40670138e+01  -2.71675808e+00
   1.45817704e+01   2.20967980e+01   3.16717606e+01   4.24159554e+01
   5.93402076e+01   5.38011851e+01   3.77731074e+01   3.10094459e+01
   3.19552812e+01   2.34051697e+01  -1.16539585e+01  -2.67900902e+01
  -3.59820111e+01  -4.29575766e+01  -5.50653486e+01  -6.27663654e+01
  -5.47915321e+01  -4.77407006e+01  -3.92541422e+01  -2.71400984e+01
  -1.26442901e+01  -1.88141636e+00  -1.80191797e+00  -3.49158569e+00
  -8.19895689e+00   3.13503811e+00   2.39944886e+01   3.36834011e+01
   4.96023930e+01   4.42748881e+01   3.28985343e+01   2.50024688e+01
  -2.32689374e+00  -7.95727839e+00  -7.78205167e+00  -7.17433999e+00
  -4.19201435e+00   2.82291597e+00   8.78771144e+00   1.70817561e+01
   2.51043656e+01   3.18285654e+01   4.06772235e+01   5.27393956e+01
   6.63065955e+01   6.41393268e+01   4.95353040e+01   4.20947161e+01
   2.45939451e+01   3.42441327e+00  -2.27024688e+01  -6.82621090e+01
  -7.60799638e+01  -4.78038151e+01  -1.81298720e+01   2.03291782e+00
   1.78414166e+01   2.83507354e+01   3.27370067e+01   3.32853095e+01
   3.34884215e+01   2.66447146e+01   2.77292818e+01   3.53901213e+01
   4.12633482e+01   4.50077193e+01   4.41476134e+01   4.36746285e+01
   3.87166785e+01   2.56792399e+01   1.54418378e+01   1.70076618e+01
   5.26388071e+00   2.26715820e+00  -2.60655142e+00   2.31911203e+00
   5.91216575e+00   9.67626046e+00   2.09711967e+01   2.03780163e+01
   1.01611841e+01   1.22642089e+01   1.96232709e+01   1.67864984e+01
   1.10402435e+01   1.93737312e+01   3.97057045e+01   4.77619381e+01
   3.93711773e+01   3.59908305e+01   3.07113260e+01   2.42797551e+01
   9.63885041e+00   2.46326055e+01   4.71606678e+01   5.46937269e+01
   3.36420629e+01   1.24437290e+01   5.71982104e+00   4.24918108e+00
  -9.20251036e-01  -1.05682539e+01  -6.13429849e+00  -1.87504676e+01
  -2.56088302e+01  -2.54009129e+01  -3.90918894e+01  -4.80258331e+01
  -5.39748509e+01  -5.89619530e+01  -6.70200722e+01  -6.73807791e+01
  -6.59209289e+01  -5.64334006e+01  -4.38809405e+01  -2.98105628e+01
  -1.88265970e+01  -1.00417594e+01  -3.85423695e+00   9.62314527e+00
   1.77661252e+01   2.99222671e+01   3.68808661e+01   4.33741022e+01
   4.63424924e+01   4.62984774e+01   4.29696859e+01   4.54062949e+01
   5.19519878e+01   4.54165798e+01   3.26275710e+01   3.32647796e+01
   2.99129352e+01   3.33191037e+01   3.77893747e+01   3.52498452e+01
   2.13497849e+01   2.02169499e+01   3.88795884e+01   4.11217782e+01
   5.87311257e+01   6.87001083e+01   6.91625295e+01   6.85963981e+01
   6.75097330e+01   6.13627334e+01   5.38042480e+01   4.61433516e+01
   4.14163731e+01   3.76724741e+01   2.58061912e+01   7.56629062e+00
   5.08459117e+00   5.94886669e+00   1.03827681e+01   2.00320828e+01
   3.37235049e+01   3.68481775e+01   4.45693464e+01   4.51974702e+01
   4.49068954e+01   4.79915016e+01   4.61239486e+01   4.65140186e+01
   4.68354747e+01   4.47355980e+01   4.20115114e+01   4.55390108e+01
   4.96903916e+01],[ -2.84217094e-14  -2.84217094e-14  -2.84217094e-14   2.25926822e+01
   3.03586417e+01   2.82621444e+01   2.77959269e+01   2.66301754e+01
   2.81125686e+01   3.17600344e+01   2.99547501e+01   2.81115445e+01
   2.96720268e+01   2.73709815e+01   2.80102640e+01   2.84003748e+01
   3.04288132e+01   3.07785082e+01   2.73992856e+01   2.75600716e+01
   3.05198958e+01   2.94616416e+01   2.77040508e+01   2.74647647e+01
   2.46994654e+01   2.51293891e+01   2.78581407e+01   2.51545526e+01
   2.32259700e+01   2.13645170e+01   2.30060513e+01   2.00596309e+01
   2.00822519e+01   2.47610922e+01   2.74453880e+01   2.68168367e+01
   2.50682386e+01   2.04655749e+01   2.61999518e+01   2.79652045e+01
   2.72159842e+01   2.37365259e+01   2.38344732e+01   2.90494536e+01
   2.26857987e+01   1.90672938e+01   2.12518158e+01   2.62690421e+01
   2.78069797e+01   3.81988560e+01   5.36572315e+01   6.58600284e+01
   6.47451249e+01   6.12361498e+01   5.51834131e+01   6.17999884e+01
   7.36376561e+01   8.48136408e+01   8.75414868e+01   8.98319356e+01
   8.76482359e+01   7.16088788e+01   5.34475086e+01   4.22642156e+01
   3.90435109e+01   3.20358220e+01   2.14013299e+01   2.50085255e+01
   3.69682739e+01   3.53206787e+01   2.75454823e+01   2.54798603e+01
   2.47815392e+01   2.82854800e+01   3.49452638e+01   4.85631128e+01
   4.92933230e+01   5.07723913e+01   5.95285077e+01   6.83812030e+01
   8.70939688e+01   1.00345003e+02   9.43347427e+01   8.20833909e+01
   6.78238654e+01   5.01675652e+01   3.68395294e+01   2.38261376e+01
   2.22506848e+01   1.73893758e+01   7.35939518e+00   6.65399100e+00
   2.71744472e+00   1.60464879e+00   4.90407153e+00   6.09143715e+00
   5.68578297e+00   2.45196407e+01   3.01614889e+01   3.61737140e+01
   4.51045713e+01   5.28670402e+01   7.61056985e+01   9.08584098e+01
   7.70663010e+01   6.75030708e+01   6.21667260e+01   5.65847788e+01
   5.39538470e+01   4.73331534e+01   4.63041354e+01   5.26615009e+01
   4.77348532e+01   4.65026285e+01   3.97829017e+01   2.54492599e+01
   6.73255144e+00  -5.03931423e+00  -5.81128537e+00  -3.29605616e+00
   2.37237258e+00   1.78291389e+01   2.68220472e+01   3.30752183e+01
   2.58127204e+01   2.70641843e+01   2.36909615e+01   3.82431613e+01
   4.88552581e+01   4.85547526e+01   4.18259391e+01   4.29308233e+01
   5.87331214e+01   7.42123680e+01   7.84459670e+01   8.18242250e+01
   8.39355426e+01   7.60868170e+01   7.16849663e+01   7.58804788e+01
   6.81096917e+01   6.34401715e+01   7.26249282e+01   6.88119957e+01
   7.84056968e+01   7.86856418e+01   4.94435533e+01   2.65188431e+01
   1.99293771e+01   2.13647789e+01   3.02058264e+01   4.18965790e+01
   4.59763270e+01   4.29899771e+01   4.51275144e+01   5.44572979e+01
   5.16806167e+01   4.42599458e+01   4.20232090e+01   3.99567159e+01
   3.54019497e+01   4.31695963e+01   3.53932352e+01   2.45432415e+01
   2.26375251e+01   2.00025470e+01   1.81682724e+01   1.89470675e+01
   1.52537325e+01   2.66852107e+01   4.60259580e+01   5.51531973e+01
   4.90559019e+01   4.36203038e+01   4.12937209e+01   4.18601711e+01
   4.68907043e+01   5.78396427e+01   7.49269493e+01   9.02803226e+01
   1.02083066e+02   1.10360456e+02   1.06819950e+02   1.01389878e+02
   7.60074509e+01   5.80475726e+01   5.49258271e+01   4.83274416e+01
   3.85105408e+01   3.16998135e+01   2.90307291e+01   4.22507487e+01
   4.96066570e+01   4.91355994e+01   5.32104470e+01   4.55408118e+01
   3.50580831e+01   2.76275435e+01   2.08921688e+01   1.63553022e+01
   1.35204439e+01   1.05304926e+01   2.21880555e+00  -2.02905328e+00
  -8.61867348e+00  -1.03701347e+01  -9.94077317e+00  -7.14260157e+00
  -5.64712494e+00  -1.00991446e+01  -1.78908982e+01  -1.70722782e+01
  -1.25767605e+01  -9.20047656e+00  -6.05228401e+00  -6.56558029e+00
  -4.33333474e+00   3.16347472e+00   8.04077001e+00   1.46986287e+01
   2.10587135e+01   2.12534119e+01   2.48334895e+01   3.39655603e+01
   3.27379647e+01   3.39238659e+01   4.52153269e+01   5.56517262e+01
   5.95170823e+01   6.55110248e+01   7.19039318e+01   7.44751752e+01
   7.76630107e+01   8.23050066e+01   8.48141397e+01   8.66486035e+01
   9.05572494e+01   9.09863987e+01   9.42087462e+01   9.33902496e+01
   9.57514104e+01   9.20268037e+01   8.69279407e+01   7.89284623e+01
   7.79075408e+01   6.61296195e+01   4.69665436e+01   3.69031452e+01
   3.50166545e+01   3.38283726e+01   3.30646024e+01   2.76448495e+01
   2.52401560e+01   2.87952649e+01   2.93788740e+01   2.99518291e+01
   3.05465106e+01   2.67959963e+01   2.25261056e+01   2.80750772e+01
   3.25989867e+01],[  5.32907052e-14   5.32907052e-14   5.32907052e-14   2.02850744e+01
   2.15553045e+01   1.96562223e+01   2.19035793e+01   2.07443170e+01
   1.93063440e+01   1.97615402e+01   2.06621650e+01   2.38745092e+01
   2.04330115e+01   1.79979312e+01   2.05781744e+01   1.97975877e+01
   2.23433884e+01   2.38350289e+01   2.25398511e+01   1.86586232e+01
   2.10502599e+01   2.25092850e+01   2.02969586e+01   2.11222917e+01
   1.66042406e+01   1.54038858e+01   1.83735685e+01   1.90107048e+01
   1.59461060e+01   1.45296374e+01   1.38902699e+01   1.11329272e+01
   1.06685234e+01   1.69384934e+01   1.99641322e+01   2.13431399e+01
   1.77153429e+01   1.24794879e+01   1.85525218e+01   2.00987273e+01
   2.02871096e+01   1.56917365e+01   1.42577351e+01   1.86134366e+01
   1.52317007e+01   9.59528502e+00   1.21272253e+01   1.99390402e+01
   1.85057578e+01   1.24031820e+01   1.85832231e+01   1.71783992e+01
   2.32421334e+00  -4.17655535e+00  -1.27842050e+01  -2.08948742e+01
  -2.21523742e+01  -3.01291648e+01  -4.00909490e+01  -3.74658446e+01
  -3.28105888e+01  -2.11800617e+01  -1.26539091e+01  -6.50411028e+00
  -5.44364932e-01  -7.49293867e+00  -3.49409569e+01  -3.45876107e+01
  -1.89649446e+01  -2.05377279e+01  -3.47108703e+01  -4.64178885e+01
  -5.33011668e+01  -4.08349601e+01  -2.31714457e+01  -1.24997026e+01
  -1.34061233e+00  -1.15995250e+01  -2.41271095e+01  -3.52810761e+01
  -4.73552495e+01  -4.34136156e+01  -3.39721102e+01  -2.39285586e+01
  -7.65692085e+00   5.25236828e-01  -4.14316084e+00  -1.10495919e+01
  -6.11255911e+00  -3.51252527e+00  -1.29030253e+01  -1.27774990e+01
  -1.31704711e+01  -1.13610879e+01  -4.79296305e+00  -1.73113218e+00
  -4.88741995e+00  -1.22953452e+01  -2.20935528e+01  -2.62133202e+01
  -2.11887398e+01  -1.99370054e+01  -1.43956216e+01  -5.20644860e+00
   1.62897837e+00   1.21592366e+01   1.37595205e+01   1.56845214e+01
   2.48002214e+01   2.30914151e+01   1.07109504e+01   5.81393460e+00
  -4.21983406e+00  -1.00428628e+01  -1.23934294e+01  -1.51479212e+01
  -1.89949196e+01  -2.15261240e+01  -2.56518605e+01  -1.66556618e+01
  -1.00762531e+01  -1.12452604e+01  -1.39939805e+01  -1.52931429e+01
  -1.61360561e+01  -1.99800119e+01  -2.67907284e+01  -2.51641863e+01
  -2.57843563e+01  -2.80309310e+01  -3.04504506e+01  -3.17754335e+01
  -3.48107715e+01  -4.05689636e+01  -3.78815744e+01  -3.17091159e+01
  -3.73521126e+01  -4.09369129e+01  -3.16108330e+01  -2.11128105e+01
  -2.03271530e+01  -1.10552126e+01   1.01908544e-01  -1.69559989e+00
  -2.70982472e-01   3.88588759e+00   4.97373422e+00  -2.95647360e+00
  -7.28711887e+00  -6.44020776e+00  -8.61717810e+00  -5.50884517e+00
   6.19091674e+00   1.02472015e+01   1.89230636e+01   2.54989709e+01
   2.46056545e+01   2.09450588e+01   2.35522693e+01   2.40203304e+01
   1.60330005e+01   1.75008144e+01   5.47625847e+00  -1.62371049e+01
  -2.52480092e+01  -2.51222931e+01  -2.08656350e+01  -1.63494929e+01
  -1.76375555e+01  -2.47833861e+01  -2.63816685e+01  -2.96684026e+01
  -2.99452290e+01  -3.38269251e+01  -4.23137873e+01  -4.09740888e+01
  -3.31277496e+01  -1.35629042e+01  -3.73135112e+00  -3.57443716e+00
  -2.62846840e+00   7.11013331e+00   1.04231782e+01   1.71909098e+01
   2.47064093e+01   2.99427254e+01   2.67560746e+01   2.88490199e+01
   3.53260453e+01   3.23879630e+01   3.23589702e+01   3.45800841e+01
   3.00311951e+01   1.59981407e+01  -5.80866504e+00  -2.30731402e+01
  -4.05176481e+01  -5.11041707e+01  -5.81399588e+01  -5.66735117e+01
  -5.30898348e+01  -5.11143584e+01  -5.24401824e+01  -5.71005075e+01
  -5.81141960e+01  -5.82360484e+01  -6.18284470e+01  -5.49109992e+01
  -4.85684675e+01  -4.93689851e+01  -4.73781353e+01  -4.36966279e+01
  -3.22635205e+01  -2.97512180e+01  -2.07202016e+01  -1.87217438e+01
  -1.12860501e+01  -1.19942636e+00   3.06002018e+00   5.68785464e+00
   1.12909571e+01   9.91196909e+00   1.04202056e+01   2.11627996e+01
   2.33634051e+01   1.70185751e+01   1.48268200e+01   9.86704774e+00
  -9.82294662e-01  -2.42182712e+01  -3.71822312e+01  -3.79623037e+01
  -4.57120421e+01  -5.58275622e+01  -5.54543262e+01  -5.28834890e+01
  -4.80784245e+01  -4.89976800e+01  -4.53682170e+01  -4.52385889e+01
  -4.39498610e+01  -4.95109075e+01  -5.05290119e+01  -4.84830460e+01
  -5.01291064e+01  -4.49615646e+01  -2.81353353e+01  -1.32972926e+01
  -2.48330422e+00   6.23069018e+00   1.74877306e+01   2.03837588e+01
   1.67963013e+01   1.80755050e+01   1.93512774e+01   1.98754790e+01
   2.03830293e+01   1.81048145e+01   1.34706703e+01   1.93187964e+01
   2.18669789e+01],[ -8.17124146e-14  -8.17124146e-14  -8.17124146e-14   1.76660639e+01
   1.75330025e+01   1.73959068e+01   1.87759793e+01   1.73412219e+01
   1.52456136e+01   1.46178594e+01   1.79030368e+01   2.36165078e+01
   1.59986733e+01   1.43315081e+01   1.92505935e+01   1.70756612e+01
   1.81786935e+01   1.97897083e+01   1.78559123e+01   1.40004646e+01
   1.75988575e+01   1.98529119e+01   1.87425214e+01   1.84909985e+01
   1.34859049e+01   1.26811749e+01   1.57139560e+01   1.67674435e+01
   1.60913044e+01   1.64489250e+01   1.34473500e+01   1.01362346e+01
   1.08399570e+01   1.77836118e+01   1.92514638e+01   2.13336758e+01
   1.86831014e+01   1.40530219e+01   1.70061887e+01   1.67271663e+01
   1.63061521e+01   1.51481276e+01   1.51915667e+01   1.54248487e+01
   1.53376177e+01   1.23488355e+01   1.12294328e+01   1.59202439e+01
   1.89985206e+01   2.44048042e+01   1.32027837e+01   4.97603152e+00
   1.27152442e+01   1.70699851e+01   2.22071732e+01   2.42837314e+01
   3.31385163e+01   3.80023253e+01   3.80059915e+01   4.29576165e+01
   4.14237599e+01   4.59015148e+01   4.98672022e+01   3.85007080e+01
   3.16259235e+01   2.77093882e+01   1.47058847e+01   1.65444462e+01
   2.14126743e+01   1.62671183e+01   7.77735290e+00  -2.89837108e+00
  -9.12185959e+00   1.62176135e+00   1.18149073e+01   8.27064119e+00
   3.17378348e+00   8.91257837e+00   6.63891524e+00  -2.88094072e+00
  -2.06567768e+01  -2.39630336e+01  -1.19595507e+01  -1.29424040e+00
   5.47597467e+00   1.08128012e+01   1.98792465e+01   2.34649187e+01
   2.03814890e+01   2.31694495e+01   6.76667764e+00  -8.78223383e+00
  -1.78375257e+01  -1.87877141e+01  -8.47721798e+00  -3.53782783e+00
   4.82474655e+00   4.31713542e+00  -6.52924632e+00  -1.36991003e+01
  -8.41839669e+00  -1.01093836e+01  -1.51649285e+01  -1.35638460e+01
  -1.82677664e+01  -2.47778691e+01  -2.72209625e+01  -2.59606361e+01
  -2.68242918e+01  -2.79634173e+01  -3.31149319e+01  -3.07091166e+01
  -2.41215083e+01  -2.16196970e+01  -2.77612997e+01  -3.01504322e+01
  -2.53883188e+01  -1.66563703e+01  -1.82427592e+01  -1.81248930e+01
  -1.29873587e+01  -7.74492742e+00  -5.27805811e+00  -9.20179911e+00
   5.63546802e-01   3.38502066e+00  -7.35792506e-01   3.75329414e+00
   1.38598263e+01   1.44406823e+01   1.07262492e+01   6.72531984e+00
   5.61695832e+00   2.31259249e+01   4.03380962e+01   4.62283184e+01
   4.52468642e+01   4.93168232e+01   5.56716383e+01   6.00582556e+01
   5.48186720e+01   3.33823689e+01   1.94624368e+01   5.05603724e+00
  -4.78373717e+00  -7.00109164e+00   2.56319925e+00   2.16508910e+00
  -2.52812704e+00  -6.13560927e-01  -4.23349898e+00  -8.72256613e-01
   9.86831071e+00   1.01588244e+01   1.77923935e+01   2.35067750e+01
   1.99261587e+01   1.63305412e+01   1.52006536e+01   1.84784796e+01
   1.15987201e+01   1.81934615e+01   1.40477541e+01  -6.27578170e-01
  -4.72086985e+00  -4.08035255e+00   5.49509535e+00   1.22112436e+01
   1.63015386e+01   7.64044094e+00   2.35227523e+01   4.40299861e+01
   5.05939790e+01   5.24745088e+01   4.94340644e+01   4.62458990e+01
   3.43468826e+01   2.23257689e+01   4.17740835e+00  -6.32881364e+00
  -1.20176185e+01  -7.53750905e+00  -8.76029299e+00  -8.17789321e+00
  -4.56182849e+00  -1.24889415e+00  -6.46346921e-02   1.02713837e+01
   1.65958564e+01   1.51397963e+01   1.24453966e+01   2.90235067e-01
  -1.03335507e+01  -1.81621225e+01  -3.69602849e+01  -4.87619309e+01
  -5.28312423e+01  -5.20350489e+01  -5.86629282e+01  -5.64798896e+01
  -5.43418980e+01  -5.48073621e+01  -4.92602408e+01  -4.43476415e+01
  -3.67605585e+01  -2.29742451e+01  -1.42263428e+01  -2.16054360e-01
   5.35506258e+00   9.30924383e+00   1.00738294e+01  -1.95402043e+00
  -8.21895210e+00  -9.72209277e+00  -3.63249664e+00  -4.11902916e+00
  -9.52758659e-01   5.02681381e+00   6.96673544e+00   5.51758350e+00
   1.21179671e+01   7.33951640e+00  -8.96426717e-01   5.76219061e+00
   1.01913689e+01   9.82504678e+00   1.70555289e+01   3.05603826e+01
   3.57270415e+01   4.78454753e+01   6.11554540e+01   7.01861310e+01
   7.24317929e+01   7.46218241e+01   7.40793952e+01   7.64021463e+01
   8.34683408e+01   8.04403093e+01   7.96955401e+01   7.86130095e+01
   7.76186729e+01   6.37536628e+01   5.23241154e+01   4.65542808e+01
   3.23802238e+01   2.43533794e+01   2.42605199e+01   2.26173568e+01
   1.17920336e+01   1.72981487e+01   2.07212304e+01   1.50447090e+01
   1.40497438e+01   1.29678264e+01   1.39268394e+01   1.52901212e+01
   1.62057395e+01   1.73844288e+01   1.33354072e+01   1.60585287e+01
   1.56124475e+01],[  3.01980663e-14   3.01980663e-14   3.01980663e-14   1.49288218e+01
   1.54674160e+01   1.63052885e+01   1.53403214e+01   1.35152022e+01
   1.35681710e+01   1.35869042e+01   1.67138236e+01   2.11377345e+01
   1.41350358e+01   1.37482437e+01   1.98555416e+01   1.70151008e+01
   1.71535056e+01   1.87381612e+01   1.33230867e+01   1.25267586e+01
   1.76492428e+01   1.73306441e+01   1.67612347e+01   1.52755780e+01
   1.04582634e+01   1.19658015e+01   1.40141743e+01   1.53432546e+01
   1.64182662e+01   1.85729705e+01   1.41684393e+01   1.00618070e+01
   1.29237391e+01   1.96458226e+01   1.88758311e+01   1.89197761e+01
   2.11120354e+01   1.80180505e+01   1.54789984e+01   1.38215860e+01
   1.37527908e+01   1.49608250e+01   1.68379576e+01   1.50436648e+01
   1.69231856e+01   1.58219541e+01   1.07499652e+01   1.18407253e+01
   1.30319875e+01   4.28034047e+00  -2.57476164e+01  -6.70843469e+01
  -7.86793857e+01  -8.12693748e+01  -7.19926137e+01  -6.03521129e+01
  -4.47071321e+01  -4.10621908e+01  -4.14673736e+01  -4.06691422e+01
  -5.27948977e+01  -5.10037895e+01  -3.51480369e+01  -2.67394159e+01
  -1.47870084e+01  -1.07568346e+01  -2.79526111e+01  -3.79828869e+01
  -4.44568878e+01  -4.08117275e+01  -3.85961302e+01  -5.26531577e+01
  -7.26295341e+01  -7.68750438e+01  -7.40384135e+01  -6.76516321e+01
  -5.70672634e+01  -4.62502753e+01  -5.37743932e+01  -5.61801748e+01
  -4.93262845e+01  -4.09336285e+01  -3.17382349e+01  -3.59718677e+01
  -4.74247902e+01  -5.95973978e+01  -6.29525342e+01  -6.00272652e+01
  -5.95616124e+01  -5.25791630e+01  -6.01206589e+01  -5.58349306e+01
  -4.68601566e+01  -4.11667918e+01  -3.12323882e+01  -2.60854401e+01
  -1.47024694e+01  -5.57150990e+00  -1.21490405e+01  -1.46797932e+01
  -1.05754624e+01  -1.35079032e+01  -2.89031922e+01  -3.60845163e+01
  -4.63131347e+01  -5.42413989e+01  -5.46765188e+01  -5.31024854e+01
  -5.15533923e+01  -4.64006783e+01  -4.96547684e+01  -4.53764566e+01
  -4.03656130e+01  -4.13576810e+01  -3.93800879e+01  -4.33248876e+01
  -4.00007727e+01  -2.24550983e+01  -2.02563551e+01  -1.74072350e+01
  -1.25142294e+01  -1.30283141e+01  -1.38892754e+01  -1.73848485e+01
  -2.43177552e+01  -3.07705846e+01  -4.02421535e+01  -4.53400989e+01
  -5.62686673e+01  -6.63837270e+01  -7.19870326e+01  -6.45592301e+01
  -5.36876771e+01  -4.68444918e+01  -3.88786413e+01  -3.70125533e+01
  -3.40074319e+01  -2.82565328e+01  -2.45125989e+01  -1.25106178e+01
  -1.54874822e+00   3.63540954e-01   1.30569589e+01   5.55105517e+00
  -7.40010182e+00  -1.86782245e+01  -1.63268741e+01  -1.03014353e+01
  -8.48389128e+00  -1.19631657e+01  -1.06094807e+01  -1.29255254e+01
  -1.09607380e+01  -9.83993586e+00  -6.15797505e+00  -1.97567320e+00
   2.08527429e+00   6.96537449e+00   1.21330305e+01   1.62995971e+01
   1.40034995e+01   9.94982033e+00   2.89574225e+00  -1.46472055e+01
  -2.39044747e+01  -2.23616870e+01  -1.64533161e+01  -1.63032696e+01
  -1.23143345e+01  -1.65319172e+01  -1.81691341e+01  -1.39697657e+01
  -1.89780817e+01  -2.46383275e+01  -2.49969745e+01  -2.56246895e+01
  -3.35608863e+01  -4.13803507e+01  -5.30372521e+01  -6.20514958e+01
  -6.09502593e+01  -4.72459301e+01  -3.46912411e+01  -2.87712601e+01
  -2.93477179e+01  -2.31080317e+01  -1.13454574e+01   3.53600176e+00
   1.17582183e+00  -4.45337969e+00  -1.26496403e+01  -2.69357215e+01
  -3.93992265e+01  -4.82255717e+01  -6.77831695e+01  -7.35708839e+01
  -6.73833241e+01  -5.66398311e+01  -6.16730650e+01  -5.62558784e+01
  -5.65849447e+01  -5.60197676e+01  -5.65624379e+01  -5.87888984e+01
  -5.96702879e+01  -5.05212799e+01  -3.82840574e+01  -2.44020219e+01
  -1.68133369e+01  -6.23258131e+00  -4.02424677e-01   2.24784933e+00
   8.40150357e+00   7.21034205e+00   1.51577115e+01   9.63371720e+00
   3.15822235e+00   6.00637600e+00   1.09972264e+01   9.28898318e+00
   1.40006902e+01   1.30291866e+01   6.01875040e+00   1.07831607e+01
   1.40823481e+01   1.07494583e+01   8.76152317e+00  -3.23738584e+00
  -1.58228168e+01  -2.89392115e+01  -2.39264541e+01  -1.26810934e+01
  -6.51289519e+00  -4.37685339e+00  -4.08382406e+00   4.10869026e+00
   7.37346363e+00   4.19120285e+00   1.04436506e+01   1.02124183e+01
   9.67976004e+00   8.98884745e+00   5.92636668e+00   8.02715706e+00
   8.61273681e+00   9.79000559e+00   1.18882899e+01   1.27181160e+01
   8.52282190e+00   1.49869658e+01   1.48166802e+01   1.05279606e+01
   1.37533311e+01   1.02490482e+01   1.11934210e+01   1.39626582e+01
   1.72598039e+01   1.97495858e+01   1.69263078e+01   1.54793466e+01
   1.33952907e+01],[ -7.81597009e-14  -7.81597009e-14  -7.81597009e-14   1.22499145e+01
   1.31389759e+01   1.38837916e+01   1.12177159e+01   9.98459893e+00
   1.33182248e+01   1.47388492e+01   1.57054632e+01   1.67321603e+01
   1.24856500e+01   1.31282849e+01   1.90244427e+01   1.85039418e+01
   1.88003502e+01   2.01823388e+01   1.31549983e+01   1.25065406e+01
   1.64898417e+01   1.38831124e+01   1.28004809e+01   1.21982964e+01
   7.42520818e+00   1.01577706e+01   1.11432108e+01   1.46553854e+01
   1.49131239e+01   1.71015065e+01   1.29064773e+01   9.04141731e+00
   1.28289622e+01   1.70178207e+01   1.44701644e+01   1.36291998e+01
   1.99952023e+01   1.88118585e+01   1.27071651e+01   1.03119275e+01
   1.27292603e+01   1.37871111e+01   1.37520516e+01   1.25127660e+01
   1.64807136e+01   1.34584398e+01   7.89847504e+00   7.99959203e+00
   1.53449018e+01   2.22975993e+01   1.48591617e+01   2.82210929e+00
   1.67758371e+00   3.61945971e+00   6.84245543e+00  -2.68671728e+00
  -1.08762179e+01  -1.09618851e+01  -6.79273308e+00   1.65924927e+00
   1.00586796e+01   1.69120323e+01   2.87608018e+01   2.92315576e+01
   2.72177733e+01   2.08231912e+01   2.52568312e+01   2.32759405e+01
   2.42901234e+01   2.84399230e+01   2.76277123e+01   2.01911216e+01
   1.56744190e+01   1.33911081e+01   1.05456905e+01   1.59310100e+01
   1.21079419e+01   4.24972873e+00   7.92714781e+00   5.33001458e+00
   7.23949382e+00   6.54390308e+00   9.28173778e+00   1.01353971e+01
   3.70635277e+00  -5.06646569e+00  -4.88954064e+00  -6.89936864e+00
  -1.07644450e+01  -2.72678477e+00   2.37580590e+00   8.51822698e+00
   8.18933486e+00   6.06541829e+00   5.07239598e+00  -6.44362433e+00
  -1.43325983e+01  -1.59614971e+01  -1.94405743e+01  -1.67031147e+01
  -1.26315126e+01  -1.05924669e+01  -2.17959989e+01  -1.88983239e+01
  -4.15231202e+00   1.20710073e+01   1.41312959e+01   2.07686234e+01
   3.49125075e+01   3.86204187e+01   2.90088200e+01   2.76073428e+01
   3.32199504e+01   3.00708377e+01   2.69653468e+01   1.29340680e+01
  -5.09936167e-01   6.30123369e-01  -4.98678717e-01  -4.63026100e+00
  -1.10732421e+01  -1.16415029e+01  -1.37197348e+01  -1.65544363e+01
  -2.26822477e+01  -2.17904916e+01  -1.87682844e+01  -8.51249677e+00
  -9.28032108e+00  -1.21294936e+01  -1.38275665e+01  -1.43777858e+01
  -1.51373866e+01  -4.87098611e+00   8.60416404e+00   1.34310025e+01
   1.48742825e+01   1.62265183e+01   1.54890283e+01   1.79433020e+01
   1.62831896e+01   1.05756412e+01   7.52512787e+00   8.50693656e+00
  -1.45459110e+00  -1.58380022e+01  -2.39186437e+01  -1.90897073e+01
  -1.20417628e+01  -1.02047010e+01  -3.29493837e+00  -2.24691201e-01
   4.39938094e+00   9.10165742e+00   1.20677337e+01   6.43175062e+00
   6.15845577e+00   8.51930405e+00   1.25552602e+01   1.57740899e+01
   1.17916995e+01   6.96381719e+00   7.37300480e+00  -1.39852540e+01
  -1.91808778e+01  -1.69647870e+01  -9.61514832e+00  -7.91031523e+00
   3.97147540e-01  -1.89936475e+00  -5.16043523e+00   1.10383690e+01
   2.08442089e+01   1.90948491e+01   1.38442647e+01   1.18842273e+01
   8.01177432e+00   3.97441419e+00   2.53937333e+00   1.16355285e+01
   1.65133674e+01   1.49101225e+01   1.32719140e+01   1.33330428e+01
  -1.84651981e+00  -8.88233412e+00  -8.21272198e+00  -1.43568371e-01
  -2.70405755e+00  -7.90899991e-03   3.43574029e+00   1.22366082e+01
   2.59742298e+01   3.45299632e+01   2.23389415e+01   1.74798508e+01
   2.18262471e+01   2.37428909e+01   2.10756302e+01   1.65810288e+01
   1.29125313e+01   1.47365708e+01   1.84335658e+01   1.43650793e+01
   5.48618823e+00   6.70994484e+00  -6.03644868e-01  -4.33262672e+00
  -5.99412537e+00  -5.92120631e+00  -2.89620867e+00  -3.88953706e-01
   2.78992426e-01   3.36830529e+00   1.06551738e+01   2.76779459e-01
  -6.40324387e+00  -9.76224869e-02   5.82070522e+00   2.55808452e+00
   7.21073686e+00   1.11818398e+01   6.91451126e+00   1.16903591e+01
   1.42438983e+01   6.44236081e+00   8.15124392e+00   1.09297428e+01
   1.52287325e+01   2.04511176e+01   1.80043976e+01   1.87429274e+01
   1.54677909e+01   1.27609046e+01   1.11267382e+01   1.33417151e+01
   1.56446271e+01   1.26602517e+01   1.41946056e+01   1.12361743e+01
   8.51530802e+00   7.87109295e+00   5.98330596e+00   3.27977137e-01
  -1.01198220e+01  -1.18613297e+01  -7.79113862e+00  -7.76261868e+00
   5.79356083e-01   6.44553087e+00   7.67094451e+00   9.83400724e+00
   1.30736495e+01   7.43518287e+00   7.56471481e+00   1.20109511e+01
   1.79496614e+01   1.89650402e+01   1.90600739e+01   1.66408983e+01
   1.40714281e+01],[  3.19744231e-14   3.19744231e-14   3.19744231e-14   9.77130065e+00
   1.06827088e+01   1.13673436e+01   8.20028809e+00   8.45949859e+00
   1.46887179e+01   1.67799634e+01   1.52760118e+01   1.27492841e+01
   1.19134051e+01   1.12779657e+01   1.57780346e+01   1.95147576e+01
   2.04391324e+01   2.17972537e+01   1.75225495e+01   1.31093684e+01
   1.27117801e+01   8.47883722e+00   8.97086451e+00   1.01095720e+01
   5.39241848e+00   7.48262650e+00   7.96597777e+00   1.29097890e+01
   1.25556648e+01   1.32293170e+01   1.05343868e+01   9.19891774e+00
   1.03751183e+01   1.01664307e+01   6.96173469e+00   8.83442498e+00
   1.64282074e+01   1.62694355e+01   9.89930978e+00   7.48177095e+00
   1.09373104e+01   1.21577756e+01   8.60090295e+00   8.74841471e+00
   1.30637254e+01   7.17293462e+00   4.13702100e+00   5.43480188e+00
   9.40297454e+00   1.88675569e+01   1.50172994e+01   7.46677529e-01
  -3.26144968e+00  -1.05821627e+00   2.61493070e+00  -5.04667591e-01
  -1.70060755e+00  -1.26063254e+00  -1.88232680e+00   1.01403548e+00
   7.84111116e+00   1.63807465e-01  -7.32593923e+00  -1.20668576e+01
  -9.86337756e+00  -8.43579486e+00  -1.88448330e+01  -1.98285400e+01
  -7.44810877e+00  -1.49621916e+00  -3.20477694e+00  -1.58408228e+01
  -2.13320074e+01  -1.79142083e+01  -1.08286248e+01  -2.58625778e+00
  -2.72401856e+00  -7.33822860e-01  -1.03502658e+00  -1.08123629e+01
  -1.73543082e+01  -2.27036097e+01  -2.17368054e+01  -1.41417840e+01
  -1.71612666e+01  -2.87651152e+01  -3.73350000e+01  -3.86826856e+01
  -3.27145807e+01  -1.93080084e+01  -1.07496196e+01  -4.38034667e+00
   1.81288289e-01   1.81098849e+00   6.85151102e+00   7.30717192e+00
   1.14898513e+01   1.68595144e+01   1.32494221e+01   1.46098956e+01
   1.03890508e+01   1.42856524e+01   1.80712062e+01   1.52504460e+01
   7.67412560e+00   2.67857058e+00   8.98367226e-04   1.00350420e+00
   6.48818868e+00   9.43635505e+00   5.58225233e+00   3.10591139e+00
   1.15907539e+01   1.54956081e+01   1.77102189e+01   4.49029808e+00
  -2.76360868e+00  -1.03706890e+01  -1.14839098e+01  -9.32713873e+00
  -1.01991375e+01  -2.08069126e+00  -2.51688577e+00  -1.80320599e+00
  -1.50267401e+00  -4.49658885e+00  -9.04654210e+00  -6.18734146e+00
  -9.09788647e+00  -5.92326835e+00  -6.71999738e+00  -1.48954574e+01
  -1.89887108e+01  -5.94224222e+00   2.23251154e-01   2.99205889e+00
   1.39588862e+01   1.88689267e+01   1.41825936e+01   1.46765780e+01
   1.57743426e+01   1.15775701e+01   4.72587163e+00   1.19487566e+01
   1.24783168e+01  -7.41192267e-01  -1.42856440e+01  -2.02800441e+01
  -1.38507559e+01  -8.82519465e+00  -8.23242130e+00  -5.95104817e+00
  -5.45726695e+00  -1.35457399e+00   3.84176320e+00   2.54194862e+00
  -6.55092946e-01   6.37531910e-01   6.85165425e+00   1.11647537e+01
   6.29484065e+00   8.55804563e+00   1.28387316e+01  -1.40509521e+01
  -2.17973860e+01  -2.43007863e+01  -2.22352867e+01  -2.82083099e+01
  -2.74478487e+01  -2.83149873e+01  -1.87000436e+01  -1.40576027e+01
  -1.26054166e+01  -1.28965262e+01  -1.03533370e+01  -2.31872306e+00
   1.05884525e+01   1.47983686e+01   8.30800736e+00   5.04593796e+00
   6.15475015e+00  -1.58071189e+00  -9.65851655e+00  -1.42214532e+01
  -2.00992584e+01  -1.31070873e+01  -1.31827514e+01  -8.13857383e+00
  -8.23059519e+00  -1.09645582e+01  -8.24039008e+00  -1.06373940e+01
  -8.25771555e+00  -1.16935153e+01  -2.37475502e+01  -3.27721928e+01
  -3.53480765e+01  -3.44864280e+01  -3.14944830e+01  -3.24396704e+01
  -3.71357903e+01  -3.92972718e+01  -3.32584491e+01  -3.45186485e+01
  -4.18739833e+01  -4.37479580e+01  -5.03469565e+01  -5.25233544e+01
  -5.49371950e+01  -5.23366471e+01  -4.40825900e+01  -3.51704100e+01
  -2.75194469e+01  -1.96522541e+01  -1.47856165e+01  -1.53107751e+01
  -1.36453345e+01  -8.86039237e+00  -7.63256718e+00  -1.20396393e+01
  -4.70858495e+00   1.85689407e+00   2.79230924e+00   7.23595169e+00
   7.09080727e+00   5.48327431e+00   1.20303764e+01   1.35976166e+01
   1.57565197e+01   2.38737373e+01   3.13509146e+01   3.52298368e+01
   3.00262135e+01   2.53542484e+01   1.87307561e+01   2.08587851e+01
   1.89967646e+01   1.56573978e+01   2.29011588e+01   2.29775980e+01
   2.05391025e+01   2.08464830e+01   2.12157159e+01   2.21767873e+01
   1.86252585e+01   1.45476615e+01   1.64298947e+01   1.53945168e+01
   1.59235368e+01   1.49361430e+01   1.09005651e+01   1.04274648e+01
   1.01706257e+01   5.29527141e+00   3.44400822e+00   8.72965177e+00
   1.44602192e+01   1.59309191e+01   1.86760232e+01   1.77897903e+01
   1.54970357e+01],[ -1.06581410e-14  -1.06581410e-14  -1.06581410e-14   7.58944393e+00
   9.28595494e+00   1.04483367e+01   8.14028347e+00   9.89709503e+00
   1.73344704e+01   1.81546777e+01   1.45974695e+01   1.01797568e+01
   1.23658985e+01   1.01313900e+01   1.26786349e+01   1.82674612e+01
   2.08560258e+01   2.32287983e+01   2.28560461e+01   1.50624066e+01
   9.48599626e+00   3.46965504e+00   7.78620574e+00   8.38007530e+00
   3.93978629e+00   5.63518091e+00   5.11955572e+00   1.02141859e+01
   1.08390278e+01   1.07993310e+01   9.35248074e+00   1.03901173e+01
   7.05582676e+00   4.06341052e+00   3.32651056e+00   6.84617175e+00
   1.37097565e+01   1.44898388e+01   8.04602967e+00   6.37436614e+00
   8.06902323e+00   1.07076101e+01   6.00996998e+00   6.99653551e+00
   8.56540886e+00   2.30236087e+00   1.99970354e+00   5.23164692e+00
   8.00994863e+00   8.89950773e+00  -6.51526612e+00  -3.76750136e+01
  -4.60160569e+01  -3.17228737e+01  -2.24853340e+01  -1.33028652e+01
   7.38493801e+00   1.30570227e+01   1.54625663e+01   1.60964919e+01
   1.85276930e+01   2.06300695e+01   1.88435254e+01   1.62802272e+01
   1.48332793e+01   8.83684259e+00  -4.82431647e-01  -1.11995933e+00
   3.78585989e+00   5.61716433e+00   8.21115628e+00  -1.31422939e+00
  -1.37124717e+01  -2.20697176e+01  -2.29281242e+01  -2.64350820e+01
  -2.75096895e+01  -2.96875208e+01  -3.91790522e+01  -4.02964379e+01
  -3.39898704e+01  -2.78265165e+01  -1.98304279e+01  -8.43195051e+00
  -9.02578838e+00  -2.50373682e+00   4.61089630e+00   1.24845026e+01
   8.94220458e+00   1.50751228e+00  -4.54115973e+00  -1.09872006e+01
  -1.39441051e+01  -9.89249554e+00  -5.07141398e+00  -4.86303915e+00
  -1.29571085e+00   7.54047159e-01  -5.92836125e+00  -8.74077309e+00
  -1.35557741e+01  -1.09807978e+01  -2.20088418e+01  -2.99648182e+01
  -3.52926739e+01  -3.59369655e+01  -3.80491902e+01  -4.17466308e+01
  -4.04294262e+01  -3.79051851e+01  -4.46618261e+01  -4.74495642e+01
  -4.01122663e+01  -3.77823762e+01  -3.21813028e+01  -3.51548041e+01
  -3.13836494e+01  -3.05753261e+01  -3.68044147e+01  -2.71829714e+01
  -1.68525546e+01  -1.37100944e+01  -1.66798689e+01  -1.17186177e+01
  -1.02445404e+01  -8.40611651e+00  -1.21136429e+01  -1.65333005e+01
  -2.57375218e+01  -2.26872447e+01  -2.23160439e+01  -1.89108462e+01
  -1.17053033e+01  -1.99700560e+00   2.42338488e+00   3.64944557e+00
   1.32916311e+01   1.80488815e+01   1.44193881e+01   7.68469389e+00
   7.55417650e-01  -3.27070176e-01   2.86477437e+00   1.61464426e+00
  -1.09064001e+01  -2.04299716e+01  -1.66019718e+01  -1.40097600e+01
  -1.42524713e+01  -8.34376215e+00  -1.16336917e+01  -5.04877329e+00
   5.57546641e+00   1.27979880e+01   1.21906087e+01   3.99725489e+00
  -3.14201608e+00  -2.27763011e-01   2.41149241e-02   1.45416712e+00
   5.05829541e+00   3.25008412e+00   8.63260842e+00  -1.28905647e+01
  -1.26454882e+01  -5.73371575e+00  -1.57036112e+00  -1.08720491e+01
  -1.57830014e+01  -1.16996914e+01   3.92932137e+00   1.43873106e+01
   1.63635171e+01   1.44653488e+01   1.72240166e+01   2.11514755e+01
   1.76061954e+01   2.64119103e+00  -1.56190511e+01  -2.88429468e+01
  -2.74962477e+01  -2.34574333e+01  -1.95678609e+01  -1.46588465e+01
  -1.53650476e+01  -1.20178292e+01  -1.20816353e+01  -9.32883632e+00
  -2.36250803e+00  -1.72413643e+00   1.11951566e+01   1.45673599e+01
   8.20509533e+00   3.91605831e+00  -1.67105473e+00  -1.23275058e+01
  -1.78043809e+01  -1.54078660e+01  -1.97681171e+01  -2.72552192e+01
  -3.03306340e+01  -2.99339843e+01  -2.25593786e+01  -1.94972958e+01
  -1.22561701e+01  -2.65149607e+00   5.32637195e+00   1.44925509e+01
   1.68215340e+01   1.09008417e+01   4.26800455e+00   1.95414263e+00
  -6.20699772e+00  -1.26505122e+01  -1.76842174e+01  -1.52715941e+01
  -9.32950727e+00  -9.34481111e+00  -1.01100475e+01  -1.21649976e+01
  -8.81401518e+00  -8.17833994e-01   4.15976963e+00   4.45414970e+00
   3.38060179e-02   1.90014968e+00   6.38751289e+00  -1.40328527e+00
  -1.22995719e+01  -1.47516854e+01  -8.19738100e+00  -5.85018734e+00
  -2.28495160e+00   2.97697599e+00   4.44541372e+00   1.06224087e+01
   9.10976896e+00   8.27629153e+00   1.38116543e+01   1.26779917e+01
   8.60911443e+00   1.48401370e+01   1.73571511e+01   1.57968767e+01
   1.55844281e+01   1.75144934e+01   1.44040472e+01   8.79116439e+00
   8.37978940e+00   4.42852104e+00   3.47689814e+00   8.95273315e+00
   7.52723394e+00   5.86856701e+00   4.03766973e+00   6.29464661e+00
   9.80762580e+00   1.45728193e+01   1.77176822e+01   1.70438257e+01
   1.53003418e+01],[ -8.88178420e-15  -8.88178420e-15  -8.88178420e-15   5.75213651e+00
   9.13568144e+00   1.05060771e+01   9.29327618e+00   1.18474241e+01
   1.81814085e+01   1.74568389e+01   1.26543472e+01   9.67176824e+00
   1.17567101e+01   1.07770820e+01   1.18703538e+01   1.59476788e+01
   2.07858097e+01   2.39922487e+01   2.39927224e+01   1.54844044e+01
   7.97008839e+00   3.84494634e+00   1.03401606e+01   7.71068835e+00
   3.29755677e+00   4.55801655e+00   2.88030173e+00   8.64058429e+00
   1.03679661e+01   1.19961184e+01   1.06537571e+01   1.05988867e+01
   4.58042538e+00   2.94552752e+00   7.02321705e+00   7.65715653e+00
   1.25740342e+01   1.41797028e+01   6.69693351e+00   6.26704768e+00
   7.01232116e+00   1.03275835e+01   6.11805019e+00   6.43476170e+00
   5.83488052e+00   1.23939199e+00   2.84109391e+00   6.11904435e+00
   1.54526895e+01   1.88567566e+01   1.46816555e+00  -1.88020718e+01
  -2.42210052e+01  -2.23601116e+01  -3.44069133e+01  -3.67032746e+01
  -3.46554574e+01  -3.93334952e+01  -4.19805420e+01  -3.53950422e+01
  -2.33467145e+01  -1.89735141e+01  -1.78677870e+01  -1.81900484e+01
  -1.38653087e+01  -1.45768215e+01  -2.19951187e+01  -2.80390432e+01
  -2.62667328e+01  -2.55739747e+01  -2.36192714e+01  -2.17386007e+01
  -1.42810908e+01  -1.25728185e+01  -1.53215309e+01  -1.05065165e+01
  -4.81348638e+00  -2.05207731e+00  -1.40615731e+01  -2.65753163e+01
  -2.45951545e+01  -1.99556939e+01  -1.69966185e+01  -1.35396455e+01
  -2.84265871e+01  -2.98362890e+01  -2.73508924e+01  -2.21053519e+01
  -1.70580016e+01  -1.51573081e+01  -1.79276000e+01  -1.58702434e+01
  -9.61672355e+00  -4.27015176e+00  -3.73253717e+00  -9.05133370e+00
  -1.92744816e+01  -2.39455491e+01  -2.64276928e+01  -2.48010673e+01
  -1.69207096e+01  -1.39303829e+01  -3.08643230e+01  -3.30718088e+01
  -2.30347946e+01  -9.31297016e+00  -3.97500504e+00   1.61893028e+00
   7.29087606e+00   3.81321004e+00   5.82356168e-01   1.68568311e+00
   3.92455718e+00   3.72323120e+00  -2.69410344e+00  -5.13293770e+00
  -6.05089966e+00  -9.53140051e+00  -2.46123315e+01  -2.53922397e+01
  -1.92465997e+01  -1.58010861e+01  -1.85090271e+01  -1.61936349e+01
  -1.34101610e+01  -1.33822158e+01  -1.65536738e+01  -1.44726610e+01
  -2.03866325e+01  -2.12885325e+01  -2.34458247e+01  -2.22082172e+01
  -2.73152267e+01  -2.62327769e+01  -2.56694784e+01  -2.11020516e+01
  -2.02164579e+01  -1.94037173e+01  -1.28288858e+01  -8.22889330e+00
  -2.28872117e+00  -3.32640736e+00   1.14043886e+00   1.00000944e+01
   1.61537677e+00  -1.24354280e+01  -1.24449832e+01  -5.80725446e+00
  -9.66711969e+00  -7.18746952e+00  -1.13071677e+01  -1.67441395e+01
  -9.74026653e+00  -6.94869000e-02  -1.25629670e+00  -4.71260096e+00
  -9.26342189e+00  -1.99394218e+00  -1.60631097e+00  -1.03606589e+00
   5.53974789e+00   9.89404952e-01   8.45756783e+00   8.36051299e+00
   9.68770776e+00   9.95862639e+00   3.30438137e+00  -6.43036685e+00
  -8.32001618e+00  -1.09875045e+01  -1.14120886e+01  -1.06227866e+01
  -9.35254373e+00  -8.23073045e+00  -8.35898673e+00  -1.30624087e+01
  -1.96641332e+01  -3.64673613e+01  -4.49405181e+01  -3.05293660e+01
  -2.19332211e+01  -1.49706910e+01  -1.46728421e+01  -7.96645625e+00
  -5.85008888e+00  -7.48709077e+00  -7.95186913e+00  -2.60879966e+00
   5.43252121e+00   3.78828916e+00   5.99855101e+00   5.90727831e+00
   1.14408831e+00   3.69309409e-01  -2.93243720e+00  -1.08827801e+01
  -1.54306243e+01  -1.52967433e+01  -1.91519228e+01  -1.97842641e+01
  -1.72677620e+01  -2.25189256e+01  -1.81943083e+01  -1.60410836e+01
  -9.03403831e+00   1.40052624e+00   1.02388198e+01   1.36089038e+01
   1.83770371e+01   1.40977583e+01   5.17371267e+00   5.31202344e-01
  -9.59158079e+00  -1.22542268e+01  -1.37598302e+01  -7.94167259e+00
  -1.86312723e+00   2.42599511e+00   2.22220679e+00   1.80953774e+00
  -2.93298845e+00   2.60299859e+00   6.57823416e+00   3.10866383e+00
  -2.40440780e+00   3.90723316e-01   9.43576696e+00   1.70780212e+01
   1.31479478e+01   1.72200561e+01   1.43228612e+01   1.25160148e+01
   6.81516946e+00   5.24099600e+00   1.88762297e+00  -2.07092405e+00
  -4.59675495e+00  -2.18352760e+00   5.31449012e+00   8.90051767e+00
   7.59901371e+00   7.80698834e+00   1.35604570e+01   1.40361241e+01
   1.52845047e+01   1.69692404e+01   1.29970974e+01   7.84960544e+00
   1.34979433e+01   1.04316163e+01   6.19416168e+00   6.26290520e+00
   7.05387057e+00   8.28323119e+00   8.94438877e+00   5.25523597e+00
   6.66466764e+00   1.29786010e+01   1.69537958e+01   1.46637623e+01
   1.14693496e+01],[  5.32907052e-15   5.32907052e-15   5.32907052e-15   4.26222026e+00
   9.09594117e+00   1.01177157e+01   9.36052122e+00   1.12552175e+01
   1.57045843e+01   1.44632859e+01   1.02781648e+01   1.16174686e+01
   1.13600917e+01   1.10762503e+01   1.17790466e+01   1.47490008e+01
   1.93407284e+01   2.12353066e+01   1.90512842e+01   1.23131580e+01
   7.40787256e+00   9.38019113e+00   1.50924840e+01   9.05560121e+00
   4.43266952e+00   3.38714319e+00   1.98288317e+00   7.10829775e+00
   9.56597852e+00   1.41297924e+01   1.27122654e+01   1.00283046e+01
   4.21323502e+00   6.10813281e+00   1.22004408e+01   9.04359069e+00
   1.16396384e+01   1.20288143e+01   4.94863280e+00   7.15307592e+00
   9.18406160e+00   1.09933600e+01   7.46890634e+00   6.02478740e+00
   4.98411410e+00   2.52283066e+00   6.34990715e+00   7.89073225e+00
   1.06462910e+01   1.27600168e+01   7.11804694e+00  -1.97753703e+01
  -2.10112712e+01  -1.36471744e+01  -1.88415042e+01  -1.50526114e+01
  -1.00255802e+01  -1.42385923e+01  -1.51718841e+01  -4.53443874e+00
   5.64462987e+00   3.07152009e+00   3.60560724e+00   6.44020733e+00
   1.01456617e+01   8.58436713e+00   7.88903170e+00  -3.92632441e-01
  -7.03606043e+00  -9.69197760e+00  -1.24812160e+01  -1.71496690e+01
  -2.06141378e+01  -1.76477514e+01  -1.73384548e+01  -1.23056988e+01
  -1.16907624e+01  -1.12358002e+01  -2.39245437e+01  -3.28019608e+01
  -3.21999543e+01  -2.52758751e+01  -1.73268335e+01  -1.23840685e+01
  -2.01163951e+01  -3.01864762e+01  -3.68628589e+01  -4.26712540e+01
  -4.59656607e+01  -4.53704978e+01  -5.46407781e+01  -4.73602346e+01
  -3.73174825e+01  -4.01714930e+01  -4.01921988e+01  -3.49246780e+01
  -3.54967377e+01  -3.07696762e+01  -2.81930778e+01  -2.67785174e+01
  -2.30949256e+01  -2.52156110e+01  -3.12856753e+01  -3.01303995e+01
  -2.71732048e+01  -2.46672881e+01  -2.35947947e+01  -2.72556704e+01
  -3.50176268e+01  -3.91809267e+01  -3.65755581e+01  -2.93536471e+01
  -2.97590277e+01  -2.91589909e+01  -3.15677364e+01  -3.43138631e+01
  -3.78097640e+01  -3.43650337e+01  -3.45483712e+01  -2.92664244e+01
  -2.25038186e+01  -2.39165261e+01  -2.98463739e+01  -3.09497385e+01
  -3.12961526e+01  -3.27934618e+01  -3.92580359e+01  -3.79972722e+01
  -3.54773494e+01  -2.97363111e+01  -2.50559991e+01  -1.97592446e+01
  -1.23657970e+01  -9.16453900e+00  -8.90678450e+00  -7.25466720e+00
  -8.87380711e+00  -5.76736170e+00   6.16543336e+00   8.24103926e+00
   5.42204510e+00   3.84482500e+00   3.86010369e+00  -8.64964043e+00
  -1.99597285e+01  -3.22121342e+01  -3.13773533e+01  -2.68735315e+01
  -1.91259068e+01  -1.75817775e+01  -1.51959013e+01  -1.48291597e+01
  -4.27030973e+00   1.22450916e+01   1.96010416e+01   2.01622334e+01
   1.29434432e+01   8.72097606e+00   4.48969368e+00  -1.32921851e+00
   4.34806528e-01   3.27048845e+00   8.06131006e+00   8.59799108e+00
   5.17780496e+00   2.66713065e+00   1.33070288e+00  -2.76117395e+00
  -7.21308067e+00  -7.58438936e+00  -4.71607789e+00   9.27069599e-01
   1.13527935e+01   1.27302436e+01   2.29164546e+00  -5.48954419e+00
  -8.15575199e+00  -1.69804507e+01  -2.16316857e+01  -1.61852157e+01
  -1.95759479e+01  -2.04559919e+01  -2.34962803e+01  -2.25084772e+01
  -2.31718218e+01  -1.39126559e+01  -6.86391952e+00  -1.71101374e+00
   9.79232652e-01  -4.97755191e+00  -1.12902848e+01  -1.29260795e+01
  -9.34839792e+00  -5.60614796e+00  -1.31393508e+01  -2.45513382e+01
  -3.00553499e+01  -2.52719356e+01  -2.60659406e+01  -2.05692424e+01
  -1.44077935e+01  -1.77919379e+01  -1.72633626e+01  -1.84017453e+01
  -1.90278937e+01  -1.80003543e+01  -1.86536145e+01  -2.17613961e+01
  -1.28452002e+01  -6.31059408e+00  -4.63782585e+00   9.50125756e-01
   1.55928200e+00  -1.79829934e+00  -9.84247946e+00  -5.24310420e+00
   4.44639464e+00   1.42948262e+01   1.05548757e+01   9.86434796e+00
   2.63732460e+00   1.89984432e+00   3.89883664e+00   7.56166700e-01
  -4.45817851e+00  -2.94508114e+00   1.41434769e-01   2.63383721e-01
  -6.45039708e+00  -1.12902434e+01  -9.13825839e+00  -5.71477774e+00
   5.73204503e-01   5.32574353e-01  -1.74809414e-01   3.88160593e+00
   5.76990226e-01  -2.97310904e+00   1.20175668e+00  -3.91361261e+00
  -1.15381161e+01  -8.35873624e+00  -5.27256649e+00  -4.82459280e+00
   9.43130557e-01   4.70239847e+00   2.33605544e+00   1.70138062e+00
   9.36449244e+00   1.37929770e+01   1.13175364e+01   4.57242917e+00
   6.97152499e+00   9.60623323e+00   1.15007144e+01   5.71605022e+00
   5.50201581e+00   1.07606327e+01   1.64369374e+01   1.22291547e+01
   5.55575632e+00],[  9.23705556e-14   9.23705556e-14   9.23705556e-14   3.08643473e+00
   8.08161591e+00   9.52587307e+00   9.34150984e+00   9.23626980e+00
   1.29721042e+01   1.05894744e+01   8.81996705e+00   1.40911374e+01
   1.17408489e+01   9.09937344e+00   1.03760107e+01   1.44714575e+01
   1.51866918e+01   1.49674479e+01   1.35004211e+01   1.01112405e+01
   8.12178475e+00   1.40046581e+01   1.78633835e+01   1.01177711e+01
   5.96520120e+00   2.33825163e+00   1.73155911e+00   3.48757324e+00
   6.41774298e+00   1.30432594e+01   1.23841837e+01   8.93632101e+00
   5.48514077e+00   9.08442119e+00   1.23775042e+01   8.09061730e+00
   1.00709335e+01   8.16942024e+00   2.81068092e+00   8.42845269e+00
   1.15337570e+01   1.12594902e+01   8.79264739e+00   4.71723230e+00
   3.33657759e+00   4.16000494e+00   1.02789742e+01   1.22310054e+01
   1.61265011e+01   1.72509191e+01   1.67075953e+01   1.58710357e+00
  -1.05117955e+00  -1.60489231e+00  -2.86741197e+00  -6.25855312e+00
  -1.42695278e+01  -1.62863310e+01  -1.95083199e+01  -1.66222355e+01
  -1.56111958e+01  -1.60263495e+01  -1.60930201e+01  -1.02160724e+01
  -8.69121609e+00  -1.08669592e+01  -1.14441505e+01  -1.10468516e+01
  -9.97537979e+00  -1.22713589e+01  -1.48442763e+01  -1.20523110e+01
  -5.22428078e+00   2.91679179e+00   6.19475079e+00   9.14948019e+00
   6.99757991e+00   4.19106230e+00  -3.50342937e+00  -1.22915449e+01
  -1.83431114e+01  -1.96502051e+01  -1.21638662e+01  -1.71881094e+00
  -3.70890067e+00  -1.89991659e+01  -2.44525390e+01  -2.84336253e+01
  -3.51147255e+01  -4.47736884e+01  -5.48543727e+01  -5.11582216e+01
  -3.81629074e+01  -3.37062722e+01  -3.47491187e+01  -2.94177428e+01
  -2.85404028e+01  -2.66057597e+01  -2.13953151e+01  -2.26941927e+01
  -2.03233123e+01  -1.96734755e+01  -2.42011465e+01  -2.02607449e+01
  -1.19506482e+01  -6.86958055e+00  -7.52835079e+00  -9.84333390e+00
  -1.14617783e+01  -1.59227948e+01  -1.92580452e+01  -1.09519686e+01
  -1.30294929e+01  -8.15888269e+00  -7.28353332e+00  -1.56006749e+01
  -2.78419834e+01  -2.61878014e+01  -2.39883611e+01  -2.41515559e+01
  -2.70792998e+01  -2.73759481e+01  -2.65180121e+01  -2.96614141e+01
  -2.40836582e+01  -3.15486188e+01  -4.19434879e+01  -3.49155097e+01
  -2.53229446e+01  -2.92163437e+01  -2.68416168e+01  -2.52971308e+01
  -2.30184587e+01  -1.84992104e+01  -1.26920310e+01  -8.78855918e+00
  -1.13660580e+01  -9.85495610e+00  -5.40287217e-01  -3.50668019e+00
  -1.06050438e+01  -5.26776246e+00   1.21395349e-01  -4.96042706e+00
  -9.81742064e+00  -2.10039802e+01  -2.47386890e+01  -2.21946152e+01
  -1.52400643e+01  -1.53425987e+01  -1.96527452e+01  -2.14343692e+01
  -2.05772196e+01  -1.39760852e+01  -1.41762566e+00   5.78415867e+00
   1.37792331e+00   1.62753562e-01   5.27509549e+00   1.76636477e+00
  -2.11035477e+00   2.78663967e-01   1.45321250e+00  -4.12185327e+00
  -1.14445532e+01  -1.53115804e+01  -1.54175130e+01  -1.30195350e+01
  -1.91369887e+01  -2.41478717e+01  -2.22381413e+01  -1.35576257e+01
  -1.31538386e-01  -9.85427830e-02  -7.15036606e+00  -5.40948110e+00
  -2.17670907e-01  -3.32691697e+00  -1.26933125e+01  -2.16503915e+01
  -2.09450145e+01  -1.62707241e+01  -1.90870165e+01  -1.61638888e+01
  -1.40439867e+01  -9.88286134e+00  -4.09564865e+00  -3.08304059e+00
  -2.76394307e+00  -4.57792763e+00  -8.32271941e+00  -1.14874415e+01
   6.20411245e-01   1.14138406e+01   1.03756632e+01   1.14617328e+01
   1.15408028e+01   1.14961505e+01   5.45050358e+00   4.68349491e+00
   1.43047799e+01   1.88402057e+01   1.54207534e+01   1.34042183e+01
   1.51050843e+01   1.73690970e+01   1.30890656e+01   6.62174743e+00
   3.75004757e+00   1.16131894e+01   1.55060526e+01   1.72525208e+01
   1.25128338e+01   3.06758949e+00  -4.78468829e+00  -2.59918926e+00
   5.32873434e+00   1.38311048e+01   7.19459364e+00   7.51134134e+00
   4.02794443e+00   3.16813055e+00   7.22676488e+00   3.01327130e+00
  -1.34545432e+00  -2.22854635e+00  -1.19733248e+00   5.28394307e-01
   1.89658528e+00   4.47349334e+00   5.15314002e+00  -2.74707995e+00
   3.15315778e+00   9.73611806e+00   1.24917055e+01   1.30082858e+01
   1.12590444e+01   1.11380698e+01   9.89998807e+00   6.93123612e+00
   3.94309806e+00   8.25313093e+00   1.20070592e+01   1.55943054e+01
   2.14846993e+01   2.15733979e+01   1.06990433e+01  -1.90048294e+00
  -1.06653848e+00   4.26381960e+00   4.64683525e+00   5.11203351e+00
   6.90376564e+00   8.41147827e+00   1.00629039e+01   8.14969924e+00
   7.83582060e+00   1.18870118e+01   1.58654600e+01   9.87535705e+00
   1.23353304e+00],[ -3.73034936e-14  -3.73034936e-14  -3.73034936e-14   2.16722145e+00
   6.21112372e+00   9.48914888e+00   1.00392258e+01   7.85080102e+00
   1.17539763e+01   7.92202772e+00   7.75882634e+00   1.34726290e+01
   9.68451954e+00   6.16317924e+00   8.03683572e+00   1.33459035e+01
   9.96008717e+00   9.32473099e+00   1.21224955e+01   1.11807567e+01
   8.67084576e+00   1.38562874e+01   1.54860184e+01   7.65833468e+00
   4.74134127e+00   1.14925817e+00   5.74788026e-01  -3.17115677e-02
   2.00400964e+00   8.93498192e+00   9.49890575e+00   6.76706142e+00
   5.87948193e+00   8.79847216e+00   8.08971646e+00   4.42272174e+00
   8.36239114e+00   5.91848378e+00   7.96276838e-01   7.06464678e+00
   1.05047673e+01   1.00303375e+01   8.31618495e+00   1.95135578e+00
   1.26512699e+00   5.27280244e+00   1.10704927e+01   1.64271180e+01
   1.39451518e+01   1.07222414e+01   5.17983952e+00   4.87201114e-01
  -4.01114874e+00  -5.29771274e+00  -6.89590724e+00  -1.33309078e+01
  -2.10571501e+01  -8.40358037e+00   1.65525346e+00   6.23353059e+00
   6.26738726e+00   8.77108372e+00   4.05216571e-01   5.14495581e+00
   3.51599914e-01   1.76580157e+00   1.47436326e+01   1.56736260e+01
   1.37266085e+01   1.18439280e+01   2.81767168e+00  -4.11326736e+00
  -9.39427534e+00  -6.07616217e+00  -5.91398283e+00  -3.00835565e+00
  -4.43862954e-01  -4.69406869e+00  -1.18906030e+01  -1.78045529e+01
  -2.29124983e+01  -2.29925396e+01  -1.91950757e+01  -8.93903584e+00
  -3.02361927e+00  -1.68440743e+00   1.20214986e+00   3.17058077e+00
   2.54309676e+00   4.56276140e+00  -2.23230604e+00  -8.82622408e+00
  -1.01148629e+01  -8.32213114e+00  -6.65307532e+00   1.65684453e+00
   4.70714255e+00  -5.42463361e+00  -1.17458489e+01  -1.47366167e+01
  -1.02967572e+01  -1.34316683e+01  -2.09647894e+01  -1.67739739e+01
  -9.77568170e+00  -1.52851033e-01   4.64943403e+00   7.72839920e+00
   1.33841256e+01   3.85328663e+00  -4.71202796e+00  -1.01247025e+00
  -6.20024992e+00   1.46177828e+00   2.28235829e-01  -3.54989331e+00
  -8.39811203e+00  -1.19602583e+01  -1.93833990e+01  -2.26843482e+01
  -2.54212508e+01  -2.36794120e+01  -2.32206557e+01  -2.53818697e+01
  -2.66936065e+01  -2.92473877e+01  -2.52085533e+01  -1.50671106e+01
  -9.69931973e+00  -1.19896710e+01  -9.35783921e+00  -1.46252137e+01
  -1.35830125e+01  -6.08631872e+00  -9.67965318e-01   5.66177420e+00
   2.74914256e+00  -7.79754116e-01   6.88818928e+00   5.12638220e+00
   2.88081846e+00   4.84709540e+00   4.10734916e-01   8.45551506e+00
   7.03887131e+00  -6.40670456e+00  -1.35283772e+01  -8.53794634e+00
  -5.53805323e+00  -5.79032497e+00  -6.70910903e+00  -6.60193593e+00
   1.00882789e+00   1.86232199e+00   2.96028547e-01   5.48600072e+00
   7.43663553e+00   4.56402474e+00   1.95664435e+00   5.10229184e+00
  -2.39024598e+00  -1.25110425e+00  -8.72742285e-01  -1.75338162e+00
  -1.83565654e+00   7.17212329e-01   2.81170091e+00   3.23770130e-01
  -7.60235745e+00  -1.26730060e+01  -1.20123823e+01  -2.57645083e+00
   1.00241138e+01   1.44353428e+01   8.14987796e+00   9.54503207e+00
   1.58751536e+01   1.24132594e+01  -5.65276513e+00  -1.59374793e+01
  -2.55012028e+01  -2.56226346e+01  -2.48832558e+01  -2.61373987e+01
  -2.09998733e+01  -1.41346632e+01  -8.69778093e+00  -4.45236432e+00
  -4.40709363e+00  -3.13679042e+00  -1.48006319e+00  -3.43855621e+00
  -1.77228527e+00  -4.35719573e+00  -1.31439191e+01  -2.02793825e+01
  -2.40639341e+01  -2.23308241e+01  -2.85536059e+01  -2.81259680e+01
  -2.42431697e+01  -2.36547509e+01  -2.12269651e+01  -1.64399066e+01
  -9.15688410e+00  -1.74423501e+00  -3.09700115e+00  -6.09444413e+00
  -9.82093047e+00  -1.00065224e+01  -5.89141365e+00  -2.60849295e+00
  -4.42718734e+00  -1.46014831e+01  -1.49875989e+01  -4.78943754e+00
  -1.53499853e+00   4.48772275e+00   1.18229719e+00   3.75291486e+00
   4.82675094e+00   8.16864282e+00   1.26877289e+01   1.02271461e+01
   5.63041001e+00   3.15744281e+00   5.10578411e+00   5.67610272e+00
   1.13733977e+01   1.52222778e+01   1.58174838e+01   1.47240477e+01
   1.74159190e+01   1.61500959e+01   1.57967732e+01   1.31314405e+01
   8.79776512e+00   8.77745299e+00   9.89221192e+00   8.33468239e+00
   1.88444147e+00   2.14757725e+00   6.86795564e+00   1.43799171e+01
   1.77825837e+01   1.59521828e+01   1.22634682e+01   6.11649460e+00
   7.35830521e+00   6.86224788e+00   6.98947581e-01   5.34934802e+00
   8.03446874e+00   6.50506364e+00   8.88318097e+00   1.11295512e+01
   1.16091758e+01   1.42436180e+01   1.35118900e+01   6.82215429e+00
  -5.78508368e-01],[  3.90798505e-14   3.90798505e-14   3.90798505e-14   1.43539950e+00
   4.47236132e+00   9.27390110e+00   9.30788454e+00   6.26293926e+00
   1.04723559e+01   7.21562693e+00   5.77294798e+00   8.78709519e+00
   5.45867525e+00   4.26293857e+00   5.53609764e+00   1.11603144e+01
   6.40777862e+00   5.86037403e+00   1.09511648e+01   1.06679872e+01
   6.53654497e+00   9.91420483e+00   9.10621781e+00   2.83753363e+00
   6.55281403e-01  -5.22178971e-01  -4.01769640e-01  -2.27596301e-01
  -2.58953541e-01   5.35172520e+00   7.00798806e+00   4.78961397e+00
   4.12135989e+00   5.85545415e+00   3.04730800e+00   8.71233184e-01
   6.30311894e+00   5.41547267e+00  -1.19516004e-02   3.75916388e+00
   7.88098712e+00   7.96979737e+00   6.54889046e+00   1.77789444e+00
   2.45590772e+00   5.36432534e+00   7.60029909e+00   1.55366932e+01
   6.16358691e+00   9.79369798e-01  -4.12081232e+00  -1.15888614e+01
  -1.48737139e+01  -2.17884460e+01  -2.27161606e+01  -1.84204268e+01
  -1.96661883e+01  -2.19298976e+01  -2.32350753e+01  -2.23656424e+01
  -1.94530112e+01  -1.30505399e+01  -1.39629781e+01  -1.31181322e+01
  -1.73166804e+01  -1.05429482e+01   7.97909246e+00   8.84289997e+00
   1.26406949e+01   1.29168657e+01   2.36659059e+00  -5.70651509e+00
  -9.48590984e+00  -6.85522546e+00  -1.15738705e+01  -1.48957547e+01
  -1.08077032e+01  -1.32480128e+01  -1.71727078e+01  -1.48287619e+01
  -1.34551584e+01  -1.49995061e+01  -1.73621558e+01  -6.84332135e+00
  -2.44928059e+00  -9.96294438e+00  -1.05911399e+01  -1.31816262e+01
  -2.16449694e+01  -1.94778111e+01  -2.03340827e+01  -2.59297000e+01
  -3.48669367e+01  -2.19367956e+01  -1.62334981e+01  -1.24035217e+01
  -8.51345885e+00  -8.12795850e+00  -1.38477870e+01  -1.92310561e+01
  -1.60630369e+01  -1.83728682e+01  -1.69757041e+01  -1.23948199e+01
  -1.04926006e+01  -1.52902369e+01  -2.17681633e+01  -2.51228139e+01
  -2.50821153e+01  -2.64405362e+01  -2.22127352e+01  -2.01896245e+01
  -1.79420276e+01  -1.83511877e+01  -2.51259099e+01  -2.41426877e+01
  -2.25638348e+01  -1.83033997e+01  -2.42243731e+01  -2.72620558e+01
  -2.43748539e+01  -2.58955055e+01  -2.61691262e+01  -1.87150143e+01
  -1.71648188e+01  -1.72622845e+01  -1.70623340e+01  -1.56649555e+01
  -1.39629438e+01  -2.11918461e+01  -2.11298555e+01  -2.51634834e+01
  -2.00745366e+01  -1.19513872e+01  -9.54263586e+00  -7.86662700e+00
  -8.19135659e+00  -3.61639035e+00  -3.88835136e+00  -7.96368921e+00
  -3.66861699e+00  -9.26721028e-01  -6.26664835e+00   3.37217632e+00
   4.14659372e+00   7.15683491e-01  -2.25503821e-01  -7.50826237e+00
  -9.53599353e+00  -5.63381285e+00  -4.23827929e+00  -8.63317690e+00
  -9.18700732e+00  -4.65583878e+00  -6.71321191e+00  -3.90678122e+00
   3.71806948e+00   4.63139812e+00   1.40657895e+00   3.53980244e+00
  -2.81793894e+00   3.37325555e+00   3.15004337e+00  -4.69173871e+00
  -1.87127014e+00   3.58559253e+00   8.82495262e+00   6.49391513e+00
   4.52294363e+00   2.58120986e+00  -6.62248446e-01   1.82579244e+00
   5.99593498e+00   1.74802539e+00   7.63216966e-01   5.75996758e+00
   5.63360736e+00  -3.31495137e+00  -1.97278426e+01  -1.74641188e+01
  -9.73478293e+00  -4.50771772e+00  -1.51603436e+00  -6.70382671e+00
  -1.93365133e+01  -1.80111281e+01  -7.19728822e+00  -3.51626329e+00
  -3.32244032e+00   1.43931682e-01   7.46089890e+00   1.02812859e+01
   1.77970507e+00  -3.97697576e-01  -8.08162769e+00  -1.18955146e+01
  -1.01520741e+01  -6.86862436e+00  -4.03502147e+00  -7.41121099e+00
  -7.38767701e+00  -8.69891344e+00  -8.80137900e+00  -5.81721416e+00
  -5.41023282e-01   5.56249499e+00  -2.27447698e-01  -2.00286641e+00
  -1.11028563e+00  -6.84650899e+00  -7.19617634e+00  -2.58858298e+00
  -7.68287414e+00  -1.06089377e+01  -9.38836999e+00  -2.83043924e-01
  -3.58788999e+00  -1.48167853e+00  -9.10751126e-01   3.39206468e+00
   5.51353798e+00   8.30747449e+00   8.85350744e+00   1.02794781e+01
   7.52354772e+00   6.47592028e+00   1.05094619e+01   1.14229344e+01
   2.31729785e+01   2.81884275e+01   2.27653455e+01   6.96075218e+00
   1.26372636e+01   1.56271823e+01   1.48236754e+01   1.44232380e+01
   1.23469579e+01   1.20778679e+01   9.70312502e+00   7.77043009e+00
   5.92923257e+00   8.07781769e+00   8.14237376e+00   1.13586031e+01
   1.51140049e+01   1.46829383e+01   1.49675332e+01   1.44748046e+01
   1.17830490e+01   3.93722591e+00  -1.20236522e+00   3.15420245e+00
   8.19630351e+00   5.34920402e+00   8.68768527e+00   1.20325675e+01
   1.13641007e+01   1.29158005e+01   9.68605650e+00   4.42766561e+00
   7.63871765e-02],[  1.35003120e-13   1.35003120e-13   1.35003120e-13   8.22014161e-01
   3.53476658e+00   7.81689132e+00   5.60495779e+00   4.02792523e+00
   9.51965991e+00   7.13441529e+00   3.51621833e+00   3.47433127e+00
   2.07283830e+00   2.68083506e+00   3.23181526e+00   9.45873094e+00
   4.96621299e+00   2.60694699e+00   5.92999062e+00   6.84863418e+00
   2.83707675e+00   4.03785787e+00   2.12071228e+00  -1.42057754e-01
  -2.48322146e+00  -7.08652907e-01   9.68911653e-01   1.79992151e+00
   6.31459969e-01   3.51392588e+00   5.99905127e+00   3.85150067e+00
   2.64199903e+00   2.73502695e+00  -5.65207370e-01  -2.79139810e-01
   3.93898240e+00   4.78395975e+00   1.85709995e+00   3.64489270e+00
   7.12682621e+00   6.00482530e+00   5.11290975e+00   4.62199490e+00
   5.49392378e+00   4.46611255e+00   3.31648098e+00   1.05393165e+01
   8.99866449e+00   6.62756824e+00   8.35662776e+00   5.88831747e+00
  -3.99650847e-01  -6.90802958e+00  -1.08850147e+01  -1.02883515e+01
  -1.22241954e+01  -1.19619382e+01  -1.32684634e+01  -8.36353030e+00
  -1.75878978e+00   4.16802939e+00   6.05313503e+00  -2.93187069e+00
  -2.30415128e+00  -1.46634314e+00   2.48540730e+00  -9.23765431e-01
  -2.84661557e+00  -3.85734039e+00  -9.21122889e+00  -1.40331393e+01
  -1.31941032e+01  -7.59290165e+00  -4.59653119e+00   2.56588965e+00
   9.97129912e+00   6.61872345e+00  -2.02214723e+00  -1.46597421e+01
  -1.19586616e+01  -6.68911613e+00  -9.21984413e+00   2.01906233e+00
   5.78042588e+00  -3.68194589e+00  -4.35354691e+00  -4.55838154e+00
  -1.22018334e+01  -1.50210892e+01  -1.99583177e+01  -1.78100616e+01
  -2.00475668e+01  -2.38665773e+01  -2.53840766e+01  -2.74391911e+01
  -2.67040383e+01  -1.84494119e+01  -1.83655368e+01  -2.02319328e+01
  -1.52678107e+01  -8.00826288e+00  -2.29765948e+00   2.50235902e+00
   7.64025192e+00   1.10152470e+01   1.02915989e+01   1.49567649e+01
   2.35873007e+01   2.47947869e+01   2.05840779e+01   1.68012804e+01
   1.67073980e+01   1.27828458e+01   8.53371193e+00   8.21449162e+00
   6.96194242e+00   8.64548347e+00   4.41493935e+00  -1.79793900e+00
  -4.06173344e+00  -7.53816311e+00  -9.38298666e+00  -7.79355489e+00
  -3.43061899e+00   7.87328002e-01   5.66937434e-01   1.15443684e+00
   8.22099715e+00  -4.18728326e-01  -4.91698679e+00  -8.28810338e+00
  -1.41883952e+01  -1.00710879e+01  -4.36202872e+00   3.72536195e+00
   1.17031552e+01   1.67204343e+01   7.69709075e+00   2.03289149e+00
   2.77346310e+00   5.36191314e+00   4.28422371e+00   2.08734015e+00
   5.35977495e+00   1.23466109e+01   8.18920717e+00  -5.46338750e+00
  -1.31623343e+01  -1.53923662e+01  -8.60204310e+00  -6.03165000e+00
  -4.80685622e+00   2.84961207e+00   3.17363483e+00   2.15461194e+00
   4.22140046e+00   4.49500562e+00  -2.49778955e-01  -1.29233860e+00
  -3.55610920e+00   3.41228384e+00   6.13039790e+00   4.49031112e+00
   7.65071529e+00   1.17124996e+01   1.89226456e+01   1.87642786e+01
   1.47600480e+01   1.59969934e+01   1.60303773e+01   1.62125990e+01
   1.47934072e+01   1.13795371e+01   1.39342530e+01   1.66356196e+01
   9.02951744e+00  -8.64997708e-01  -5.80210361e+00  -4.47781115e+00
  -4.41847477e+00  -1.32231793e+00   5.70602686e+00   2.91760528e+00
  -7.56970502e+00  -7.61397722e+00  -4.54311437e+00  -6.56477408e+00
  -4.86211525e+00   7.63225802e-01   1.35683250e+01   1.95626130e+01
   1.15216142e+01   8.92983072e+00   6.29957418e+00   6.00253553e+00
   5.96037679e+00   3.63787545e+00   5.67892216e+00   2.61839009e+00
   2.57996494e+00  -6.46154779e-01  -3.41513330e+00  -5.17747184e+00
  -6.82455422e+00  -5.67644928e+00  -1.87436519e+00   3.98139064e+00
   7.98829055e+00   9.85460803e+00   5.38860026e+00   4.14855802e+00
   4.78870383e+00   1.48656075e+01   2.11157980e+01   1.71715654e+01
   5.11517846e+00   1.16351163e+00   3.00569512e+00   7.78822957e+00
   9.50964271e+00   1.01681062e+01   9.42621790e+00   9.09991273e+00
   1.26888011e+01   1.36235329e+01   1.17369081e+01   8.26647467e+00
   1.49136963e+01   2.21216099e+01   2.33792556e+01   1.82357258e+01
   2.26150603e+01   2.53258238e+01   2.49997161e+01   2.06398618e+01
   1.76189923e+01   2.02055473e+01   1.62382030e+01   1.68823980e+01
   1.07075887e+01   3.76775132e+00  -1.74908770e+00  -2.69023474e+00
   5.20703776e+00   1.48221844e+01   1.51964301e+01   1.36204193e+01
   1.14707084e+01   2.80052885e+00  -1.07277399e+00   1.14908957e+00
   5.32231510e+00   3.39243847e+00   6.81439055e+00   9.57301829e+00
   7.47601322e+00   9.49172069e+00   7.65225080e+00   4.97303402e+00
   3.52016463e+00],[ -7.99360578e-14  -7.99360578e-14  -7.99360578e-14   2.68144665e-01
   3.13973376e+00   5.51887734e+00   1.06145603e+00   2.29237210e+00
   9.79614567e+00   6.01075970e+00   3.03621712e+00   1.08548000e+00
  -1.97903019e-01   4.31768367e-02   2.30601474e+00   8.72305566e+00
   4.57142424e+00  -3.47358221e-01   1.04198553e+00   3.79639098e+00
   5.62576723e-01  -1.53658818e+00  -2.70139681e+00  -1.56383058e-01
  -2.31008950e+00   1.62832860e+00   3.52012082e+00   3.18752070e+00
   1.82183183e+00   1.48588116e+00   4.08658861e+00   3.11813133e+00
   3.82093230e+00   2.02207139e+00  -1.80730733e+00  -6.52014153e-02
   2.90983033e+00   4.14559329e+00   5.01386550e+00   6.16599533e+00
   6.25256960e+00   3.72872488e+00   3.33211896e+00   4.31127886e+00
   5.14521133e+00   3.48996326e+00   1.70780848e+00   6.03869680e+00
   9.23231593e+00   8.79240675e+00   1.67052186e+01   1.32646288e+01
   9.91312557e+00   5.19513179e+00  -3.10633939e+00  -7.20242304e+00
  -1.09069465e+01  -1.48206857e+01  -2.28214743e+01  -2.38167854e+01
  -1.93687596e+01  -1.56423482e+01  -4.99686882e+00  -1.22093065e+01
  -1.07632351e+01  -7.36629601e+00  -8.63161111e-01   1.84886626e+00
   7.36552262e+00   2.62209532e+00  -2.10766914e+00  -2.69303887e+00
  -2.28339016e+00   2.60671095e+00   1.21713491e+01   1.71360069e+01
   1.19103362e+01   4.62884554e+00  -1.60612015e+00  -1.11103241e+01
  -1.22696890e+01  -8.48870716e+00  -1.25984896e+01  -2.83056056e+00
   7.02386515e+00   1.05528102e+01   7.66860732e+00   8.91839184e-01
  -1.09157985e+01  -1.21830540e+01  -8.95092210e+00  -5.33867772e+00
  -4.67429356e+00  -2.07453268e+01  -2.70607603e+01  -2.63063346e+01
  -2.10533451e+01  -1.87095672e+01  -2.29532245e+01  -1.89817241e+01
  -1.94098085e+01  -1.60914326e+01  -1.06203770e+01   1.18366451e+00
   8.50491698e+00   1.58427539e+01   1.60855829e+01   1.89544036e+01
   2.78377759e+01   3.14932903e+01   2.65553288e+01   1.78417746e+01
   1.49781662e+01   9.56202138e+00   7.00250499e+00   7.20864850e+00
   5.85451756e+00   5.32018641e+00   5.42706667e+00   7.76684788e+00
   1.20093270e+01   7.83977469e+00   8.90115249e-01  -3.18395224e+00
  -3.74459568e+00   2.97255054e+00   6.98130110e-01  -4.46457796e+00
  -6.45461708e+00  -1.22700178e+01  -1.48672562e+01  -1.40917703e+01
  -7.95428259e+00  -3.03004428e+00  -6.72034871e+00  -3.13990395e+00
   3.89071768e+00   5.29804459e+00   2.76871751e+00  -9.32331520e-01
  -4.62698149e+00  -9.62395575e-01   2.46693973e+00  -1.16524546e+00
   9.86094537e-01   5.85246414e+00   5.59751951e+00   2.16952084e+00
  -6.51565839e+00  -1.28528051e+01  -1.39730501e+01  -1.46753348e+01
  -1.10057635e+01  -4.19988608e+00  -5.69293659e+00  -4.42762064e+00
  -3.73592987e+00  -2.50176808e+00  -6.21492578e+00  -4.50790973e+00
  -2.14975674e+00   6.91708614e+00   1.07851794e+01   1.05226503e+01
   8.82968935e+00   7.71375570e+00   1.02876896e+01   1.03752910e+01
   6.42249076e+00   3.52117894e+00   2.55435639e+00   5.75832496e+00
   3.51103548e+00   2.97254398e+00   1.94588754e+00  -1.37949890e+00
  -9.27864306e+00  -7.21891204e+00   1.51819129e+00   5.94720507e+00
  -1.57759338e+00  -1.51685343e+01  -1.62218204e+01  -1.54480413e+01
  -4.84546670e+00   3.66816064e+00  -3.15835590e+00  -1.12463489e+01
  -4.00310747e+00   6.54079223e-01   6.98328807e+00   1.19523393e+01
   1.15518601e+01   7.16186274e+00   6.42710299e+00  -1.40982754e+00
  -2.25009026e+00   2.06114766e-01  -4.63512726e+00  -2.79574864e+00
   1.35303229e+00   6.66292355e-01   2.10095864e+00   3.70938501e+00
   8.02705366e+00   9.18665572e+00   1.20692131e+01   1.68402004e+01
   1.85613993e+01   1.77142602e+01   1.24677092e+01   1.29756760e+01
   2.04787719e+01   3.42181234e+01   3.84744397e+01   2.73991518e+01
   1.32842376e+01   8.14227304e+00   1.23024637e+01   1.64262037e+01
   1.69083291e+01   1.29052457e+01   1.07613954e+01   8.65661549e+00
   1.37509684e+01   1.50310106e+01   1.14387189e+01   4.30008655e+00
   1.63118903e+00   5.25019189e-01   9.31006211e-02   1.37904508e-01
   1.70334950e+00   1.07014924e+00   1.90236703e-01  -1.22294299e+00
   5.43358969e+00   1.21897452e+01   1.34491268e+01   1.22710213e+01
   9.64443265e+00   6.51454348e+00   4.98787298e+00   2.79508931e-01
   2.52521357e+00   1.19726389e+01   6.79545293e+00   5.92050038e+00
   6.06979880e+00   4.74552904e+00   2.41740508e+00   1.24697683e+00
   2.23560927e+00   7.10224404e-01   3.55197995e+00   4.95915956e+00
   4.08002837e+00   5.88953423e+00   7.84657598e+00   7.40146124e+00
   6.70298032e+00],[ -8.88178420e-14  -8.88178420e-14  -8.88178420e-14  -2.68106291e-01
   2.58488586e+00   3.58461380e+00  -6.86633058e-01   8.36866616e-01
   8.44470337e+00   3.75133560e+00   4.54686338e+00   1.15981566e+00
  -1.24062834e+00  -2.64418715e+00   3.02368885e+00   7.31343061e+00
   4.70921581e+00  -1.23388168e+00  -1.47206335e-01   2.44590724e+00
   3.91118818e-01  -3.09377312e+00  -3.29121302e+00   4.06020928e-01
  -1.06111218e+00   2.74064752e+00   3.63622134e+00   2.81280200e+00
   8.35591739e-01  -1.60187921e+00   1.12781488e-01   2.70740113e+00
   5.94563054e+00   3.85731256e+00  -8.96893648e-01  -6.79219803e-01
   2.33356320e+00   3.64063451e+00   5.11238877e+00   5.35573609e+00
   3.08560889e+00   1.27928259e+00   1.32324799e+00   1.97771338e+00
   2.57913328e+00   2.82753472e+00   1.77666729e+00   3.62427608e+00
   3.20212685e+00  -1.69752837e+00  -1.28834734e-01  -1.19838406e+01
  -1.61397049e+01  -2.02081587e+01  -2.41354578e+01  -2.04041955e+01
  -8.58478392e+00  -3.89696739e+00  -9.32071250e+00  -1.26577920e+01
  -1.06953858e+01  -4.01315771e+00  -4.34519539e-01  -3.43232395e+00
  -4.39605780e+00  -2.45538123e+00   5.48718333e+00   2.01488407e+00
  -8.38575343e+00  -1.74666520e+01  -2.17890389e+01  -1.87874851e+01
  -1.92102458e+01  -1.20807526e+01  -5.62439173e+00  -8.47533868e+00
  -1.39224461e+01  -1.18453370e+01  -1.51986290e+01  -1.69817545e+01
  -1.11445422e+01  -7.02754119e+00  -1.46350371e+01  -1.32277719e+01
  -2.98446132e+00   4.88723997e+00   2.09442712e+00   1.26141671e+00
  -5.71064103e+00  -1.14878114e+01  -1.35831780e+01  -1.43609157e+01
  -2.05627923e+01  -2.65914446e+01  -2.32881274e+01  -2.04685867e+01
  -1.96639526e+01  -1.66971487e+01  -1.69008777e+01  -1.34968277e+01
  -1.27045427e+01  -1.39733482e+01  -1.05555231e+01   5.02955391e+00
   1.18301656e+01   1.05786835e+01   1.83865225e+00  -3.10609420e+00
  -2.37681533e+00   1.87450937e+00   1.95355386e+00  -7.31596296e+00
  -9.06522455e+00  -1.30628668e+01  -1.33741776e+01  -1.48122641e+01
  -1.60755332e+01  -1.25410952e+01  -1.26664511e+01  -1.42593901e+01
  -1.01467762e+01  -8.92244785e+00  -9.37484564e+00  -9.68273030e+00
  -6.58621914e+00   2.27708733e+00   9.45237539e-01  -6.07870912e-01
   2.13980659e+00   4.02970258e+00   6.40881919e+00   1.21820157e+01
   1.01541658e+01   1.23288416e+01   1.07271421e+01   7.72750774e+00
   1.13329771e+01   6.33854649e+00  -1.45398548e+00   5.16442822e-01
  -4.42954550e+00  -2.48315931e+00   5.91209917e-01  -2.06422542e+00
   4.44635136e-01   3.20298894e+00   7.14168696e+00   1.76188188e-01
  -8.10552642e+00  -1.30845160e+01  -1.35967588e+01  -1.58278827e+01
  -8.14412537e+00  -3.49669669e+00  -6.94199571e+00  -2.57065070e+00
  -1.62142260e+00  -1.99509061e+00  -4.54084461e+00  -4.58786248e+00
  -4.21029413e+00   4.15830685e+00   5.41034897e+00  -1.10652249e+01
  -1.82012005e+01  -1.77909687e+01  -1.74518495e+01  -1.93975680e+01
  -1.23043776e+01  -7.44539238e+00  -3.86104323e-01   2.49654711e+00
   3.02172281e+00   3.24677143e+00   9.13267707e+00   9.85921962e+00
   7.84315887e+00   6.74437179e+00   2.85712909e+00  -4.23218790e+00
  -1.61127949e+01  -2.02936913e+01  -1.75004090e+01  -1.55126640e+01
  -6.12457386e+00  -1.91444290e+00  -5.01793328e+00  -9.40905950e+00
   2.49595651e+00   1.81270512e+00  -2.16537928e+00   1.17721991e+00
   3.13184633e+00  -1.38435613e+00   5.46727891e+00   6.37110460e+00
   4.58820082e+00   1.61888761e+00  -6.23228942e+00  -4.97710466e+00
   3.74654965e+00   6.86178600e+00   9.09695126e+00   1.07698412e+01
   1.83038289e+01   2.27978549e+01   1.76969647e+01   1.19297718e+01
   1.29897054e+01   1.09033067e+01   8.40548754e+00   1.85986155e+01
   3.02863548e+01   3.91410745e+01   4.04027774e+01   2.69595126e+01
   1.45529976e+01   1.36808723e+01   2.02329167e+01   2.30285159e+01
   1.83767153e+01   8.41546532e+00   6.31141631e+00   3.97670214e+00
   6.57061584e+00   9.15484197e+00   1.00922965e+01   6.83934826e+00
   1.94064417e+00   1.63698231e+00   3.35728170e+00  -2.98694591e-02
  -1.03288840e+01  -1.53562041e+01  -1.38744266e+01  -8.95246204e+00
   1.66232342e+00   3.94718144e+00   2.21764136e+00  -4.89678840e-01
  -5.00232673e+00  -2.26304855e+00  -7.66364056e-01   9.82499393e-01
   6.50313963e+00   1.39927811e+01   1.21092029e+01   7.39213209e+00
   2.61129091e+00   4.60322015e+00   6.18340141e+00   1.32311083e+00
   8.28350583e-01  -5.16682985e-01   3.15424467e-01   3.68155961e-01
   5.46403633e-01   1.40997679e+00   7.49629718e+00   8.13029339e+00
   6.46690285e+00],[  2.84217094e-14   2.84217094e-14   2.84217094e-14  -8.07874536e-01
   1.54395293e+00   2.66213067e+00   1.13728047e+00  -6.74827685e-01
   4.01922764e+00   1.35171913e+00   5.75768713e+00   1.23936534e+00
  -1.23249448e+00  -3.96960493e+00   3.13797073e+00   4.29766004e+00
   5.20955044e+00  -6.05393476e-01  -4.38986334e-01   4.69960371e-01
   1.06476064e+00   3.91332017e-01   3.23938565e-01   7.33148377e-01
  -1.60289878e+00  -8.08070716e-01  -1.28547435e-01   1.92124962e-01
  -8.95466210e-01  -3.95929309e+00  -3.16095000e+00   2.45638070e+00
   6.14819000e+00   5.23554964e+00   7.09538682e-01  -2.32822386e+00
  -2.31585205e-01   2.09020367e+00   1.48063441e+00   1.09024278e+00
   1.83340390e+00   7.56812262e-01   9.96196821e-01   3.27964665e+00
   2.46469324e+00   1.67288139e+00   7.70815656e-01   2.11758413e+00
  -2.51126070e+00  -2.69698994e+00   7.05952143e+00   6.79572807e+00
   5.37439305e+00  -4.31012154e-01  -8.44476154e+00  -8.10606317e+00
  -2.31103014e+00   1.89023139e-02   1.90882715e+00   2.09592230e-01
  -5.61034352e+00  -5.22497469e+00  -1.95348575e+00  -1.73472445e+00
  -2.78779440e+00  -7.30365286e+00   2.06326469e+00   4.83426505e+00
   3.70207391e+00  -4.44835377e-01  -3.19873538e+00  -4.01506302e+00
  -3.90470783e+00   4.50789328e+00   1.18857585e+01   1.11049488e+01
   6.16975340e+00   1.30802835e+00   3.89277172e+00   6.06886331e-02
  -2.06045582e-01   2.34447447e+00  -7.53699114e-01  -5.80203021e-01
   5.41878456e+00   1.44132068e+01   2.13855734e+01   2.17418745e+01
   1.34015367e+01   3.10301918e+00  -3.11364077e+00  -7.32736155e+00
  -9.27283048e+00  -1.24576850e+01  -6.77935060e+00  -2.92081222e+00
  -4.24282784e+00  -4.90883342e+00  -9.56514759e+00  -9.33268519e+00
  -9.16031092e+00  -1.13138978e+01  -8.31770824e+00  -7.49712286e-01
   1.20889386e+00   2.42045255e+00   6.57003107e-01  -1.75888409e+00
   4.49103257e+00   5.97656864e+00  -1.31317321e+00  -1.08017615e+01
  -1.21018497e+01  -9.78631569e+00  -4.86443312e+00  -3.48818297e+00
  -2.35074542e+00  -3.23029746e+00  -8.54491569e+00  -1.44354493e+01
  -1.32319058e+01  -1.04826459e+01  -1.27875806e+01  -1.09602624e+01
  -9.13871230e+00  -8.16316506e+00  -7.56411770e+00  -1.03571892e+01
  -1.79222444e+01  -1.47403772e+01  -9.72429463e+00  -3.93907550e+00
  -1.45307442e+00   6.21113498e-03  -5.51731694e-01  -3.77921406e+00
  -4.65571340e+00  -5.45926636e+00  -1.43526661e+01  -1.63064022e+01
  -1.23053995e+01  -4.24420182e+00  -3.82550781e+00  -6.27809478e+00
  -2.10018806e+00   3.90304222e-01   1.80613299e+00  -3.32259100e+00
  -3.39109556e+00  -6.30098782e+00  -1.15057116e+01  -1.33005475e+01
  -8.44817050e+00  -6.22241178e+00  -7.82145586e+00  -5.05014007e+00
  -4.29701454e+00   1.49278042e-01   5.18861033e-01  -4.50173384e+00
  -6.55362915e+00  -5.72082438e+00  -8.04656185e+00  -1.51931261e+01
  -1.41277471e+01  -1.11913067e+01  -1.08532408e+01  -1.74859802e+01
  -1.98659667e+01  -2.25382021e+01  -9.42834375e+00  -3.15547311e-01
  -2.24283454e+00   1.30758820e+00   8.00559085e+00   7.13621033e+00
   1.07302107e+01   1.41058963e+01   1.77542055e+01   1.21769802e+01
  -6.74604043e-02  -6.74494108e+00  -4.67261692e+00  -5.46945334e+00
  -2.05100501e+00  -2.44523378e-01  -1.50071078e-01  -2.71241407e+00
  -2.13403401e-01  -2.13186754e+00  -5.36558290e-01   9.02290148e+00
   1.07735889e+01   5.57598871e+00   2.42215431e+01   2.70133518e+01
   1.69167432e+01   1.31095542e+01   1.32064200e+01   1.34616227e+01
   2.07596407e+01   1.97999463e+01   2.22576354e+01   2.43318888e+01
   2.49533673e+01   2.86839640e+01   3.05673304e+01   2.56790926e+01
   2.89314579e+01   2.08057062e+01   2.17827917e+01   3.31977015e+01
   3.96892494e+01   3.46798625e+01   3.48955857e+01   1.69583474e+01
   1.17572142e+01   1.52466104e+01   2.09288926e+01   2.14702018e+01
   1.39446567e+01   4.28147455e+00   4.26091658e+00   4.67067810e+00
   5.69041236e+00   4.55237964e+00  -9.98620649e-01  -2.78852297e+00
  -1.10555233e+01  -1.39018647e+01  -1.08981373e+01  -3.03890855e+00
  -8.52510532e+00  -1.14199366e+01  -9.26915513e+00  -8.85697466e+00
   1.85516624e+00   7.54440753e+00   5.28588258e+00   6.89357325e+00
   3.44610638e+00  -3.64368045e+00  -6.81195027e+00  -8.66508887e+00
  -2.46676163e+00   9.92566113e+00   1.34042112e+01   5.78414053e+00
   3.54007260e+00   3.56539181e+00   3.89477043e+00  -6.97396667e-01
  -1.13920979e+00  -9.10818399e-01  -2.77745256e+00  -3.43593383e+00
  -4.04513347e+00  -1.46952783e+00   5.48609299e+00   5.65598918e+00
   4.76693765e+00],[  4.97379915e-14   4.97379915e-14   4.97379915e-14  -1.35118943e+00
   2.63763680e-01   2.51864966e+00   3.65526598e+00  -1.16296420e+00
   7.50861273e-02  -5.43029850e-01   4.73254390e+00   6.89000368e-01
  -1.84484042e+00  -3.95483476e+00   1.22405571e+00   1.50009488e+00
   5.37275606e+00  -3.27055183e-02  -1.84539112e+00  -1.66855054e+00
   8.87180807e-01   4.07443458e+00   4.44640265e+00   2.48511127e+00
  -3.03956701e+00  -6.19634821e+00  -4.69396020e+00  -3.72074748e+00
  -5.50065158e-01  -4.08293251e+00  -3.06181196e+00   1.62299785e+00
   4.54246156e+00   4.66535394e+00   2.06137770e+00  -3.72022117e+00
  -3.52988299e+00  -3.94937019e-01  -1.28279535e+00  -1.44202842e+00
   4.58602969e+00   2.69090620e+00   1.83964846e+00   4.90628183e+00
   3.71771499e+00  -5.22412779e-02  -1.30094473e+00   4.92657135e-01
  -7.25565146e-01  -2.73272309e+00   8.89676227e+00   1.01931242e+01
   4.52917523e+00  -1.38675186e+00  -6.03569832e+00  -9.83672169e+00
  -1.05152323e+01  -1.41469455e+01  -1.84571429e+01  -1.88521950e+01
  -1.90362368e+01  -1.05245730e+01  -2.43693354e+00  -2.92297481e+00
  -1.46465675e+00  -8.88172120e+00  -1.66532031e+01  -1.72842717e+01
  -1.15122980e+01  -1.24952675e+01  -1.39922663e+01  -1.43905440e+01
  -1.00546208e+01   8.03965717e+00   1.98648524e+01   1.96279107e+01
   1.64924043e+01   1.35329371e+01   2.18079383e+01   1.49565568e+01
   1.93241554e+00  -4.18506537e+00  -8.10155377e+00  -9.19031064e+00
  -7.41290167e-01   7.80247672e+00   1.06352487e+01   8.86674774e+00
  -1.64971688e+00  -8.48625978e+00  -1.17915305e+01  -1.68610443e+01
  -1.40567187e+01  -8.56179068e+00  -4.27506806e+00  -5.78082037e+00
  -1.03840106e+01  -7.13350505e+00  -1.07717972e+01  -1.15912112e+01
  -1.70897137e+01  -1.05690515e+01  -4.88101212e+00  -4.33903458e+00
  -4.16559066e+00  -3.75305361e+00  -3.78128017e+00   4.53545930e-01
   8.29952415e+00   1.31210201e+01   1.39388528e+01   1.31339821e+01
   1.88201864e+01   1.77857015e+01   9.74884548e+00   6.14904044e+00
   4.05725204e+00   1.21570160e+00  -5.97708078e-01  -1.12580974e+00
   4.21541451e+00   3.25481759e+00  -2.96555956e+00  -1.92202104e+00
  -2.25680044e+00  -2.96919661e+00  -3.58743699e+00  -9.39253326e+00
  -1.57458326e+01  -1.02661512e+01  -3.97511264e+00  -3.12358504e+00
  -1.19296131e+01  -1.86405989e+01  -1.43179306e+01  -1.10115983e+01
  -6.38781394e+00  -2.22512542e+00  -5.90323054e+00  -1.12629255e+01
  -6.62513952e+00  -2.02437630e+00  -3.54125327e+00  -8.57702048e+00
   5.61524518e-01   1.45213182e+00  -3.42851778e+00  -9.58043525e+00
  -1.05669810e+01  -8.47821319e+00  -8.23336218e+00  -1.11462561e+01
  -1.85645390e+01  -1.70795972e+01  -1.06325514e+01  -1.11070957e+01
  -1.55768202e+01  -7.13553168e+00   4.82055860e-01  -3.20341801e+00
  -5.42364543e+00  -7.38397582e+00  -1.11201481e+01  -1.10390675e+01
  -1.12323597e+01  -1.20692072e+01  -1.35598218e+01  -1.18101460e+01
  -1.54642040e+01  -2.32395143e+01  -2.06517677e+01  -1.18762835e+01
  -9.50439108e+00  -4.26890611e+00  -5.78649469e+00  -8.90882507e+00
  -8.08375273e+00   3.16260510e+00   1.56889789e+01   1.59310838e+01
   1.28026271e+00  -9.21056980e+00  -1.10803515e+01  -1.06997436e+01
  -3.52924543e+00   4.57436078e+00   8.49072568e+00   3.32468079e+00
  -5.78378372e+00  -7.66187857e+00  -4.10838693e+00   1.82110609e+00
   6.49210827e+00   7.03678692e+00   2.90331127e+01   3.20332023e+01
   1.76334939e+01   1.22356881e+01   1.21158970e+01   1.22143390e+01
   1.46205858e+01   6.58667611e+00   3.05665660e+00   2.99047580e+00
   4.48435271e+00   9.44843923e+00   1.34603091e+01   9.24503167e+00
   6.29699150e+00   2.02768448e+00   8.03361853e+00   2.17177720e+01
   2.34139152e+01   1.68516129e+01   1.98311316e+01   7.98640318e+00
   7.56982255e+00   1.27551492e+01   1.53853241e+01   1.36907114e+01
   9.95512480e+00   3.63575381e+00   1.03192785e+00   6.62320206e+00
   6.36607792e+00   2.76116684e+00  -5.13010128e+00  -2.53926352e+00
  -6.62655470e+00  -1.02028911e+01  -8.36820231e+00  -7.67472044e+00
  -4.91936122e+00  -2.97739899e+00  -4.82034118e+00  -4.35076757e+00
   5.58844073e+00   8.45625535e+00   5.71331147e+00   5.24354820e+00
   3.53561892e+00   8.50623311e-01   1.20398496e+00  -2.09768631e+00
  -9.58885547e-01   3.62881024e+00   1.74673597e+00  -1.55471282e-01
   2.89768949e+00  -1.01063189e+00  -1.40995793e+00  -2.43547353e+00
  -3.31147922e+00  -1.23359802e+00  -4.04366274e+00  -5.75718304e+00
  -6.28225026e+00  -1.88158712e+00   2.04604592e+00   1.77997801e+00
   3.63315309e+00]