[-766.09845996 -747.11047101 -716.48538218 -621.09620488 -530.0094841
 -488.79208942 -471.09584516 -462.97231103 -469.13370478 -474.93378599
 -466.41557738 -451.50269756 -450.20787192 -432.77092982 -426.80899366
 -422.50378708 -424.39878924 -421.56429021 -420.81105645 -428.16027954
 -432.37615334 -453.5007231  -480.23817097 -478.5488593  -485.70163044
 -481.32382041 -446.40463079 -430.54567157 -426.80598953 -422.40970671
 -421.9025089  -421.07746837 -414.08192806 -408.18640808 -411.32260324
 -424.68398452 -460.65031626 -498.2870838  -518.08818969 -526.6791397
 -534.77800183 -510.92791512 -478.74276599 -461.21434159 -455.94575902
 -451.42014532 -446.95355505 -440.25567362 -437.68179249 -423.84347597
 -409.79860654 -411.63255603 -435.58356558 -465.40681258 -447.64424048
 -411.19113746 -406.78454885 -409.68500644 -418.53872847 -447.40470005
 -473.86986325 -489.70493048 -506.67928218 -520.78656203 -487.2038537
 -442.93165652 -428.44321071 -420.7035909  -408.60185268 -411.44495941
 -426.06724132 -439.27961599 -431.52356355 -430.03357865 -431.62680935
 -433.34597405 -432.15694023 -433.98273947 -424.184672   -411.7474231
 -397.21875985 -384.18416445 -385.56179887 -395.66972541 -385.65706313
 -361.78102761 -357.24612442 -368.97421607 -389.81337629 -411.46067938
 -425.4085216  -442.04458509 -461.32540251 -468.47980229 -454.16186761
 -433.29075862 -418.70297213 -409.08422385 -412.45130344 -393.81858214
 -387.30177599 -396.14849383 -403.96318931 -412.15625554 -431.92314491
 -440.66162977 -432.76604035 -427.11367162 -419.73142038 -410.20803787
 -404.2033065  -403.18885588 -412.72213904 -435.89925143 -483.5572254
 -512.79930467 -522.80600864 -525.67966651 -506.94706245 -460.44657666
 -437.28425237 -446.25057818 -452.58547183 -458.32581862 -460.88663314
 -463.44335703 -471.69104815 -479.54506423 -483.0493037  -484.89921199
 -480.18570158 -464.89762079 -445.80691529 -413.59346838 -400.57813378
 -400.02087439 -409.13690041 -421.20411653 -423.65214489 -439.48199265
 -471.10125005 -494.478286   -492.5736338  -455.98555022 -422.63358895
 -415.71860898 -419.46915669 -431.98539031 -455.91277319 -497.84233661
 -531.03518292 -548.69587908 -571.41735658 -580.90910347 -575.44405824
 -550.78549277 -487.84255615 -458.33119291 -441.6742353  -437.09773597
 -428.26487947 -409.47734797 -394.11893525 -391.1291707  -398.81322882
 -408.45770884 -408.83172242 -415.32355336 -426.38462752 -431.06229993
 -428.21998512 -430.35196623 -426.42093524 -414.52830176 -403.66047453
 -389.4632409  -369.46720513 -346.39107187 -332.76694714 -323.6353091
 -317.2233744  -319.40686445 -336.97352266 -357.35137558 -379.62355538
 -400.32854395 -425.52462179 -449.37952642 -464.08267409 -487.98818013
 -504.60254243 -506.00947446 -496.78413628 -482.35581408 -459.70840769
 -430.23261852 -417.73628196 -425.23906885 -435.13932675 -435.82496679
 -434.64454513 -438.25655933 -435.70884178 -448.13641808 -444.34826287
 -426.95236864 -418.98776841 -425.8588024  -442.77244838 -443.06138519
 -435.85208858 -436.80296075 -442.34834118 -445.89815443 -444.12437172
 -451.4457732  -456.85471318 -451.95105105 -439.31014804 -420.2845183
 -390.10597155 -373.38182045 -372.14283609 -363.83699408 -352.02072384
 -354.17825239 -362.20514531 -372.29625646 -382.7197325  -389.00749499
 -389.51094602 -394.40218558 -392.6772888  -395.86534    -404.89971533
 -414.73903955 -423.96193444 -437.14477063 -457.43467906 -478.06058662
 -472.82030211 -425.43149202 -415.70536191 -446.02511328 -479.02142873
 -504.38455045 -513.72410816 -516.4874508  -498.69065041 -453.33925242
 -438.28741527 -445.08196383 -453.40845522 -464.16384324 -482.89565601
 -490.6721229  -498.76893974 -504.54758595 -482.86812328 -454.18054099
 -450.07856078],[  2.15923339e-01   5.82746117e+00   1.08629454e+01   6.74078130e+01
   8.97665629e+01   9.05828404e+01   8.80792436e+01   9.38701903e+01
   8.88068100e+01   8.18517154e+01   9.89412409e+01   1.34069401e+02
   1.53384812e+02   1.88885538e+02   2.08619159e+02   2.15783480e+02
   2.17599906e+02   2.25878416e+02   2.27867912e+02   2.24536892e+02
   2.25089619e+02   2.16172371e+02   1.95662165e+02   1.92230184e+02
   1.86754891e+02   1.86437761e+02   2.04888255e+02   2.10080982e+02
   2.09951371e+02   2.11516338e+02   2.11767178e+02   2.10973144e+02
   2.11900511e+02   2.09622909e+02   2.08218932e+02   2.10044235e+02
   2.04734870e+02   1.80032601e+02   1.66778867e+02   1.67835051e+02
   1.57853248e+02   1.42583563e+02   1.52634852e+02   1.76087924e+02
   1.85288474e+02   1.88321312e+02   1.93720701e+02   2.08314065e+02
   2.16040364e+02   2.12148799e+02   2.10985181e+02   2.05928384e+02
   1.98684031e+02   1.85581012e+02   1.78486776e+02   1.88417023e+02
   1.88715332e+02   1.80270837e+02   1.76954618e+02   1.81214528e+02
   1.93629338e+02   1.85903741e+02   1.70004587e+02   1.45276437e+02
   1.39713853e+02   1.49577675e+02   1.55397863e+02   1.48494210e+02
   1.50176002e+02   1.55573530e+02   1.61791377e+02   1.75736571e+02
   2.08045074e+02   2.22317318e+02   2.22228554e+02   2.19672780e+02
   2.20801520e+02   2.16257979e+02   2.17027111e+02   2.13975999e+02
   2.07716432e+02   1.97325218e+02   1.93457371e+02   1.76593197e+02
   1.39671231e+02   1.02349770e+02   7.45604333e+01   5.13909916e+01
   2.86177373e+01   1.21883663e+01   1.78260901e+01   3.56133399e+01
   4.81347777e+01   4.82545258e+01   3.63541894e+01   2.50715000e+01
   2.24203128e+01   3.12354912e+01   4.60854415e+01   9.99357559e+01
   1.41349020e+02   1.63300461e+02   1.81039655e+02   1.89429192e+02
   1.85392257e+02   1.89154378e+02   1.99527964e+02   2.02801784e+02
   2.01884960e+02   2.07121637e+02   2.10057406e+02   2.11745087e+02
   2.13518372e+02   2.10747431e+02   1.87493350e+02   1.68665569e+02
   1.57231034e+02   1.41538935e+02   1.18685585e+02   1.00970863e+02
   8.67956052e+01   7.17490718e+01   6.34409542e+01   5.17946135e+01
   4.98654554e+01   5.19938517e+01   4.45035324e+01   3.43388596e+01
   2.99775877e+01   2.74913641e+01   3.03855216e+01   4.02078166e+01
   7.07424283e+01   1.36299195e+02   1.78172480e+02   1.95186770e+02
   2.08537523e+02   2.09552139e+02   2.08655229e+02   2.09323376e+02
   2.02017681e+02   1.91281930e+02   1.78249445e+02   1.72276400e+02
   1.79357816e+02   1.84151639e+02   1.86807923e+02   1.90549634e+02
   1.89996107e+02   1.67000098e+02   1.48335872e+02   1.44340191e+02
   1.36063928e+02   1.27794786e+02   1.16311989e+02   1.12167479e+02
   1.25663323e+02   1.32604504e+02   1.59707317e+02   1.80020684e+02
   1.73002526e+02   1.49012178e+02   1.06327505e+02   6.21778228e+01
   3.46546377e+01   1.89919104e+01   5.79284578e+00  -7.41366131e+00
  -2.31258484e+01  -2.57887545e+01  -1.93512159e+01  -2.61640189e+01
  -2.93612151e+01  -1.98264190e+01  -8.48823859e+00  -8.00331547e-02
   1.68935636e+01   6.46928414e+01   1.21986602e+02   1.61280235e+02
   1.78784547e+02   1.82425331e+02   1.70441781e+02   1.70919736e+02
   1.80429280e+02   1.81504472e+02   1.77346913e+02   1.70996969e+02
   1.70721204e+02   1.50416776e+02   1.30640658e+02   1.20307018e+02
   1.06154829e+02   7.52435773e+01   4.60589358e+01   2.75503380e+01
   1.36091096e+01   1.28431882e+00  -1.86504188e-01   1.13630314e+01
   1.82557551e+01   1.93756892e+01   2.70947872e+01   3.00981899e+01
   7.05318403e+01   1.26955352e+02   1.56124597e+02   1.69336997e+02
   1.64790212e+02   1.65002592e+02   1.74070882e+02   1.72760264e+02
   1.65391171e+02   1.61430974e+02   1.69616686e+02   1.66916949e+02
   1.67700941e+02   1.74410352e+02   1.89488583e+02   2.02705108e+02
   2.07401812e+02   2.02716635e+02   1.98124176e+02   1.91084610e+02
   1.83962623e+02   1.75410070e+02   1.74546033e+02   1.80012641e+02
   1.85572670e+02   1.87657250e+02   1.83820492e+02   1.64862407e+02
   1.21897021e+02   9.36322637e+01   8.01791133e+01   6.76186968e+01
   6.16253901e+01   6.52943771e+01   7.87434542e+01   9.18576075e+01
   9.35547200e+01   7.96900941e+01   7.48418322e+01   8.94525150e+01
   1.05714707e+02   8.99442353e+01   7.82912562e+01   7.12388463e+01
   7.18538143e+01   8.97924842e+01   1.06583658e+02   1.12794288e+02
   1.16437233e+02   1.09504190e+02   9.90855805e+01   9.05945216e+01
   8.84715166e+01   8.94688381e+01   1.05528846e+02   1.26382712e+02
   1.30877190e+02],[  9.88392673e-02  -9.48294181e+00  -1.91572403e+01  -4.10670574e+00
  -3.21641896e+01  -5.54293182e+01  -6.58045250e+01  -6.32690143e+01
  -6.10674847e+01  -5.61753590e+01  -4.45483543e+01  -2.82528647e+01
  -2.52746553e+01  -1.81064158e+01  -1.13677035e+01  -5.78103271e+00
   2.23423029e-01   1.72063367e+00   5.71703451e-01  -1.70746886e-02
   1.04058979e+00   6.88366447e+00   8.23955477e+00   3.67027598e+00
   4.88338376e+00   3.59336310e+00   3.25406940e-01  -1.97487419e+00
  -5.54498842e+00  -6.51598941e+00  -4.74474241e+00  -3.34953860e+00
  -8.53233485e+00  -1.93042206e+01  -1.68108532e+01  -3.70899025e+00
   1.61654227e+01   1.18411994e+01   5.73951095e+00   8.20972235e+00
   3.58254526e+00  -1.00250655e+01  -1.58477542e+01  -3.26160301e+00
   9.41295426e+00   2.05672803e+01   2.66798858e+01   2.76190870e+01
   2.96009217e+01   1.27662960e+01  -1.17217152e+00  -7.78582982e+00
  -3.37152102e+00  -6.61610599e-01  -1.73449276e+01  -3.14913001e+01
  -3.41402600e+01  -3.35640807e+01  -2.66371650e+01  -5.16910958e+00
   2.07202653e+01   2.39620828e+01   1.93566230e+01   1.47121178e+01
  -1.00299755e+01  -2.46173289e+01  -2.80001572e+01  -4.52892751e+01
  -5.21163230e+01  -5.08386325e+01  -4.17682191e+01  -1.87750317e+01
   5.42292384e+00   1.33242385e+01   1.33736846e+01   1.13368057e+01
   9.55793950e+00   8.34029528e+00   1.34812195e+00  -1.12137156e+01
  -1.95623344e+01  -2.37424419e+01  -1.62162360e+01  -1.31589156e+01
  -3.58712762e+01  -6.09658879e+01  -6.91804719e+01  -7.29977318e+01
  -7.54246081e+01  -7.11728192e+01  -6.56501998e+01  -5.45218094e+01
  -4.84098022e+01  -5.09605826e+01  -5.64647997e+01  -6.26163621e+01
  -7.13287623e+01  -8.09361404e+01  -8.59477796e+01  -6.31429223e+01
  -4.64920029e+01  -3.55505652e+01  -2.12780861e+01  -1.14234476e+01
  -1.02308950e+01  -4.58818504e+00   4.04951288e-01   1.91451416e+00
  -2.55791655e+00  -9.44089444e+00  -1.56501707e+01  -1.88933168e+01
  -1.58524589e+01  -3.65375481e+00   7.87774976e+00   6.48330414e+00
   6.57638489e+00   1.12220852e+01   3.05380510e+00  -1.17509964e+01
  -1.31157532e+01  -1.38053291e+01  -1.10169594e+01  -1.96776667e+01
  -2.50014432e+01  -2.14442110e+01  -1.91459555e+01  -2.53534482e+01
  -3.37093552e+01  -3.64787943e+01  -3.34037143e+01  -2.80085515e+01
  -1.52892497e+01  -8.21484785e-02   1.74095382e+00   4.50602596e-01
   9.60219444e-01   6.74425062e+00   1.33934902e+01   1.85507783e+01
   2.07786506e+01   2.08352696e+01   6.76586627e+00  -2.03425162e+01
  -3.81290859e+01  -3.67707580e+01  -3.08350703e+01  -2.27951001e+01
  -1.21075328e+01  -4.70800686e+00  -5.19749766e+00  -3.55742063e+00
  -1.85985584e+00  -3.94332789e+00  -1.17294781e+01  -2.06702336e+01
  -2.98045139e+01  -3.61501664e+01  -1.90674475e+01   8.43807550e-01
  -1.94597113e+00  -1.69941448e+01  -4.58017797e+01  -7.51249331e+01
  -8.48007074e+01  -8.02759456e+01  -8.17755344e+01  -8.53456659e+01
  -8.38382998e+01  -7.33345830e+01  -6.54916895e+01  -6.61783368e+01
  -7.26085420e+01  -7.35992218e+01  -7.14780375e+01  -7.91839807e+01
  -9.39321205e+01  -8.06682559e+01  -5.73262385e+01  -5.08797922e+01
  -5.89283198e+01  -6.42752680e+01  -6.12014109e+01  -5.43430315e+01
  -4.21472566e+01  -3.63478280e+01  -2.87530137e+01  -2.50699347e+01
  -2.30839421e+01  -2.13338418e+01  -2.31066826e+01  -2.82371633e+01
  -2.84112723e+01  -3.85869536e+01  -4.71403146e+01  -5.14014193e+01
  -5.38108429e+01  -5.40072471e+01  -4.84681941e+01  -3.88471661e+01
  -3.44381590e+01  -3.79952168e+01  -4.64189761e+01  -5.63619994e+01
  -3.50565095e+01  -3.98786608e+00   6.08661127e+00   6.75541321e+00
   9.49957886e-02   2.49211745e+00   6.99193583e+00   5.65364613e+00
   3.93300305e+00   2.88242618e+00   9.54590358e+00   9.83590566e+00
   1.54221350e+01   2.33708910e+01   2.45364121e+01   1.40857250e+01
  -1.11840491e+01  -3.30090916e+01  -4.59249716e+01  -6.30375722e+01
  -8.02924656e+01  -8.41643406e+01  -8.19036253e+01  -7.78673790e+01
  -7.18798904e+01  -6.19356401e+01  -5.50677814e+01  -5.28335002e+01
  -6.31238221e+01  -7.32428626e+01  -7.48086289e+01  -7.08555358e+01
  -6.69993456e+01  -6.87669749e+01  -6.31119324e+01  -5.32516679e+01
  -6.01695372e+01  -9.16506888e+01  -9.44498476e+01  -7.09711109e+01
  -4.45011043e+01  -4.51983298e+01  -5.54477763e+01  -5.78039103e+01
  -4.47022286e+01  -2.19367783e+01  -6.04149916e+00   1.30152901e+00
  -1.84890043e+00  -1.58826428e+01  -2.12991413e+01  -3.20258521e+01
  -3.60172379e+01  -2.44282741e+01  -1.16180322e+01  -1.20201449e+00
   4.84637524e+00],[  4.53655576e-02  -1.95180121e-01   6.76197144e+00   4.79133732e+01
   7.45644924e+01   8.35736310e+01   8.46516703e+01   7.74967055e+01
   8.04917658e+01   8.60619440e+01   8.36233533e+01   7.12848699e+01
   5.22194209e+01   2.44106284e+01   9.42896845e+00   1.04732455e+01
   1.33694288e+01   9.90430441e+00   1.08362906e+01   7.48038066e+00
   4.69089888e+00   8.75825579e+00   1.18960861e+01   9.07941656e+00
   1.09374323e+01   3.87098377e+00   1.56062146e+00   2.07535630e+00
  -4.26227757e+00  -5.59163395e+00   2.25029459e+00   6.16428136e+00
   2.89074789e+00  -1.97151953e+00   3.07511026e+00   9.25140057e+00
   1.69535114e+01   1.49306318e+01   1.40557974e+01   7.53077477e+00
   5.08227430e+00   2.83120319e+01   4.00959554e+01   4.73075707e+01
   5.14426359e+01   5.61435433e+01   5.84479678e+01   4.26727415e+01
   3.10727502e+01   2.77975134e+01   2.77300021e+01   2.95757854e+01
   2.61491666e+01   2.61744462e+01   4.09339166e+01   4.71543164e+01
   5.38213812e+01   6.61530205e+01   6.99452735e+01   6.78487214e+01
   5.79035941e+01   5.09480503e+01   4.46061162e+01   5.04622546e+01
   3.65277079e+01   2.95244536e+01   2.84133961e+01   2.47404897e+01
   2.52713151e+01   2.19099768e+01   1.83751894e+01   3.18251301e+01
   3.52186883e+01   2.99453453e+01   2.94643809e+01   2.90939936e+01
   2.45754796e+01   2.35686602e+01   1.95482046e+01   2.07849780e+01
   1.94997233e+01   2.29572828e+01   2.83195958e+01   4.33350893e+01
   7.39252515e+01   1.02174894e+02   1.17205295e+02   1.21605450e+02
   1.25971700e+02   1.25387844e+02   1.15001083e+02   1.11113529e+02
   1.00152784e+02   9.70574488e+01   1.13188532e+02   1.29469604e+02
   1.32743758e+02   1.27101334e+02   1.17802723e+02   1.08589941e+02
   9.34341773e+01   7.54486915e+01   6.20619764e+01   5.68624818e+01
   5.37300605e+01   5.23044808e+01   4.98905720e+01   4.92110779e+01
   5.00049900e+01   4.01869753e+01   3.13855002e+01   2.97505409e+01
   2.54897931e+01   2.28908915e+01   2.30573412e+01   2.07999339e+01
   2.24036713e+01   2.14092059e+01   3.72938867e+01   5.88858130e+01
   7.32851225e+01   7.18208410e+01   7.33918131e+01   7.32378338e+01
   6.40578154e+01   6.31360211e+01   6.27343196e+01   5.84137559e+01
   5.19182822e+01   5.41632790e+01   6.11689950e+01   6.60422345e+01
   7.42649841e+01   6.25538902e+01   4.79701696e+01   3.82406662e+01
   3.20886482e+01   3.38951510e+01   3.76650970e+01   3.45347649e+01
   2.95480204e+01   2.47868814e+01   3.42732856e+01   5.31313563e+01
   6.04958894e+01   6.31270762e+01   6.34373680e+01   6.39643221e+01
   5.27721961e+01   4.61812442e+01   4.33446489e+01   3.11113569e+01
   2.25726446e+01   2.00936688e+01   2.68240882e+01   3.68927831e+01
   5.07912119e+01   4.95212708e+01   4.97465290e+01   4.52415522e+01
   4.90540582e+01   6.93533828e+01   1.02227116e+02   1.12719563e+02
   1.21486962e+02   1.32524562e+02   1.43526412e+02   1.52605851e+02
   1.67758679e+02   1.77742093e+02   1.79526373e+02   1.81695451e+02
   1.71175152e+02   1.59636645e+02   1.52783234e+02   1.42329863e+02
   1.26589093e+02   1.22327850e+02   1.06829800e+02   7.72426730e+01
   6.36813718e+01   6.65686817e+01   7.31544391e+01   6.73340229e+01
   5.82008290e+01   5.48837040e+01   5.09926875e+01   4.68304356e+01
   4.36807813e+01   4.37131576e+01   3.55948423e+01   3.12015942e+01
   3.01030255e+01   3.17429775e+01   4.58794247e+01   5.37531753e+01
   6.15187579e+01   6.37440586e+01   6.59557017e+01   5.70256339e+01
   5.69326267e+01   5.88287626e+01   5.36234704e+01   4.57484396e+01
   4.83228585e+01   5.46421843e+01   5.50042290e+01   5.36459615e+01
   6.52130976e+01   7.18391380e+01   7.47039315e+01   7.50923628e+01
   8.15149751e+01   8.59507850e+01   8.74233133e+01   8.95132859e+01
   8.95298485e+01   8.74461040e+01   7.41829947e+01   5.40371328e+01
   4.27563193e+01   3.67318761e+01   3.50028046e+01   3.61886998e+01
   3.64175252e+01   4.01316079e+01   3.74837366e+01   2.94428709e+01
   2.68239064e+01   2.27001886e+01   3.13598531e+01   5.89361015e+01
   9.99485027e+01   1.06592524e+02   1.00865418e+02   1.02733973e+02
   1.06477083e+02   9.24473613e+01   7.67797664e+01   5.82801669e+01
   5.70684883e+01   7.90589380e+01   8.38333895e+01   6.63110172e+01
   5.24594264e+01   5.73752393e+01   5.97426080e+01   6.13840033e+01
   7.13897713e+01   8.44712267e+01   8.83005890e+01   9.25279876e+01
   9.03255901e+01   7.82570690e+01   7.58615144e+01   7.61708279e+01
   7.43127153e+01   8.09101076e+01   8.87649107e+01   9.63331446e+01
   9.85798843e+01],[  2.62161591e-02  -2.94109862e+00  -8.62407039e+00   1.95407818e+00
  -9.95568144e-01  -5.12024255e+00  -1.13474914e+01  -1.88808123e+01
  -1.74907267e+01  -2.86866555e+01  -3.78454360e+01  -3.95342906e+01
  -3.61291154e+01  -4.48459836e+01  -4.19214746e+01  -3.89779827e+01
  -3.74453974e+01  -3.71391876e+01  -3.35745412e+01  -3.46162528e+01
  -3.48183095e+01  -2.76451046e+01  -2.50152148e+01  -2.80940647e+01
  -2.67308530e+01  -4.05041982e+01  -4.68637354e+01  -4.71152710e+01
  -4.93808237e+01  -5.45436391e+01  -4.99965357e+01  -5.45776848e+01
  -6.28608147e+01  -6.55382526e+01  -6.43186497e+01  -5.91377402e+01
  -4.32311688e+01  -3.48168186e+01  -2.75533021e+01  -2.81077119e+01
  -2.88487752e+01  -2.75343906e+01  -2.51852800e+01  -2.31055483e+01
  -2.96638328e+01  -4.24655565e+01  -4.73303385e+01  -5.34840154e+01
  -5.58603140e+01  -5.48597316e+01  -4.91018572e+01  -3.89800289e+01
  -2.88524116e+01  -1.09962975e+01   7.79436087e+00   5.90296057e+00
   1.15762919e+01   1.82056845e+01   1.41484224e+01   1.54978407e+01
   1.33983601e+01   1.05150136e+01   1.20650861e+01   1.22213322e+01
  -7.18664325e+00  -3.37557941e+01  -4.61664318e+01  -5.42647509e+01
  -6.02651620e+01  -6.30211068e+01  -5.93951636e+01  -4.30174445e+01
  -4.45356904e+01  -4.06104215e+01  -3.39682256e+01  -3.37180479e+01
  -3.61562443e+01  -3.99004468e+01  -4.73945788e+01  -4.73143325e+01
  -5.05916100e+01  -5.23793644e+01  -5.22072483e+01  -4.60732818e+01
  -3.55128621e+01  -3.83769490e+01  -4.96645311e+01  -5.49245505e+01
  -5.36520039e+01  -6.43400887e+01  -6.93092187e+01  -5.81195083e+01
  -4.85020213e+01  -4.09901372e+01  -4.62233870e+01  -5.30956377e+01
  -5.60111914e+01  -5.37460983e+01  -3.85499834e+01  -1.95926868e+01
  -1.55539062e+01  -1.42565677e+01  -1.95441453e+01  -2.76558491e+01
  -2.55866543e+01  -2.67471087e+01  -3.32044751e+01  -3.74979123e+01
  -3.92701819e+01  -4.13612575e+01  -4.13465949e+01  -3.56364985e+01
  -3.13510104e+01  -2.89794327e+01  -2.12900258e+01  -1.42556902e+01
  -1.33360884e+01  -2.01224501e+01  -3.01337539e+01  -4.36809941e+01
  -4.44939106e+01  -4.02635298e+01  -4.47846016e+01  -4.86619706e+01
  -5.44920610e+01  -5.10225088e+01  -4.88467069e+01  -4.67394635e+01
  -4.75568236e+01  -4.65517615e+01  -4.72598286e+01  -5.02075275e+01
  -3.97409100e+01  -3.11780921e+01  -2.49226530e+01  -2.58315700e+01
  -2.78988367e+01  -3.11590492e+01  -4.12455554e+01  -4.09041025e+01
  -2.35585403e+01  -1.26851805e+01  -2.30955744e+00   6.62361331e+00
   1.34917607e+01   1.22103929e+01   1.33231785e+01   2.73150884e+01
   2.83588350e+01   2.23814907e+01   3.16015451e+01   2.65787165e+01
   3.03426229e+01   2.69182479e+01   1.91789544e+01   6.25637705e+00
  -1.90467639e+01  -2.31639406e+01  -2.12893776e+01  -2.37384961e+01
  -2.49928467e+01  -2.18078195e+01  -1.01309645e+01  -1.51810055e+01
  -1.73329062e+01  -2.10990440e+01  -2.05825674e+01  -2.21954334e+01
  -1.87047477e+01  -2.54987807e+01  -3.16074424e+01  -3.58434118e+01
  -4.46478775e+01  -5.33972212e+01  -6.43178016e+01  -7.08861242e+01
  -5.96067442e+01  -4.66214271e+01  -3.87318095e+01  -3.34595319e+01
  -3.54036980e+01  -3.64722209e+01  -3.08880764e+01  -2.84254609e+01
  -2.89757944e+01  -2.51846844e+01  -1.88399728e+01  -1.15316122e+01
  -3.54050252e+00   9.43400193e-01  -5.42682320e+00  -1.11551099e+01
  -1.71418346e+01  -3.13332070e+01  -4.00357283e+01  -4.07668435e+01
  -3.55476506e+01  -2.89165717e+01  -2.48842693e+01  -3.92816036e+01
  -4.57349287e+01  -4.12767579e+01  -5.06712748e+01  -5.22380070e+01
  -4.64184724e+01  -4.05189240e+01  -3.90090321e+01  -3.45163406e+01
  -2.50132467e+01  -2.63658195e+01  -2.56087234e+01  -2.64353735e+01
  -2.12000772e+01  -1.63820553e+01  -1.77528816e+01  -1.44204565e+01
  -1.79455940e+01  -2.59037505e+01  -3.96502170e+01  -6.13365050e+01
  -6.53839052e+01  -6.07397051e+01  -4.77460108e+01  -4.84995980e+01
  -5.12573805e+01  -5.01812633e+01  -5.15426173e+01  -4.88772463e+01
  -3.90162966e+01  -4.36961655e+01  -4.32378884e+01  -3.63993574e+01
  -3.41382910e+01  -4.16932372e+01  -4.67616577e+01  -5.14584396e+01
  -4.71545173e+01  -4.64672916e+01  -4.30183900e+01  -3.56667476e+01
  -3.11060979e+01  -3.36669964e+01  -3.77043374e+01  -3.81877189e+01
  -3.10560771e+01  -2.42834916e+01  -1.75648541e+01  -1.79685729e+01
  -3.53989734e+01  -6.40787207e+01  -6.96759359e+01  -5.79393685e+01
  -4.29176669e+01  -3.73620167e+01  -3.14422971e+01  -2.51229478e+01
  -2.28413512e+01  -1.15443976e+01  -2.24829596e+00   1.26029373e+00
  -2.31615635e-01],[ -1.73247777e-02  -3.03423557e+00  -4.75194614e+00   6.73151040e+00
   1.07466693e+01   6.88639636e+00   2.61155760e+00   3.65207396e+00
   4.69044416e+00  -7.45431813e+00  -1.99440433e+01  -1.90471984e+01
  -1.40109907e+01  -1.69879621e+01  -7.67519194e+00  -2.82549637e+00
   4.57809637e+00   4.46287283e+00   3.45595933e+00   2.49173854e+00
  -2.05016271e+00  -6.78351491e+00  -6.22007807e+00  -7.34099705e+00
  -6.32222261e+00  -1.26250691e+01  -1.52212431e+01  -1.40865357e+01
  -8.55669237e+00  -8.74011429e+00  -7.93103307e+00  -1.05712031e+01
  -1.07820479e+01  -8.48015868e+00  -7.50264023e+00  -1.19338311e+01
  -1.37530962e+01  -1.08435664e+01  -1.48299045e+01  -1.43304354e+01
  -1.24448264e+01  -4.24195812e+00  -5.18673137e-01  -3.91841826e+00
  -1.21823460e+00  -1.06229244e+00  -9.11664505e-01  -6.11371867e-01
   1.02388222e+01   1.33871414e+01   1.95641575e+01   2.68116299e+01
   3.05683505e+01   3.75315968e+01   4.63422103e+01   3.42112068e+01
   2.63444151e+01   2.65241286e+01   2.07664688e+01   1.43800409e+01
   1.26470444e+01   1.66849823e+01   2.55747189e+01   3.27056305e+01
   4.02585200e+01   3.04325427e+01   1.92032457e+01   1.20815389e+01
   5.28077878e+00  -3.23074635e+00  -7.38627862e+00  -3.74727541e+00
  -1.52649005e+01  -1.82169842e+01  -1.74357278e+01  -1.96303785e+01
  -1.85991500e+01  -1.77369226e+01  -1.81491185e+01  -1.70944036e+01
  -1.34661462e+01  -6.63471927e+00  -2.29176319e+00  -4.63232479e-01
  -1.07399859e+00  -3.88691364e+00  -1.00879166e+01  -7.14226169e+00
  -3.72477171e+00  -9.55877572e+00  -1.41674478e+01  -1.78789795e+01
  -1.37279319e+01  -1.25147079e+01  -1.05680666e+01  -1.41107115e+01
  -1.05438163e+01  -1.27091353e+01  -1.23366447e+01   5.09665464e-01
   7.14772163e-01   6.19568329e+00   4.38648365e+00  -1.33577306e+00
   4.65728517e-01  -2.86129863e+00  -1.33403283e+01  -1.16787921e+01
  -9.10807891e+00  -6.67679278e+00  -7.35857199e-01  -3.34277827e+00
  -9.96099530e+00  -1.21319880e+01  -1.30726257e+00   3.81815898e+00
   4.67854548e+00   7.49643093e+00   7.98814208e+00   6.36783813e+00
   1.54635759e+01   2.27342754e+01   1.95756263e+01   1.47453473e+01
   1.37935077e+01   2.04135966e+01   2.45781831e+01   2.86922837e+01
   2.95295004e+01   3.09593934e+01   2.53315706e+01   2.22359703e+01
   1.91183189e+01   1.61774435e+01   1.39105076e+01   1.33231120e+01
   9.02560869e+00   6.77429821e+00   3.06873936e+00   1.57149630e+00
   6.11083002e+00   1.15655221e+01   1.55404836e+01   2.27036579e+01
   2.39452037e+01   1.56235831e+01   1.43405089e+01   1.91289382e+01
   2.28752767e+01   2.97792895e+01   3.10929158e+01   2.38479986e+01
   2.37841398e+01   2.13017699e+01   2.14479376e+01   1.39729754e+01
  -4.00576956e+00  -6.42038469e-02   3.41710196e+00   9.60273348e+00
   1.37246683e+01   1.23137745e+01   1.46326782e+01   1.43928778e+01
   1.63858933e+01   1.39816058e+01   1.48675497e+01   1.13872228e+01
   5.20647763e+00  -7.49387189e+00  -1.32001096e+01  -1.83922944e+01
  -2.19946471e+01  -2.13575160e+01  -2.34219265e+01  -2.13917519e+01
  -4.44333555e+00  -4.69586167e+00  -9.54936389e-01   1.01138564e+01
  -1.59627917e-01   5.56320781e-01   6.93234529e+00   5.94549298e+00
  -1.68522449e+00  -6.90782081e+00  -7.83183963e+00  -4.36043794e+00
  -5.87858522e+00  -2.59386480e+00  -1.40933088e+00  -3.85602277e+00
   3.35732396e+00   5.72645778e+00   1.40467880e+01   1.72109040e+01
   2.03946801e+01   2.95013511e+01   3.62368384e+01   2.96347578e+01
   2.58814227e+01   2.69820840e+01   1.97595462e+01   1.69787481e+01
   1.31200405e+01  -1.20202173e+00  -8.19073443e+00  -7.57079354e+00
  -2.62893251e+00  -3.34643863e+00  -2.95287679e+00  -5.02088933e+00
  -6.39322048e+00  -1.96425418e+00  -5.84048272e+00  -7.81786318e+00
  -1.28772605e+01  -1.42764266e+01  -2.45376948e+01  -4.24863817e+01
  -3.47088705e+01  -1.91594766e+01  -9.51483955e+00  -8.23296602e+00
  -2.88976943e+00   4.19862542e+00   5.13758975e-01  -4.41261775e+00
  -8.77469705e+00  -9.20075857e+00  -7.60771782e+00  -8.90660429e+00
  -1.04511907e+01  -1.23117050e+01  -3.04373066e+00   1.49347856e+00
   5.49879011e+00  -6.11857868e-01  -1.00236868e+01  -8.09998747e+00
  -6.85964685e+00   3.86994244e+00   5.54119206e+00  -3.18554245e+00
  -8.06420797e+00  -7.04272091e+00  -4.84626572e+00  -4.95496145e+00
   2.55060995e+00  -4.09316233e+00  -1.05047278e+01  -1.51118882e+01
  -1.35884871e+01  -1.03400712e+01  -8.60140982e+00  -3.49967075e+00
  -2.35593716e+00   7.57371824e+00   1.28903059e+01   1.28355847e+01
   7.64128947e+00],[ -3.86390727e-02   1.68290123e+00   2.18359485e+00   1.82254838e+01
   3.42604658e+01   3.68436563e+01   3.11411472e+01   2.59669198e+01
   2.39191356e+01   1.53084400e+01   3.40550303e+00   2.57476457e-01
   3.00897737e+00  -3.13817956e-02  -7.91611147e-01  -1.89812951e+00
   4.23785831e+00   9.00334647e+00   1.15382179e+01   1.16432353e+01
   6.20067599e+00   9.64003172e-01   6.90417105e-01  -7.08417072e+00
  -9.60665161e+00  -9.33050757e+00  -1.05235051e+01  -1.29860609e+01
  -1.42252427e+01  -9.97982240e+00  -1.19190991e+01  -1.29915796e+01
  -9.53427061e+00  -4.21065038e+00  -1.49590187e+00  -4.36730479e+00
  -3.36533652e+00   7.03643164e+00   5.63519230e+00   7.70090820e+00
   4.32584828e+00   3.14868798e+00   3.81633172e+00   8.48672696e+00
   1.15197618e+01   2.93314207e+00   2.48241798e+00   4.72166163e+00
   5.35218425e+00   6.85995850e+00   1.16250932e+01   1.65970832e+01
   1.92806733e+01   2.37285696e+01   1.49693034e+01  -6.56458928e+00
  -1.69241156e+01  -2.01733994e+01  -1.66350168e+01  -8.84133512e+00
  -2.56544660e+00  -1.41270081e+00   5.84923719e+00   1.06190516e+01
   1.53449428e+01   8.69637172e+00   8.10718749e+00   1.15861302e+01
   8.67230576e+00   8.69301818e+00   8.74424701e+00   1.09667728e+01
   5.73239286e+00  -7.74876798e+00  -2.44041678e+01  -3.16216754e+01
  -3.11229127e+01  -2.99212825e+01  -2.08166722e+01  -1.58564480e+01
  -2.01993036e+01  -2.19574865e+01  -1.85438073e+01  -1.77287942e+01
  -1.50491277e+01  -1.56728662e+01  -1.89247892e+01  -1.66316524e+01
  -1.02383048e+01  -8.47541625e+00  -1.12531538e+01  -8.71830344e+00
  -4.11628188e+00  -5.53880938e+00  -6.84052720e+00  -1.10713305e+01
  -1.06114095e+01  -9.83394431e+00  -6.91234610e+00  -2.71484476e+00
  -2.85157927e+00   2.68844148e+00   7.86706664e+00   1.78891960e+01
   3.18768503e+01   3.66056353e+01   2.78248760e+01   2.83073775e+01
   2.77972937e+01   2.05963923e+01   1.37406061e+01   2.83250108e+00
  -6.28087372e+00  -6.16385189e+00   8.85790975e+00   1.43200142e+01
   1.19488875e+01   3.39008573e+00  -3.10150674e+00  -7.17597540e+00
  -1.26920575e+01  -1.61520351e+01  -2.34842721e+01  -2.68492083e+01
  -2.33684297e+01  -1.43330936e+01  -1.85880940e+01  -2.07064111e+01
  -1.45761236e+01  -1.73112855e+01  -1.76522955e+01  -1.67160194e+01
  -1.79277946e+01  -1.63134676e+01  -1.28378972e+01  -9.10065553e+00
  -3.31417094e+00   5.72858750e+00   1.12557963e+01   2.18487244e+01
   2.53628393e+01   2.37084245e+01   1.46158982e+01   1.08250405e+01
   5.67009231e+00  -1.12706275e+00  -2.22930716e+00   9.07647169e-02
   4.31258733e+00   1.88088227e+01   2.35941130e+01   1.82633564e+01
   1.22220978e+01   8.16630075e+00   1.61668996e+01   1.20834059e+01
   4.20133422e+00   1.99618197e+00   3.84772616e+00   7.59000776e+00
   9.73481307e+00  -8.44798073e-01  -5.62849096e+00  -1.06636810e+01
  -9.98157269e+00  -1.47660905e+01  -1.65359480e+01  -1.46931636e+01
  -2.13461964e+01  -3.13846616e+01  -3.36239647e+01  -3.93541749e+01
  -4.06647771e+01  -3.57646563e+01  -3.19839830e+01  -2.84246361e+01
  -2.40500309e+01  -1.80308366e+01  -1.48875613e+01  -2.31401269e+01
  -2.77051588e+01  -1.80579198e+01  -1.27434800e+01  -1.00086028e+01
  -2.20711394e+00   7.67727108e+00   7.77694870e+00   9.87045132e+00
   8.58809005e+00   5.81426981e+00  -2.17975363e+00  -9.74525308e+00
  -1.03579599e+01  -1.32035944e+01  -1.67280088e+01  -2.89445364e+01
  -3.26045558e+01  -2.65818245e+01  -2.36330401e+01  -2.39132226e+01
  -2.52904873e+01  -2.99284263e+01  -2.65345120e+01  -1.56604252e+01
  -9.39052943e+00  -1.62090368e+01  -2.17707974e+01  -1.69923166e+01
  -1.62538699e+00   3.70764909e+00   3.93432574e+00   1.74269773e+00
  -2.47466694e+00   3.36344099e+00  -4.51927467e-01  -1.88540855e+00
  -5.69151261e-01  -7.33249754e+00  -1.66199605e+01  -1.79026222e+01
  -8.22756248e+00  -1.24812147e+00  -1.20535685e+00   6.47041019e+00
   9.81148800e+00   1.17576908e+01   1.41695963e+01   1.44173471e+01
   1.00140640e+01   6.43387360e+00   2.57111709e+00   6.01534539e+00
   1.18868748e+01   1.40016714e+01   1.74446733e+01   1.32689162e+01
   1.08081942e+01   6.46128550e+00   4.19002700e+00  -8.32723825e-01
  -7.55917482e+00  -6.27797684e+00  -3.22820234e+00   1.52896181e+00
  -1.58570142e-01   7.16888207e+00   9.85453847e+00   3.50450268e+00
  -7.98541987e+00  -3.05256790e+01  -3.58529833e+01  -3.84505689e+01
  -3.06273709e+01  -1.78451940e+01  -9.90266116e+00  -2.44855727e+00
  -1.20132713e+00   4.00067118e+00   8.49870249e-01  -1.25709416e+00
  -6.35446597e+00],[  9.01159430e-03  -3.08859164e+00  -5.14209539e+00  -3.61197720e+00
  -1.24406332e+01  -1.17787199e+01  -1.13088036e+01  -1.20534657e+01
  -1.60964743e+01  -2.27198073e+01  -2.90001786e+01  -3.08903890e+01
  -2.14387261e+01  -1.80168856e+01  -1.63269679e+01  -1.60436167e+01
  -1.97023787e+01  -2.25588389e+01  -2.07331197e+01  -2.08565659e+01
  -2.22537649e+01  -2.03660706e+01  -1.54186983e+01  -2.31664504e+01
  -2.45987140e+01  -1.70897147e+01  -1.51837929e+01  -1.47179229e+01
  -1.41970433e+01  -1.13043020e+01  -1.59226110e+01  -1.72514198e+01
  -1.94285560e+01  -2.45042555e+01  -2.81577737e+01  -2.81978099e+01
  -1.54031455e+01  -6.00639003e-01  -3.73453938e+00  -3.00968885e+00
  -6.28752852e+00  -1.73809204e+01  -2.48724893e+01  -1.91526008e+01
  -1.98797283e+01  -4.27818319e+01  -5.15273398e+01  -4.96272170e+01
  -5.75340206e+01  -5.63813746e+01  -5.56016956e+01  -5.74097606e+01
  -4.82257013e+01  -2.39642253e+01  -3.13451240e+01  -5.23674989e+01
  -5.64853240e+01  -5.49665761e+01  -4.11115893e+01  -2.81434229e+01
  -2.73531822e+01  -2.46864971e+01  -1.27888882e+01  -3.63117760e-01
   6.00349614e+00   4.88421417e-01  -1.31842587e+00  -4.22191807e+00
  -8.94328029e+00  -1.37396366e+01  -1.20423123e+01  -1.43009163e+01
  -2.62600028e+01  -3.61462106e+01  -4.68298209e+01  -5.37396200e+01
  -5.39385703e+01  -5.25442789e+01  -4.27807999e+01  -3.80897194e+01
  -3.15023053e+01  -2.12942664e+01  -1.68994380e+01  -7.64397958e+00
   4.25724563e+00   7.79040042e+00   1.58027372e+01   2.26284856e+01
   3.08856081e+01   3.68933544e+01   2.77700901e+01   2.15453878e+01
   1.76777333e+01   1.46748879e+01   9.10805964e+00   6.71615660e+00
  -1.31808819e+00   1.96962812e+00   6.51137443e+00   4.14277766e+00
  -4.32168545e+00  -8.57741742e+00  -7.07394192e+00  -1.41522601e+00
   7.10433330e-01  -1.77088787e+00  -6.01975519e+00  -1.08906908e+01
  -1.45717648e+01  -2.49834847e+01  -3.56089801e+01  -3.91858673e+01
  -3.60269675e+01  -3.14228296e+01  -1.75090066e+01  -6.67444452e+00
  -2.45526001e+00  -2.14752019e+00  -4.85780118e+00  -4.65520488e+00
  -3.94713313e+00   4.75066556e+00   5.56721063e+00   2.01209929e-01
   4.20614714e+00   1.71508801e+01   1.18704206e+01   5.17974539e+00
   7.12517471e+00   1.99334967e+00   8.00390124e+00   1.05088626e+01
   3.35812073e+00  -6.37688344e+00  -9.55375918e+00  -1.48218921e+01
  -2.26609980e+01  -2.59084181e+01  -2.66849582e+01  -1.96636145e+01
  -1.28435443e+01  -4.88348605e+00  -1.82291935e+01  -4.20309564e+01
  -4.97242433e+01  -4.50559528e+01  -4.00685940e+01  -3.66688877e+01
  -2.96010903e+01  -2.17074171e+01  -7.58644423e+00  -6.35552729e+00
  -3.73741060e+00  -1.16003041e+01  -9.15000950e+00  -8.07621305e+00
  -7.76131969e+00  -4.82181026e+00  -2.80016852e+00  -1.16963647e+00
   1.85441584e+00   7.19297047e+00   1.97062614e+01   3.51095255e+01
   4.25128195e+01   3.51406458e+01   3.16616484e+01   2.88634015e+01
   3.49053257e+01   3.32491886e+01   2.98721338e+01   2.85290452e+01
   3.52666421e+01   4.30446891e+01   4.40049166e+01   3.90085685e+01
   2.61877759e+01   2.33917001e+01   1.14101315e+01  -1.00788438e+01
  -1.98549184e+01  -2.58833647e+01  -2.48982257e+01  -2.67631590e+01
  -2.17260950e+01  -1.63664284e+01  -1.42123582e+01  -1.89833342e+01
  -2.30106440e+01  -1.36756631e+01  -1.17342842e+01  -1.11236061e+01
  -1.18697060e+01  -1.27180328e+01  -1.05273220e+01  -8.03266795e+00
  -5.52760530e+00  -5.06349224e+00  -1.67194831e+00   2.37595344e-02
  -5.07593801e+00  -3.84015127e+00   2.31890942e-01   1.70930177e+00
   2.86868946e+00  -6.74322290e+00  -9.72818793e+00  -1.37225186e+01
  -1.46664155e+01  -1.66636065e+01  -1.80599520e+01  -1.92876616e+01
  -2.24304087e+01  -2.40942376e+01  -3.22586765e+01  -3.60029076e+01
  -3.02845630e+01  -3.15441599e+01  -3.77286768e+01  -2.77497955e+01
  -2.34530445e+01  -2.83639441e+01  -3.77819243e+01  -4.83008747e+01
  -6.20314904e+01  -7.23505567e+01  -7.05401885e+01  -6.64061890e+01
  -6.44237126e+01  -5.98308752e+01  -5.23473637e+01  -4.45239959e+01
  -3.20513460e+01  -1.07457710e+01  -7.35985982e+00  -1.55853391e+01
  -1.74128001e+01  -1.84737373e+01  -1.81365570e+01  -2.25155070e+01
  -2.64685538e+01  -4.24169523e+01  -3.55984588e+01  -1.28471555e+01
  -5.81127519e+00  -3.60562876e+00  -3.71995159e+00  -9.41721802e+00
  -2.56145466e+01  -4.22155788e+01  -4.54352900e+01  -4.99863935e+01
  -4.62641052e+01  -3.33407695e+01  -2.52591228e+01  -2.35365591e+01
  -2.87865457e+01  -2.28459983e+01  -2.46693122e+01  -1.92288214e+01
  -1.84502795e+01],[  0.067225    -2.76448367  -2.96075549  -0.922216    -0.3321765
  -2.50467835  -2.08401916   2.4863517   -0.42614812  -3.62350804
  -4.42298642  -4.35569355   1.47305728   2.28568459   5.18285208
   9.76708413   6.65824545   0.6420832   -3.95667129  -5.79512039
  -7.84080295 -11.05048265  -7.64840052  -3.98403201  -0.50813785
   7.09797363   3.70808435   2.4357427    5.23430658   9.0366354
   7.1930122   13.79670413  18.81819375  11.06110865  13.22239561
  12.41805917  10.54137033  15.5161931    7.21603342   0.36252822
   1.48752943   3.57704434   3.88094654  12.84191988  18.93969253
  15.1140753   12.86894329  15.14048954  16.70411321  12.8810667
   6.19196253  -5.1596612   -9.70908875   2.64819899   5.77765145
   2.27150998   5.28394653   5.79565042  16.84149505  17.64331511
   7.45535236   6.27817831   5.74125827  12.94874154   3.2527628
   2.28875572   4.20998391   4.09465768   4.59242462  -1.4117827
   4.46098786  14.1619754   16.73873236  17.95531923  16.59761498
  15.15714112  14.07875891   9.39431638  13.82103517  15.15454317
   8.72478113   0.03440971  -6.61781376  -0.425688     5.22140011
   5.02478196   9.78616599  13.65096436  16.16038758  17.53287222
  12.78213908   8.96989995   1.16561278   1.3205301    9.20553613
   3.03722949  -4.18246595   3.12389411   8.08762538   9.63641011
   8.12361256   6.59043943   0.4746427   -2.34550355  -2.51673172
  -3.83343563 -11.36303724 -11.91017128  -7.09544126 -10.74992484
  -6.08632482   2.20401939   6.36008218  -2.51825034 -10.99321489
  -8.29897894  -6.38262678 -12.85388703  -9.02533703  -6.14229127
  -7.45415047  -5.63261596  -5.64252417 -10.03069881  -7.81172834
  -1.29972739  -6.13175005 -11.81733612  -9.08237249  -6.42202833
  -3.50609694  -3.46333419 -11.40417427 -18.92564154  -4.37754265
   1.704773     0.45511529  -1.18080368   0.37651527   0.0564542
  -3.69306501  -2.53808762   7.4438811   15.2006389   22.53227103
  27.60277492  28.02160859  21.55389578  17.90161204  15.63845603
  11.34940301   6.08998232   7.93402788   1.64921562   1.24695002
  11.19413329  19.34669362  12.60234871   5.03986224  -0.86067478
  -5.14193036  -2.65183256   8.490884    24.10970807  28.81780598
  18.97112462   5.15402065  -1.35191779   9.32742542  16.02812004
  14.11148299  12.96941269  12.97856288  12.10451547  16.77449874
  12.00516495   0.33295051  -4.18500063  -7.42127942 -11.92554413
 -12.17137648  -2.85321528   2.4210016   -0.47870891  -2.45241756
  -7.57756651  -7.71166695 -14.97603633 -21.83195947 -23.59952128
 -24.68142259 -25.47044417 -23.87370127 -21.50102777 -19.77381598
 -16.76541125 -20.84728043 -22.86125341 -16.5879514   -8.88354889
 -11.66789437  -7.94715669  -0.05618488  -1.62334647  -5.45780701
  -7.65075221  -2.74008579  -1.47432741   2.75170844   1.01161067
   4.25496006   5.36974776   4.09213539   2.29825505   2.95209671
   0.2587854   -0.3644845    4.53943425   7.7475179   18.05062846
  24.68368419  17.99232623   9.53175642   5.21261995   6.33049047
   1.40540436  -2.24235485  -6.87216959 -14.675351   -16.99727079
 -12.11494115 -11.25819839  -6.68498352   4.48151227   0.98120523
  -6.1841226   -8.31783349 -11.3078748  -10.47263394 -12.93248831
  -6.14201805   3.90749469   7.03160509  12.25630509   4.35335625
   3.51426478   7.46828003  11.01840147   6.41645903   1.51790835
  -7.07987412 -21.57700508 -25.05825798 -24.0436339  -17.93219782
 -12.05679173 -15.09480364 -19.36521964 -31.73806119 -24.37600294
 -23.45468167],[  0.07981088   1.15631743  -1.2324558   -6.86991064  -8.41905259
 -18.98091245 -22.78688905 -13.26453699 -12.15753636 -13.70027001
 -12.36361342 -12.64752332 -12.2771079   -9.66975808 -11.10848676
  -7.77911255  -7.19065897  -9.95539403 -13.86991368 -15.862848
 -16.49527276 -18.08044383 -13.5295394   -2.74109194  -2.49033431
   2.08182416   2.71617617   4.5439951    0.86906441   2.45186992
  -3.99621614  -7.12190924  -5.55085872  -9.20308976  -5.37936879
  -1.26367956   0.17967116   3.67789672   2.82663549  -5.62494003
  -4.50489176  -9.6366012  -10.37594418  -6.15814428 -11.10205898
 -11.24419919 -10.66404915  -9.55222429  -4.4470673  -10.27957173
 -15.27107907 -17.43514844 -19.93418164 -20.98229533 -27.907496
 -27.66171239 -20.75812295 -22.80676421 -21.12664174 -13.8696748
  -3.80650261  -1.65338184   0.47936073   1.74994726 -14.00137801
 -19.16659765 -21.76356973 -26.14757144 -25.62188217 -27.6470025
 -19.66357159  -9.95791637  -0.20407115   7.80244548   3.76354458
   1.45149164  -2.33267144  -9.06369552  -9.23367059 -11.02542742
 -17.9774248  -18.46442954 -13.09399953 -10.26224814 -13.28750971
 -10.33991733  -6.74498672  -6.48015428  -5.5002938   -5.93463689
  -6.00739698  -5.25478686 -17.47909362 -13.34323278  -4.33659214
  -4.01348053  -5.11503065  -8.18737569 -15.63724861 -20.89767953
 -24.55213541 -24.05732804 -29.70889229 -36.30346388 -42.37038933
 -40.99149906 -43.12374987 -38.17129582 -34.91289105 -34.00076103
 -26.39618271 -17.23248145 -12.10629119 -16.36828926 -24.4457302
 -28.86042101 -26.95675259 -21.79659644 -16.73271515 -11.09348482
  -4.85843137  -2.88941085  -2.52422793  -5.01501381  -4.51090683
  -1.64951552   1.01740851  -5.08242263  -3.06163611   1.37947849
  -0.23429596   0.15119571   1.14190329 -11.82732564 -13.42761678
 -16.88865045 -21.68417041 -20.86928137 -18.08144965 -21.64759886
 -22.21425262 -21.60428859 -11.69345535 -13.33854009 -17.90921208
 -18.07330239 -20.07829905 -15.80037797 -10.11920978  -3.46702775
  -7.47554109  -7.18221864  -4.11501845  -5.77389018  -6.44482145
  -8.77337331  -7.96297077  -9.97821224 -15.83193802 -17.15342255
 -17.20152853 -21.84751649 -24.11675524 -19.57495782 -14.70599498
 -17.08951114 -29.70221177 -38.19812971 -35.43360671 -26.10777965
 -24.69745354 -23.98581778 -23.43877889 -28.95666434 -28.10401968
 -29.36560414 -26.5232312  -26.26004436 -32.42092075 -32.40837146
 -30.08653354 -35.31261678 -35.49861919 -34.00488409 -34.4030756
 -37.17835563 -30.85943673 -29.30923323 -29.14485321 -31.60730745
 -22.60301296 -23.17863304 -17.08854735 -10.35654001 -12.02997299
  -6.26606347  -1.00600069  11.33690932  12.79985685  12.63585208
   8.4493679    9.07004089   9.86796223   4.14498446   4.35853936
   5.77881112   1.74965331  -1.42750402  -6.4213076  -10.25925889
 -10.33066297 -12.14341199  -9.80890516  -8.12233187  -6.18711263
 -10.17573653 -15.79550684 -20.13961192 -11.0263097   -3.5806707
  -6.94758051 -15.19515124 -16.21207149  -8.68129609  -1.96155578
   0.82340037   5.61478661   7.26530461   5.55452894   1.06663511
  -7.70569031 -12.60018857 -12.09810699  -9.12270633 -12.38383571
 -14.73552394 -18.23756284 -18.46518575 -22.30242502 -17.91564939
 -19.2936683  -22.33697996 -23.75111648 -21.49795966 -19.0025775
 -11.58568615 -16.00455206  -7.89352881 -20.22386042 -29.96769873
 -34.71753009 -41.38882867 -35.33030372 -30.74693648 -24.69590836
 -16.81986771 -15.7483868  -20.57564732 -33.43526454 -19.08508313
 -12.31703039],[  0.07183852   2.20228236   3.85152833   2.13442219  -2.90216782
  -8.10522797  -7.56851341  -0.41089533   0.96489384   4.8834409
  10.25767733   9.78494197   9.28017203   9.01938204   7.05657522
  10.12121006  11.08021903   2.43704985   3.58140079   4.42996168
   7.03603477   3.0025192    4.09567114  12.47542709   6.4579581
   5.93954762  10.49168836   7.18792058   2.82085903   6.17252123
   8.11406054   3.56558626   4.414191     2.36374567   2.37993199
   2.6968333    5.02505838   3.77169667   0.4943721   -1.4792451
   3.19882976  -3.5532527   -9.07908473 -11.40635027 -11.54000341
  -9.65899954  -9.09259577 -19.4337056  -25.51299238 -27.92540529
 -26.43708614 -20.48460189 -13.9903132  -14.31595028 -18.61379863
 -15.12180798 -14.35842004 -10.20567047 -12.66342685 -14.23275092
  -9.51788349  -6.34915278   3.98240431  10.08197198  22.87933455
  23.53626084  10.76198262  -3.4403721   -7.21697187 -12.48369765
  -9.30389902  -7.41949383  -7.74393513  -1.39912677   2.46467745
   2.52583546   3.23657021   6.33754966   4.77000144   4.16109699
   5.5079496    9.58565442  10.81336585   3.42915724  -0.08445992
   3.22046183   6.51671535   5.70381386   0.47146707  -3.31601801
   1.4549599    6.18370533   1.74500882   3.22417663   7.99919063
  11.86862422  17.39371406  18.52980772   9.20605223  -1.64283397
  -7.32869531  -6.11508252  -7.99504308 -10.6578345  -25.95929546
 -29.4876092  -20.68889631 -17.6228943  -22.63324069 -19.91702593
 -17.79542135 -14.62999615 -12.44744207  -8.70670439 -11.90076821
 -19.43980597 -20.11859533 -17.4693754  -21.193942   -17.74069219
 -14.40670769 -17.49013296 -17.88820431 -14.46486244 -15.93203586
 -12.16695215 -11.07831465 -18.19293974 -20.16811037 -11.65425898
 -11.42837689 -12.67079375  -9.5569211  -21.83141293 -28.96227023
 -32.32740294 -31.21944112 -30.54617931 -31.08420084 -35.38297339
 -31.17568247 -24.88472299 -19.25927155 -35.65172859 -46.8290554
 -43.08272322 -39.77737087 -32.61084256 -26.34742521 -20.81146887
 -16.75857915 -14.50161629 -11.77134225 -13.76614271 -11.29318277
 -13.61835182 -15.40900757  -9.19733584  -7.77792675  -7.58234647
 -15.12312333 -17.94047834 -13.35880882  -4.76583058  -0.23157633
   0.24847512  -4.34166229 -11.69361212 -10.16724393  -0.85425531
   3.52738234   7.56182386   5.06567756  -3.85126019  -5.47421428
  -4.70194624   4.89490839   2.48879103  -4.23250523  -5.09175619
   1.14436712   4.15770743   0.53251775   0.31244953   2.12287177
  -3.2513264   -3.86086012  -6.09366082  -5.87194178  -4.27087556
  -1.53297468  -6.99384031 -12.38361284 -15.31303935 -21.99762115
 -26.13704016 -26.53304695 -18.10148207 -19.8576205  -21.93670957
 -21.86526113 -19.3803491  -17.49609119 -16.47843873 -13.09842638
 -12.49079392  -9.33256781  -8.92110478  -7.96522646  -7.55387867
  -6.08726465  -2.14140639   3.30409409   0.67070718  -4.32531682
  -8.37682506 -14.1532105  -14.56414649  -6.5160336   -6.78117429
 -12.10770895 -12.40891415 -11.41775389  -8.2788466   -6.05255935
  -3.71632664   1.14689568  -2.11287302  -6.52868789  -5.96287733
  -0.98898508   5.40867438   8.34715058   4.49025883   3.86563021
   1.48390949  -1.66003049   1.44032748   0.55725204   3.36857303
   4.64905118  -1.46141918  -8.83001569 -15.75121411 -11.6214485
   1.55840039  -6.4493821   -4.83865945   8.0298419   11.77755284
   3.39972737 -10.95372619 -14.97935753 -13.23612765 -10.36390629
  -4.72696667   1.88687544  -7.39764554 -29.53358114 -19.65921681
 -11.76640847],[  0.04479718   3.92487994   5.43148479   7.11217774   9.70893931
   6.95967649   1.89821957   2.32918506   5.42670591   8.575638
  11.44315403   6.8705221    7.48060557   6.98921853   7.9131272
   3.68422767   6.80366969   4.06548769   4.46196985   9.9716082
  12.24971835   7.37090709   1.87352114   6.48893306   1.10133624
  -3.89542059  -1.37861115  -5.62451859  -8.86149186  -3.44404982
  -1.14612323  -3.93208215  -0.07115441  -2.21849896  -1.0637426
  -1.70299303  -5.86988295  -5.98514524  -6.82954981  -3.84397216
   2.4764443   -2.07605971  -6.83461287  -5.39978907   4.52302229
  12.87332779  16.86232876   8.54572206  -0.99911031  -8.38388019
  -5.28298488  -0.0392926    3.47966908  -3.09018397  -6.85412537
  -0.29841296  -1.64934553  -4.31371799 -11.96716767 -12.51795137
 -11.36251813 -12.85201735 -11.72005791  -5.87997226  -4.07665834
 -11.66540245 -13.28245733 -16.18011706 -19.24812082 -18.47115264
  -9.84409486   0.32945249   7.38992327  10.9133061   16.95057435
  21.69595681  25.85319122  22.14593053  13.61636457   9.1766032
  -0.59534517 -10.28179208 -15.27133447 -18.93759772  -9.61025458
   0.75565685  -0.4653969   -5.94578092 -12.02460536 -21.55251164
 -18.76274012 -14.2167811  -14.78088309 -15.54076994 -15.13819993
 -19.87449144 -23.45653415 -18.20317804 -14.17875065 -14.52500383
 -12.3619398   -8.76546356  -6.06934573  -4.70038503 -10.8179252
 -10.08101466  -1.07687334  -1.08656124  -5.56749241  -6.44688507
  -5.79334865  -2.69754581  -2.84700459  -2.35106442  -4.77642503
  -9.30425294 -14.7372425   -9.25888876  -8.61253447  -5.29541354
  -3.35940381  -9.25546476 -10.67308853  -4.60620927  -4.36881495
  -4.51277134  -5.16241693  -3.52967182  -3.20046749  -3.19645749
  -1.20645168   1.47699691   1.4948514   -8.37156173  -7.04817009
  -5.84503637  -5.28999245  -3.66551818  -3.56115271  -2.25802037
  -1.9350512   -3.67225313   6.107505    11.85208943  14.20169436
  15.48053085  12.44882853  14.52056802   8.52549981   4.5384961
   1.55899151  -3.31048558  -4.33170158  -4.51095344  -9.47248655
  -8.2516474   -9.11699159  -8.29865617  -6.98606269  -9.39410143
 -10.28749467  -4.05185703   3.82092613   8.80778796   4.26847959
  -1.05165171  -6.85912257 -15.61715213 -17.73327748 -11.93396818
 -10.81805235 -12.26443431 -14.59879784 -18.15369648 -16.29597342
 -12.3447381  -10.71766497 -15.15591745 -19.72203496 -16.23000414
 -10.09041511  -4.05318144  -2.67646433  -3.70055889  -1.30428181
   0.98676556   0.05444547  -3.50780594   1.73306343   4.43380115
  -3.20884037 -10.53582305  -5.07616244  -0.68718603   0.39948715
   1.8841156    6.44245992  13.50737858  11.27061639  11.33325605
  12.11100082   7.21935826   3.49605444   3.16741546   0.09098223
  -5.15503817  -8.67865982 -14.17829739 -16.47018357 -15.48256132
 -11.51467519  -3.92103455  -5.34858815  -6.25325739  -5.22971494
  -5.41403886  -8.0406293   -3.32856023   3.2990799   -1.12439581
  -4.87325523  -4.26434747   0.31558492   4.94036056   5.4466977
   3.03357226   2.1662022   -3.00328421  -6.86118044  -8.93572209
  -1.67783621   2.85060111   9.6706584    3.35686865   0.41632373
   1.14459894  -0.84744453  -3.35297116   0.44680636   3.26188336
   5.61496096   3.57732766  -4.5353336   -5.37736561  -4.62820141
   1.60851176  -0.83762069  -5.28548155   5.3179567   12.75988813
   8.54920107  -0.66320045  -3.6856757   -6.56470054  -6.98163691
  -9.88916155 -14.5755142  -19.97943091 -30.98055964 -23.29868732
 -19.78573889],[ -0.05335633  -0.70129822  -4.60827482  -7.24304235  -8.59188456
 -13.18523121 -19.72196383 -17.66818419 -13.59953584  -9.75241657
  -3.23190517  -0.36782641   0.49822469  -2.67510389  -0.08153525
  -4.23075261  -3.04693622  -3.16575396  -7.20743201  -3.75921398
  -4.77410991  -5.76398339  -2.14655636   4.58641752   0.20725738
  -9.32832959  -3.64526027   0.63663337  -0.75816244   1.90323196
  -1.95070574  -8.31500878  -5.98443239 -10.10090831 -10.53744558
 -10.30080756 -10.42226105  -5.75153407  -5.86757419  -5.22203847
  -2.80850018  -7.16605431  -6.90885494 -12.89100403 -19.98002211
 -27.99365026 -32.42125536 -33.17378034 -36.61393667 -36.17239179
 -26.54648165 -20.52136588 -20.23806506 -22.85821322 -30.24457427
 -31.66213671 -30.20186983 -30.76698606 -37.39066991 -31.93539029
 -23.2953334  -15.95978335  -9.0043613   -5.23088291  -6.38173522
 -12.81131481  -9.56000509  -9.38381823 -11.6206259  -12.26732828
 -12.1010893  -13.4689229  -16.36082006 -15.53463096 -18.11351862
 -19.69226023 -18.54606578 -26.3358401  -32.04851596 -30.92189925
 -25.97113926 -15.81189909  -3.20098869   6.38022712   4.26809244
  11.4989587   17.72583537  18.34648288  19.14826919  16.77257371
  11.71680227   4.17392983   3.22705509   7.8204473    1.60134634
   1.65646225  -0.65306321  -0.88054153  -3.20675392  -7.29138165
  -3.67699771  -3.40828873  -4.10752598 -11.50612472 -22.80584394
 -25.25158213 -18.4907365  -16.10064438 -14.76112942 -14.93392967
 -16.53379629 -12.29880694 -10.56006063 -13.34020424  -8.08219863
  -6.47218872 -10.60768381   1.25618584   7.85912855  -1.86459184
  -6.05851003  -3.32800104   3.6654396    8.25751372   8.07440824
   6.13033547   8.33000192  13.30335613  10.19291468   5.20379118
   6.95571954   5.82394312   3.30140381   3.50021796   0.67392443
  -2.11503639  -2.10127386  -7.56732894 -11.42884121 -10.9480298
 -12.98221791 -10.55289186  -8.80014849 -24.62405457 -29.52289664
 -29.53976766 -33.57314988 -28.35492335 -23.20791855 -18.75865619
 -19.18053574 -18.39092724 -18.98514785 -17.21479338 -17.59470712
 -14.62930263 -16.87685035 -11.97224612  -3.5146505   -0.97805188
   5.99589896  14.35786248  15.8631678   20.09686011  16.58983072
  18.81689062  22.5709388   18.53431092  19.1321662   20.49231421
  12.43748085   7.93479109  10.53557476  16.94966693  15.6365018
  19.32477213  14.67020244  13.53499106   5.64406168   7.34346189
  10.20168195   7.0363936    3.80537573  -0.09743079  -9.33263208
 -11.7253566   -9.71635932 -14.34720615 -12.03819341  -5.50310138
  -1.46738439  -3.12006826  -3.07570711  -6.26722504  -8.01965067
 -10.5513434   -9.79285254 -10.50067036 -12.52986611 -10.5298311
 -12.49980707 -11.01167621 -12.03807706 -12.88965748  -9.54098534
 -11.25222965  -9.72976212  -7.70144375  -6.55457363  -7.37910037
  -9.83358007  -8.48008674 -11.51252286  -9.80692255 -10.2099896
 -13.51210202 -11.87636242  -4.94317332  -4.38045596  -7.9348598
 -11.51207582  -7.42280083  -1.48569258  -3.10739477  -6.10932442
  -5.0819575   -6.00801476  -6.86589151  -4.92800414  -0.49418264
  -2.98947924  -6.57274517   2.70059289   7.65496068   4.38312709
   7.35360271  10.53246858   5.79305267   3.05479848   4.50876351
  -0.22420718  -8.28372902  -7.24357711   2.23201305   8.98909419
   8.3237891    6.92862283   4.52210908   2.59708196  -4.63778562
  -9.21276936  -4.56948456   2.10265946   1.98153617   2.51352825
   4.40852046   0.62805637  -6.01531298 -17.14328382 -14.45397705
 -14.9115733 ],[ -1.88683346e-01  -5.56003185e+00  -1.27482892e+01  -2.12203782e+00
   5.72132102e-01   7.97233284e-01  -1.48353604e+00  -5.37083618e+00
  -6.45108237e+00  -7.05677901e+00   5.39926710e+00   1.83406180e+01
   1.31634733e+01   1.59150363e+00   3.76027577e+00   7.39724213e+00
   6.30274183e+00   5.48311117e+00   5.78263569e+00   6.82273947e+00
   5.43204087e+00   4.85676619e-01   8.04433526e+00   1.38087022e+01
   9.70675504e+00  -6.37000260e-01   7.15471828e-01  -6.75811410e-01
  -3.45683067e+00  -2.34637599e+00   5.83897787e-02  -3.09029299e-01
   1.65314232e+00   1.64186593e+00   7.56717512e+00   5.28091916e+00
   4.21096933e+00   7.54303234e+00   5.34826240e+00   7.15853704e+00
   7.27180757e+00  -1.36013487e+00  -1.70269967e-01  -4.98469545e+00
  -1.04878317e+01  -2.15302138e+01  -2.59783557e+01  -2.30747070e+01
  -2.07315318e+01  -1.16505848e+01  -6.34046255e+00  -1.19913522e+01
  -1.98639163e+01  -1.70700151e+01  -9.16595502e+00  -1.21365324e+01
  -1.19517277e+01  -2.61017967e+00  -1.31446494e+00  -7.79198592e+00
  -1.14039815e+01  -5.47614165e+00  -4.61617528e-01  -1.77026055e+00
   9.71364611e-01   3.41385846e+00   3.27769493e+00   2.22684126e+00
   5.07264103e+00   7.07787460e+00   3.89979666e-01  -9.24141414e+00
  -1.00896062e+01  -8.46938520e+00  -1.14095025e+01  -1.33930903e+01
  -1.08152823e+01  -1.26377291e+01  -6.94170010e+00   3.71609386e+00
   7.69061001e+00   7.10103450e+00   8.03556640e+00   4.27179717e+00
  -7.89382380e+00  -1.23091960e+01  -6.88522294e+00  -1.36941210e-01
   6.37296279e+00   1.30907728e+01   9.78331818e+00   1.33856164e+00
  -2.43903437e+00   4.77008236e+00  -6.78616429e+00  -8.38423809e+00
  -3.26847725e+00   6.61775949e-02  -3.64144529e+00  -1.14115855e+01
  -9.37508760e+00  -5.35403228e+00  -5.07761151e+00  -4.89911573e+00
  -6.55530323e+00  -6.86729296e-01   6.42873561e-01   2.29738323e+00
   3.78548573e+00   5.93876557e+00   7.11514540e+00   1.39597264e+01
   1.37539485e+01   7.87573968e+00   5.29256134e+00   7.08190952e+00
   7.69967524e+00   8.18708593e+00   8.15522352e+00   1.15401970e-01
  -1.03213411e+01  -9.22689299e+00  -9.78114702e+00  -1.03836569e+01
  -1.15594760e+01  -1.23182345e+01  -1.21756142e+01  -5.36271219e+00
  -5.60595751e+00  -1.17374674e+01  -1.33861116e+01  -2.00631236e+01
  -2.18855979e+01  -1.04091784e+01  -1.12936301e+01  -1.10724986e+01
  -1.22843467e+01  -1.32555897e+01  -1.91726359e+01  -2.04587661e+01
  -1.49978138e+01  -1.04634089e+01  -1.06159001e+01  -3.01075892e+01
  -3.79867144e+01  -3.36891709e+01  -2.57157974e+01  -2.47137614e+01
  -1.92633910e+01  -1.57595005e+01  -1.36734100e+01  -8.09585597e+00
  -8.77729354e+00  -1.31112068e+01  -7.67233974e+00  -4.24067322e+00
  -1.43199420e+01  -1.69438938e+01  -1.12722911e+01  -1.02664261e+01
  -1.08003143e+01  -1.67477093e+01  -2.23216936e+01  -2.20141199e+01
  -2.44452585e+01  -1.31129948e+01  -5.65441423e+00  -5.66113713e+00
  -3.97391127e+00  -5.28819807e+00  -9.72912922e+00  -1.07552810e+01
  -8.96913058e+00  -8.43337052e+00  -1.25593454e+01  -9.12117891e+00
  -1.49073754e+01  -1.58156518e+01  -1.13606783e+01  -5.35535239e+00
  -4.67046754e+00  -1.01148822e+00   4.96105968e-01   5.70630625e+00
   1.05488305e+01   5.76875971e+00   3.80034256e+00   3.76738328e+00
   3.44693874e+00   4.37714237e+00   6.18406916e+00   2.25418807e+00
  -2.73838556e+00  -6.84150670e+00  -1.34236827e+01  -1.21844237e+01
  -1.29146819e+01  -1.38235583e+01  -8.55718461e+00  -1.97470956e+00
  -1.24201596e+00  -7.63877878e-01  -1.14378055e+00  -6.52132827e+00
  -1.15333155e+01  -1.65440316e+01  -1.59902753e+01  -1.19998245e+01
  -1.38178958e+01  -8.75285094e+00  -1.20000837e+01  -1.60833529e+01
  -1.45706635e+01  -1.26994448e+01  -8.84943898e+00  -7.23158869e+00
  -4.99865594e+00   2.52634333e+00   3.11813867e+00   5.11473729e+00
   1.38507702e+01   2.37832507e+01   2.17295769e+01   1.40806044e+01
   1.62011485e+01   2.03683433e+01   1.95514644e+01   1.76528189e+01
   1.32904786e+01   1.20158934e+01   1.06616010e+01   8.55000231e+00
   3.83428838e+00   7.35955752e+00   3.12702036e+00  -6.03929627e+00
  -6.65747017e+00  -2.07082429e+00   4.43910445e+00   3.70491347e+00
  -2.95267492e+00  -4.48546817e+00  -1.97839689e+00  -2.23468775e+00
   2.15536237e+00   4.60696022e+00   5.80045929e+00  -3.32950587e-02
   6.62631152e+00   9.85740958e-02  -3.19955621e+00  -2.46326831e+00
  -2.29397283e+00  -1.24115783e+00   7.64110075e-01   5.68753291e+00
   5.51605801e+00  -2.21388520e+00  -1.78586068e+01  -1.80900077e+01
  -1.58505814e+01],[ -2.38569161e-01   4.51822044e-01  -2.83343453e+00   5.97721340e+00
   5.65860904e+00   3.73662634e+00  -4.77917581e-01   3.60437590e-01
   1.78172967e+00  -6.24750759e+00  -1.16212880e+00   4.89027154e+00
   1.27348722e+00  -3.31337725e+00  -2.56545840e+00  -1.20873992e+00
  -1.67990735e+00  -4.41605096e-01  -9.89338745e-01   8.61171048e-01
   8.74286565e-01   7.08975600e-01   5.76981472e+00   6.69045739e+00
   5.56618473e+00   1.20610870e+00   3.11673049e+00   5.05147290e+00
   6.01898986e+00   3.38080214e+00   3.22427085e+00   5.48784217e+00
   4.15336021e+00   4.32688870e+00   4.45172520e+00   3.48728809e+00
  -2.19427102e-01   2.57198266e+00   4.90253783e+00   3.92128581e+00
   4.93653639e+00  -4.36929344e+00  -7.67345833e+00  -1.28752514e+01
  -1.62151060e+01  -1.48610642e+01  -1.19841992e+01  -1.93286373e+00
   4.98243960e+00   9.62934988e+00   7.86613065e+00  -7.73080706e-01
  -8.03890445e+00  -1.00122675e+01  -2.26239577e+00  -1.46573463e-03
   3.73434597e+00   2.36310891e+00   1.16817986e+00  -2.51329772e+00
  -5.55416807e+00  -9.11455500e+00  -9.76825572e+00  -6.78125311e+00
  -7.57681114e+00  -9.40868008e+00  -1.26688778e+01  -7.06735484e+00
  -4.31399033e-02   5.75861094e+00   6.31788831e+00   1.28720337e-01
   1.40016441e+00  -3.82540573e-02   4.53439911e-01   1.40214171e+00
   2.74455096e+00   1.91334574e+00   7.15668961e+00   9.43064722e+00
   7.60068191e+00   1.12636140e+01   1.02700164e+01   5.37636649e+00
   6.94563407e+00   7.44370470e+00   9.68351528e+00   1.00503052e+01
   1.48499594e+01   1.71184203e+01   1.36774932e+01   6.14841294e+00
   8.09407963e-01  -2.52917508e+00  -6.03524131e+00  -3.02065852e+00
  -1.18977585e-02   1.76939112e+00  -1.42862936e+00  -7.71810212e+00
  -1.02491515e+01  -1.10856325e+01  -1.52543189e+01  -1.46201215e+01
  -1.23843115e+01  -7.06051453e+00  -1.05278287e+01  -1.04708898e+01
  -9.68907135e+00  -6.84741807e+00  -2.55183549e+00   3.86191394e+00
   6.45489009e+00   6.38645162e+00   3.62823222e+00   6.73388636e+00
   1.33917916e+01   1.36495775e+01   9.38496689e+00   7.61545323e+00
   4.22240617e+00   8.98924054e+00   8.07982176e+00   2.79578340e+00
   4.69611659e+00   3.75206824e+00   5.76791018e+00   1.04024134e+01
   7.97247151e+00   2.38635262e+00   4.22263985e+00   6.09922392e-02
  -1.42441035e+00  -1.11589150e+00  -1.98764074e+00  -2.22297355e+00
  -1.41112647e+00   7.81583069e+00   5.72469645e+00  -5.68147646e-01
   1.16770558e+00  -2.07317479e-01   1.14165687e+00   1.31580619e+01
   1.60225760e+01   1.60093508e+01   1.74035466e+01   1.54873256e+01
   9.35461066e+00   2.94818422e+00   1.55915439e+00   4.61035025e+00
   9.31135236e+00   2.06159267e+00  -2.71141073e+00  -2.72952982e+00
  -1.29996586e+01  -1.09328602e+01  -7.74429967e+00  -5.34511812e+00
   2.22084356e+00  -5.56618969e+00  -6.39219608e+00   1.34116522e+00
   4.35057961e+00   1.29667507e+01   1.01485626e+01   5.28429687e+00
   5.18312885e+00   3.94522836e+00   6.10344136e+00   6.81986900e+00
   1.17848622e+01   7.52398375e+00   8.61054797e-01   2.97064181e+00
   4.69257828e+00   7.52076483e-01  -4.43933261e+00  -4.23229873e+00
  -1.04174917e+01  -1.71131899e+01  -1.39941341e+01  -1.02881221e+01
  -7.43699024e+00  -9.14944659e+00  -8.19281119e+00  -2.05232045e+00
  -3.91423445e+00  -2.66966150e+00   5.22681603e+00   7.91574364e+00
   2.81719739e+00  -5.45859945e+00  -6.75484886e+00  -1.22680675e+01
  -1.53127421e+01  -1.16406378e+01  -2.67657160e+00  -1.80296018e+00
   1.31077185e+00  -5.85000098e-01   4.84970069e+00   2.68996527e+00
   9.89426867e-01  -5.57109477e+00  -1.03361336e+01  -1.14442376e+01
  -1.09885262e+01  -9.23917840e+00  -1.27654669e+01  -2.01797215e+01
  -2.17805410e+01  -2.22685806e+01  -1.35109070e+01  -6.91642412e+00
  -7.42348297e+00  -9.60124740e+00  -3.62014490e+00   2.70877674e+00
   6.04179716e+00   3.35730587e+00  -6.05054539e+00  -1.22908045e+01
  -1.39526429e+01  -1.51841186e+01  -1.60883941e+01  -1.24319831e+01
  -1.23394554e+01  -1.45536495e+01  -1.21001737e+01  -6.88325437e+00
  -5.36777398e+00   7.56283254e+00   9.43603251e+00   5.58958024e+00
   4.56262411e+00   8.02258089e+00   1.38312790e+01   1.50807837e+01
   2.87320621e+00  -3.35764318e+00   1.83595512e+00  -3.20592049e+00
  -1.53553430e+00   9.48866064e-01   1.00178326e+00  -3.61406954e+00
  -2.55062253e+00   2.38535246e+00   7.02166746e+00   9.69971089e-01
  -2.31021005e+00   2.79949800e+00   2.86768946e+00   2.51805297e+00
   5.68951693e-02  -4.53445594e-01  -9.86157692e+00  -8.97988526e+00
  -6.89146902e+00],[ -1.84928959e-01   4.20461842e+00   5.39397990e+00   2.95821713e+00
  -3.90046974e+00  -7.16311255e+00  -8.61022613e+00  -7.98061759e+00
  -5.17529873e+00  -5.93913031e+00  -6.52105736e+00  -8.06377314e+00
  -1.28115330e+00   7.26498902e-01  -4.27986009e-01  -1.32591914e+00
  -1.23071453e+00  -2.26995112e+00  -3.32152265e+00   2.55269264e-01
  -1.55765859e+00   2.82666399e+00   7.68130701e+00   3.53296644e-01
  -2.21395627e+00  -6.79067726e+00  -7.46504148e+00  -7.63984384e+00
  -3.48644256e+00  -4.24301585e+00  -4.29589884e+00  -3.88237756e+00
  -2.36630658e+00  -2.38905573e+00  -6.78538740e+00  -5.21477551e+00
  -3.40742944e+00   1.50294614e+00   1.86372793e+00  -3.36555459e+00
  -1.92455975e+00  -1.58806664e+00  -2.90810602e+00  -1.17932315e+01
  -1.84167886e+01  -1.59372396e+01  -1.40002442e+01  -1.09107173e+01
  -1.35514265e+01  -1.59306112e+01  -1.85846985e+01  -1.63555371e+01
  -1.08934218e+01  -6.54306908e+00  -1.12541030e+01  -1.19503222e+01
  -9.57600432e+00  -1.70577629e+01  -1.43765488e+01  -7.08402720e+00
  -4.74689750e+00  -9.21639065e+00  -8.70945956e+00  -7.23090772e+00
  -7.12392906e+00  -1.35761257e+01  -1.96936379e+01  -1.64245898e+01
  -1.44935239e+01  -1.23031876e+01  -5.60595307e+00  -7.81026423e+00
  -9.73559815e+00  -9.59450770e+00  -5.98705286e+00  -9.57070785e+00
  -9.86481191e+00  -3.66979972e+00   8.76804945e-01  -1.60754580e+00
  -3.00335798e+00  -3.08490890e+00  -7.49771925e+00  -7.55564048e+00
  -5.09076364e+00  -1.04246593e+01  -9.98434018e+00  -1.20158197e+01
  -1.84107531e+01  -2.91611202e+01  -2.63824490e+01  -2.58839013e+01
  -2.07499593e+01  -1.58776029e+01  -1.59606229e+01  -1.12866447e+01
  -5.21318913e+00  -7.95886506e+00  -9.70590674e+00  -1.49183466e+01
  -1.36703693e+01  -1.10150700e+01  -8.42393972e+00  -1.03007057e+01
  -1.08421266e+01  -1.43094804e+01  -1.84182333e+01  -2.11880306e+01
  -1.73505008e+01  -7.04955458e+00  -2.81526079e+00  -5.72995231e-01
   4.57949312e+00   3.93492221e+00   3.80909639e+00   1.04107749e+01
   5.78035680e+00   1.28725892e+00  -4.45064944e+00  -1.04449721e+01
  -1.39917027e+01  -9.87482577e+00  -1.08218147e+01  -1.12234738e+01
  -9.77662452e+00  -9.27631636e+00  -6.67656973e+00  -6.48500028e+00
  -6.45566699e+00  -7.63063949e+00  -6.64076297e+00  -9.45779175e+00
  -1.63069012e+01  -2.81308344e+01  -2.72750000e+01  -1.94556865e+01
  -1.17576027e+01  -9.22852756e+00  -1.14457176e+01  -1.73572302e+01
  -1.98190642e+01  -1.07314870e+01  -6.00902665e+00  -2.05296173e+00
   5.62075824e+00   3.02482670e+00  -6.83907639e+00  -8.00334358e+00
  -6.86987591e+00  -7.24366126e+00  -9.18315471e+00  -7.59654289e+00
  -1.79599489e+00  -7.79338489e+00  -8.72163753e+00  -3.43441476e+00
  -3.15997812e+00  -3.94337007e+00  -5.37452264e+00  -1.01072006e+01
  -9.67051469e+00  -1.41190540e+01  -1.63147994e+01  -7.37155394e+00
  -7.00387013e+00  -1.00791478e+01  -1.69668016e+01  -1.90297885e+01
  -1.81330744e+01  -2.25353285e+01  -2.15778179e+01  -1.99192641e+01
  -2.10684019e+01  -2.51882283e+01  -2.89450557e+01  -2.71770220e+01
  -1.59755040e+01  -1.45118243e+01  -1.62062929e+01  -1.47855013e+01
  -1.13343484e+01  -5.42412115e+00  -4.77022909e+00  -6.74731586e+00
  -9.51628302e+00  -9.78502165e+00  -1.00531429e+01  -8.51195904e+00
  -1.47832171e+01  -1.75764084e+01  -1.05230067e+01  -9.11758051e+00
  -7.16466196e+00  -1.05800737e+00  -1.11329665e+00  -6.21330906e+00
  -7.75416636e+00  -7.45227681e+00  -6.37988318e-01  -2.66569271e-01
  -2.14845475e+00  -8.57638097e+00  -1.36366627e+00   1.13743859e+00
  -5.86139181e-01  -7.35160013e+00  -8.31114669e+00  -9.88001070e+00
  -8.40205037e+00  -1.13632674e+01  -1.22041524e+01  -1.02848846e+01
  -9.22560075e+00  -1.33314106e+01  -1.02443101e+01  -5.93314131e+00
  -7.68802951e+00  -9.85301312e+00  -5.38743414e+00  -3.22164682e+00
  -5.08402116e+00  -1.26430005e+01  -1.76639260e+01  -1.50596116e+01
  -1.13250671e+01  -7.22059716e+00  -9.32406918e+00  -1.03014046e+01
  -1.31729295e+01  -1.34425594e+01  -1.81291327e+01  -1.61110803e+01
  -1.25590071e+01  -7.44605467e+00  -9.55583615e+00  -1.11224587e+01
  -9.36533990e+00  -6.53698315e+00  -1.23879331e+00   4.90723242e+00
   1.38944902e-01  -3.76187368e+00  -3.64797760e-01  -6.20932763e+00
  -6.95292549e+00  -7.53827396e-01   4.12633448e+00   4.60564965e+00
   2.17096318e-02  -2.99944389e+00  -7.74496730e+00  -1.15431568e+01
  -1.93972430e+00   7.24931798e+00   6.95435187e+00   5.56358430e+00
   9.81559315e+00   1.44214136e+00  -7.37111441e+00  -4.59123283e+00
  -6.69536721e+00],[ -0.13937531  -1.57248372  -2.96009792   3.68090918   4.68165776
   6.83728822   9.29035241   0.91623665   0.99223556   1.75214059
  -6.87949376 -18.52137184 -14.86656695 -15.41042613 -18.06389642
 -20.70389515 -19.27461103 -16.03691957  -9.0460513   -3.80222573
  -8.02240223  -7.71571864  -6.18577461 -15.16095255 -20.18883859
 -21.70821884 -21.64391761 -23.92509476 -25.32239118 -24.81163261
 -26.29395525 -32.1233022  -29.32776316 -25.17106082 -21.9300236
 -18.1147843  -14.25570902  -9.81069308  -7.41285028 -12.71875096
  -9.5763034   -1.70372804  -5.20644844  -8.01764     -3.06300804
  -0.34140245   2.77682282  -1.08018122 -10.54376666 -17.73486692
 -21.3874482  -19.13368274 -13.56701776  -9.57838809 -13.30111289
 -20.81264361 -25.89989401 -25.14267316 -14.33601309  -7.62774301
 -10.58387215 -11.78332809  -8.61520112  -6.00632612  -7.31794546
 -11.59661508 -10.85327388 -15.58991792 -20.64427793 -17.99206857
 -12.48750929 -15.69682099 -14.34890268 -11.77651928  -5.24877434
  -5.45029014  -5.50004258  -5.76462392  -0.90126275  -1.22223453
  -4.28778581 -12.72121067 -18.94364916 -15.17234068  -5.6332201
  -7.89359299  -3.89109714  -0.07825226  -3.69447992  -7.11759219
  -4.98047811 -11.7186588  -10.9426127   -0.30731266  -4.71985998
  -2.93620226   4.9529574   -0.52260371  -2.06195357  -7.22241505
 -10.86728075  -8.70637088   0.12251926   0.20636723   0.13723805
   1.51493845  -6.27796547 -13.78811932  -9.57036744  -5.18348385
  -3.26186468   1.07270799   2.18443238  -1.66306804  -6.00180647
   0.10854759  -3.70046493  -3.87367769  -4.38919698  -4.18538997
  -3.15718647  -3.48160111  -7.77936083  -2.9855054   -1.22844837
   3.12197005   3.24259434  -1.97938605   0.53261935   2.0178825
   1.1242918    2.69410885  -3.77974625 -17.69550551 -20.44864063
 -10.13764574  -6.63999743 -11.42644033 -14.61697637 -17.34382641
 -16.03858697  -7.06495124  -9.72310511 -21.65879076 -21.33642103
 -25.2937024  -26.792274   -23.83672447 -19.64488826 -14.57995057
 -15.51419991 -10.84461058  -6.76924208 -13.24972034 -15.15357171
  -9.31096823  -1.31814626  -1.46109373  -8.15170284 -14.09964417
 -13.78200697  -7.02883533   0.39738811   4.52933774  -1.35265002
  -1.52226964   0.36368004  -0.4436365   -1.7220617   -3.67934273
  -4.99624708  -1.33986898  -0.05014487  -4.97992973  -2.92323259
   2.36306464   4.22729124  -5.01376412  -9.02645829  -2.29371679
  -3.61457544  -9.59648414  -6.81149464  -5.78887229  -0.11701038
   0.99542572  -4.68438401  -8.61400767  -8.54916997  -4.76019468
  -0.94662227  -2.78247169   0.12838029  10.02120211   8.23517918
  -1.05751464  -4.28143481  -3.02047208   4.89336018   5.68992463
   4.30374159   4.18397523   9.17578907   8.71884081   6.72773838
   0.77720658  -0.55259885  -3.5867365  -14.33095442 -21.29183547
 -19.77504637 -13.83233279 -11.07823986 -11.28089114  -8.14851915
  -7.63901258  -6.19533079  -6.90224557  -5.17100692  -5.33815055
  -2.58567587  -6.93295277  -4.54945704   1.46060415   4.8762424
  11.14351166  11.23426273   7.28441274   1.13817786  -1.81480168
  -8.15889946 -13.27181755 -10.49734212  -5.02327491   0.65436756
   1.82594547   0.16768932  -3.43959233  -4.88344166  -2.51190853
  -6.44487058 -10.71432962  -8.074076    -6.49202737  -9.53299274
  -4.08390459  -2.28131165  -4.11942101  -4.20510812  -4.705918
  -7.94460871 -10.60073547  -3.23465343   1.15956289   0.75840648
  -4.37774391  -3.17003219  -6.65945416  -7.66652555  -0.41013432
   0.59753276],[ -0.13718867  -5.13379187  -7.75059623   2.5768633    8.08477975
  14.90963465  13.43223598   8.27563483   8.41584463  10.31432273
  -4.13492744 -18.9062784  -15.51011034 -15.70155784 -15.53651329
 -12.83539434  -8.91889933  -5.28526088   0.83732767  -0.15366807
  -5.20767297  -6.3452043   -6.85161973 -11.12676319 -13.37652913
 -15.16591623 -11.60097624  -7.9893081   -7.14537687  -8.93276776
  -8.37529921  -8.94478095  -5.37687347  -7.64046694  -9.79001778
  -9.74594394 -12.92700476 -12.53293307  -9.62444863 -17.64332111
 -10.47601196  -2.98527451  -8.02299647  -8.42374078  -3.40009099
   0.30557853   3.28506471  -0.97352452  -2.79931486  -3.13642907
   2.83610909   6.03234111   4.26487315   0.08151574   3.77520241
   1.59592151   0.04648196   3.85419597   6.17455235   4.93153552
  -2.40359758  -5.24569847  -0.20879387   1.24004446   9.04241499
  12.71033341  12.45619341   4.09008667  -0.80872445  -0.45507517
   2.09317493   2.67260097   1.43757943  -0.39157452   8.27562227
   9.74520146   5.25881789  -4.48203752  -6.95238517 -12.27089537
 -15.46231686 -15.8763772  -12.78565075  -5.19638013  -6.90412121
  -7.01221129  -0.60122812  -0.06542071  -1.05075546   7.33795013
   3.1613099   -3.6316919    0.21300813   3.72839019   1.71778714
   3.23488382   9.58357574   9.45485394   4.08468143   4.29575994
  10.12993793  10.28362401   4.78601326   5.72472227   7.18791712
   6.9573185   -1.88695251  -2.51331748   2.03565464  -4.59898581
 -11.0000385  -11.08166444 -12.05613869  -8.06865117  -6.49633328
  -8.08894869  -5.807875    -3.7434393   -1.83574979  -1.06750327
  -2.57272714  -6.77615302 -10.54569419  -6.18943736  -6.48702308
  -6.11888232  -6.7402055   -9.65376786  -9.0035851   -8.65220205
 -12.10290806  -6.65905373  -4.79777807  -5.16106594  -1.70951136
  -3.48163591  -6.07911116  -4.94263945  -4.79152098  -4.01929391
  -5.29934458  -6.04926842 -10.61337168 -10.17728373  -8.54048775
 -13.9541021  -11.90779782  -7.79657434 -11.90775874 -13.37389435
 -16.12525549  -9.54861898  -3.22262864  -6.81456821 -12.58036338
 -13.46784458  -9.93942903  -1.84972879  -2.86280495  -2.96424796
  -5.59514298  -5.87177368   3.06697931   1.61096923  -2.19719996
   4.97829926   5.24583746   4.08586051   5.42903776  11.40254597
  12.88302088  17.13963125  18.72031245  15.35148802  20.40203259
  20.03219974  12.12649973   4.30025261   2.77782097  11.26208248
  15.17844257  17.13408173  15.01343505  12.87487968   9.67127381  11.58985
   8.6092381    0.95391071   1.20577834   4.57696507   3.83437784
   4.30943859   5.53849311   6.31384418   3.08367233   1.4757907
  -2.62134665  -3.88378418  -8.65761139  -3.47692037  -0.88085865
  -4.93453313  -9.66739413  -6.73239082  -6.59095306  -3.08848383
   1.49436866   0.31558596  -4.03734491  -3.3600979   -0.27145618
  -1.45041361  -2.55763056   1.66517758   0.16174894  -2.32554168
   1.80547889   0.3255354    0.16230687   0.21939198  -2.08099283
  -5.32786626  -2.94340091  -4.35006721 -11.2136816  -11.95403822
 -12.15720793 -12.50810655 -11.590142    -6.23658211   1.07456803
   4.07040672   1.42715061   2.16170527   8.65700748  14.783861
  12.16446475   1.3150347   -0.69107438   2.32666796   0.19546305
  -6.14355086  -7.61933251  -5.36742586  -5.26832261  -3.76011418
  -4.50205865  -4.15227875  -0.80693382   0.14566207   2.41889265
  -0.15958143  -2.56812388  -4.54549394  -6.78489898  -4.62324487
  -2.37505183  -3.6552988   -2.58110023   1.36154543   0.1515482 ],[ -9.35673105e-02  -3.16583379e+00  -4.98280729e+00  -2.14426789e+00
   7.09592626e-01   9.00940471e+00   1.33291472e+01   8.97338576e+00
   2.38304389e+00   7.67926848e+00  -2.64620861e+00  -1.09208911e+01
  -9.77510889e+00  -8.31238479e+00  -6.24316720e+00  -1.65194475e+00
   9.34553376e-01   3.49147543e-01   3.20412834e+00  -2.28869387e+00
  -5.84847314e+00  -6.01730553e+00  -4.79498500e+00  -1.25297901e+01
  -1.24265486e+01  -1.08186871e+01  -9.88564404e+00  -7.96120448e+00
  -7.33022233e+00  -5.67289711e+00  -1.25043484e+00  -1.33103692e-01
  -4.28899091e-01  -6.97786577e+00  -1.21842157e+01  -1.46745456e+01
  -1.38195654e+01  -8.61017005e+00  -7.28295560e+00  -1.22619714e+01
  -9.08747428e+00  -1.30669784e+01  -1.30843485e+01  -6.58357755e+00
  -3.61583058e+00  -2.44802551e+00  -3.74201270e+00  -1.36520950e+01
  -1.86171189e+01  -1.64332433e+01  -9.91802061e+00  -6.77066133e+00
  -9.40110579e+00  -4.06132231e+00   2.89617652e+00   5.97450286e+00
   7.68102473e+00   5.07182710e+00   6.89751520e-01  -6.31854340e-01
  -1.43608992e+00  -3.44456755e+00  -2.98886720e+00  -6.87845378e+00
  -4.44595756e+00   1.17589863e-01   3.12589161e+00  -4.59687953e+00
  -7.31523221e+00  -9.09956525e+00  -4.42591004e+00  -3.40552394e-01
   5.07810911e+00   8.36990826e+00   1.54078521e+01   9.65428534e+00
   6.51514231e+00   6.42933228e+00   3.00172121e-01  -6.04917967e+00
  -9.12868222e+00  -1.26329567e+01  -1.15853713e+01  -6.86885743e+00
  -1.16578047e+01  -8.87637200e+00  -5.90864084e+00  -8.84280024e+00
  -9.57539139e+00  -2.28242306e+00  -3.41857297e+00  -1.66935773e+00
  -4.62421131e+00  -3.04390133e+00  -5.04222539e+00  -8.07195211e+00
  -8.54881821e+00  -7.13311909e+00  -9.71291317e+00  -9.80607388e+00
  -8.25098880e+00  -6.59702706e+00  -4.91136737e+00   3.15343873e+00
   1.44333907e+01   1.46769026e+01   8.06452112e+00   1.15548659e+01
   1.12419228e+01   6.76910195e+00   1.09876290e+00  -3.17759308e+00
  -1.82075451e+00   4.84624870e+00   4.68483543e+00  -1.47255777e+00
  -2.59819308e+00  -2.73405663e+00   5.69630872e-02   4.69431463e+00
   1.44837635e+00  -8.93494102e-01   1.30022133e+00   2.35653280e+00
  -1.55436233e+00  -2.32021889e+00  -2.66465019e+00  -9.87483807e-01
   4.43401730e+00   1.12866276e+00  -5.05003242e+00   6.36666165e-01
   8.95177019e+00   1.25045903e+01   1.14638696e+01   3.89819244e+00
  -9.09245693e+00  -1.53496432e+01  -1.53096485e+01  -1.11814960e+01
  -1.10682620e+01  -1.02026791e+01  -9.84407802e+00  -6.33289884e+00
   5.43857821e+00   4.58102065e+00   6.34335764e-01   1.00868652e+00
   4.47623830e-01  -2.58766594e+00  -7.14545539e+00  -3.80664631e+00
  -3.88551324e+00  -4.03317078e+00  -4.74963424e-01  -4.94244821e+00
  -9.32482688e+00  -3.75760994e+00  -7.95455249e-02  -4.12545715e+00
  -7.51957006e+00  -8.82830028e+00  -7.66804965e+00  -5.99507722e+00
  -4.46246896e+00  -3.40699989e+00  -9.02166592e+00  -1.00019296e+01
  -1.05968075e+01  -6.33801536e+00  -1.13486042e-01   4.36334402e+00
   2.18028273e+00   2.25052919e+00   7.38377429e+00   7.68357288e-01
  -6.91594769e+00  -1.08011241e+01  -9.38895076e+00  -1.15640548e+01
  -9.81214302e+00  -6.18419386e+00  -4.96162318e+00  -4.44248031e+00
  -4.72049150e+00   1.52151316e+00   3.76046257e+00  -9.01786690e-03
  -1.76736839e+00  -3.82952298e+00  -8.32778358e+00  -1.11257563e+00
   1.56571233e+00   9.78154586e-01  -1.95638343e+00  -1.92012113e+00
  -1.77973321e+00  -1.72212320e+00  -1.16737424e+01  -1.10976588e+01
  -3.57250145e+00  -1.51829693e+00  -9.66079369e+00  -5.63170516e+00
  -7.59147876e+00  -4.92378967e+00  -5.86170018e-01  -4.45497161e-02
  -7.12850967e+00  -1.92455688e+00   1.02695862e+00  -1.58857390e+00
  -5.30606870e+00   1.68108272e-01  -4.37796058e+00  -7.15290632e+00
  -3.83581750e+00   6.38283276e-01  -1.73126325e+00  -5.19778542e+00
  -5.27662924e+00  -4.68133550e+00  -3.74996171e+00  -4.82473837e+00
  -7.15455592e+00  -9.55897200e+00  -1.12785616e+01  -1.17770992e+01
  -1.18162085e+01  -1.22427543e+01  -3.83253070e+00   9.36482273e-03
  -3.34273267e+00  -1.00629661e+01  -1.19182385e+01  -8.52466537e+00
  -1.00330543e+01  -1.56034869e+01  -1.47679291e+01  -1.09308544e+01
  -1.21229372e+01  -1.10991306e+01  -1.20898090e+01  -1.25297218e+01
  -1.21167719e+01  -1.76544749e+01  -1.68780919e+01  -8.55062485e+00
  -7.79369942e+00  -1.28074961e+01  -1.24079768e+01  -9.86134769e+00
  -7.91505727e+00  -7.45866289e+00  -1.11493147e+01  -1.42790847e+01
  -1.20669996e+01  -1.10867172e+01  -5.87457316e+00   3.58861965e+00
   2.78231477e+00],[ -2.53226216e-04  -1.83509022e-01  -2.10896109e-01  -2.19648905e+00
  -5.45612976e+00  -1.55517758e+00   8.04528753e+00   8.99151931e+00
  -6.74230879e-01   1.49344732e+00  -2.19927867e+00  -4.28612654e+00
  -7.01120662e+00  -6.14796904e+00  -6.78280742e+00  -7.64565978e+00
  -8.71727834e+00  -1.36348372e+01  -1.26750955e+01  -9.99645804e+00
  -1.12447752e+01  -1.04667398e+01  -9.65449765e+00  -1.31317185e+01
  -1.44332270e+01  -7.67972752e+00  -3.66256839e+00  -3.73157741e+00
  -6.87146180e+00  -7.17201530e+00  -4.60706557e+00  -3.70676100e+00
  -4.00023969e+00  -6.28954609e+00  -8.01488584e+00  -7.70902782e+00
  -6.09619854e+00  -3.38714137e+00   2.79327351e+00  -3.39822477e+00
  -7.31976462e+00  -7.04977693e+00  -1.02926454e+01  -6.16416719e+00
  -2.51036241e+00  -3.34661691e+00  -6.15661719e+00  -6.90675687e+00
  -8.56519906e+00  -8.86592449e+00  -9.18080514e+00  -1.27282574e+01
  -1.73630113e+01  -1.29913956e+01  -1.49164225e+01  -1.52855308e+01
  -1.45017335e+01  -1.47497487e+01  -1.89768255e+01  -1.77689651e+01
  -1.19065646e+01  -5.69029998e+00  -1.01570248e+00  -4.55483974e+00
  -1.02223786e+01  -7.38575130e+00   1.75397071e+00   1.25559135e+00
   5.89094851e-01  -3.75264676e+00  -1.38610822e+00  -2.14986556e+00
  -4.30315203e+00  -4.13208468e+00  -3.19556998e+00  -5.73278292e+00
  -5.79683676e+00  -3.16789571e+00  -5.28646874e+00  -7.19838990e+00
  -3.87698662e+00   1.39313293e+00   7.84950016e+00   7.34353924e+00
   3.67421724e+00   3.10599598e+00  -4.70521600e-01  -4.77064912e+00
  -6.38340138e+00  -4.20439490e-01   4.28793947e+00   6.50724016e+00
   1.49248924e+00   1.10685459e+00   2.84286716e+00  -8.81520942e-01
  -6.83978626e+00  -5.52631148e+00  -5.26450942e-01   4.19598418e+00
  -1.67542416e+00  -1.97230181e+00   1.01691089e+01   7.86937651e+00
   6.00380015e+00   5.86714431e+00   2.17293788e+00   2.24768782e+00
  -1.66122847e+00  -7.98847722e+00  -4.78731705e+00  -1.59949546e+00
   7.00310717e-01   4.54578035e+00   1.73029286e+00  -1.19289626e+00
  -2.48677615e-01  -1.02619135e+00  -2.80402589e+00  -3.11160858e+00
  -8.60327541e+00  -9.37308265e+00  -5.27614696e+00  -2.75889318e+00
  -4.58730639e+00  -5.64270036e+00  -4.76391368e+00  -3.01298144e+00
   1.40987807e+00   3.16802186e+00  -1.24470398e+00  -4.97476043e+00
  -3.15934593e+00  -3.71124486e+00  -2.46576280e+00   1.46768891e+00
   2.13445564e+00  -1.02117218e+00  -4.60956962e+00  -6.78386406e+00
  -7.56268520e+00  -8.57876884e+00  -1.06186976e+01  -1.63382853e+01
  -1.52111348e+01  -1.61307995e+01  -2.03757850e+01  -1.72607594e+01
  -1.23427556e+01  -7.67794214e+00  -4.86019835e+00  -2.95038786e+00
  -4.99550929e+00  -3.94100949e+00  -4.73034491e-02  -4.46525712e+00
  -1.18991452e+01  -7.07101166e+00  -1.31894712e+00   1.14544274e-01
   5.54343213e+00   7.58976505e+00   8.34117299e+00   1.14487558e+01
   1.02910008e+01   2.21839355e+00   2.19277467e+00   2.04553934e-01
  -2.63406121e+00  -1.84880708e+00   1.33672174e+00   3.89104508e+00
  -6.07340566e-01  -5.19780777e+00  -2.11666183e+00  -3.48729409e+00
  -1.37541525e+00  -1.43125422e+00  -9.55509433e+00  -1.92903732e+01
  -2.20192490e+01  -2.64437842e+01  -2.26304700e+01  -1.86531603e+01
  -1.29215773e+01  -1.18055000e+01  -1.17083445e+01  -1.60285602e+01
  -1.71090451e+01  -1.27929313e+01  -1.54320642e+01  -9.99145906e+00
  -6.33754272e+00  -7.78038940e+00  -9.88623078e+00  -7.83696230e+00
  -8.41080127e+00  -3.27584384e+00  -1.06763702e+01  -1.51677941e+01
  -7.05718257e+00   3.32262925e-01  -8.05549705e+00  -8.35270754e+00
  -8.40549500e+00  -6.37031884e+00  -5.82868090e+00  -5.22919445e+00
  -6.52067707e+00  -3.89438923e+00  -3.35669410e+00  -3.01466289e+00
  -9.52005410e+00  -7.89084829e+00  -6.66473937e+00  -7.47707883e+00
  -7.58363271e+00  -7.71779940e+00  -1.43887682e+01  -2.39226549e+01
  -2.74574375e+01  -2.88188419e+01  -2.65276100e+01  -2.62680752e+01
  -2.65630849e+01  -2.76506255e+01  -2.52577216e+01  -2.20261133e+01
  -2.07174441e+01  -2.11687088e+01  -1.90194484e+01  -1.96307953e+01
  -1.75029650e+01  -1.88535899e+01  -1.53788152e+01  -9.47251092e+00
  -8.13792061e+00  -7.73696174e+00  -6.02564821e+00  -5.24716692e+00
  -8.98728385e+00  -7.46216817e+00  -3.17236406e+00  -2.30281717e+00
   1.01082902e+00  -1.01968312e+01  -1.00249600e+01   3.15018213e+00
   3.70807056e+00   2.53056201e+00  -3.71504235e+00  -1.04901371e+01
  -9.45797917e+00  -6.48596666e+00  -5.19492304e+00  -1.29290123e+01
  -9.47149599e+00  -6.79808654e+00  -8.16884208e+00   1.78655389e-02
   3.36854247e+00]