[-738.13171812 -699.04890969 -660.158013   -465.64474249 -374.45345274
 -361.09323558 -373.55622581 -375.42992058 -371.50745287 -369.5246547
 -360.22846618 -362.67167161 -352.04687637 -349.89013731 -347.02848218
 -348.0897965  -348.91352405 -361.42899265 -365.73033    -365.12275167
 -364.75165423 -364.33944879 -375.28651276 -393.0812278  -403.77296351
 -422.89936078 -447.23737439 -479.9646993  -513.30855588 -535.09803994
 -565.47846079 -584.53553487 -595.01318089 -600.54806551 -602.90646529
 -605.13336029 -608.74197116 -598.1072711  -575.73334777 -554.28702698
 -548.36160061 -549.84820311 -546.3376874  -544.00076261 -546.06561516
 -546.73138378 -542.54078486 -542.44912952 -541.27437937 -532.25139602
 -523.47377406 -527.63807085 -533.15870017 -536.18092652 -533.4188012
 -528.60379696 -532.65464788 -542.33317405 -545.30915322 -548.1613454
 -554.04192854 -557.30214567 -563.36692045 -571.64903697 -586.94373014
 -596.94797918 -605.0969296  -610.34636709 -611.57642113 -614.67460583
 -619.62142368 -612.4779013  -617.2038599  -622.03715403 -620.34632244
 -618.29571539 -612.53882764 -595.76009535 -545.49670692 -494.23880289
 -450.42271942 -419.77589125 -409.997781   -410.06816424 -433.55960445
 -492.27572894 -518.04242573 -542.43002725 -543.50122391 -476.61382192
 -396.46409753 -358.18998253 -343.91563051 -335.75032348 -331.10723762
 -329.55687093 -336.08729861 -343.58337802 -348.17397749 -357.33733856
 -356.03685395 -368.57056477 -380.06310069 -395.6246682  -440.29387069
 -485.7680734  -489.20702886 -442.53544933 -381.47491496 -364.22453343
 -378.4557108  -393.99488133 -384.94208212 -378.92343933 -383.69269647
 -392.67345766 -407.1628399  -409.54285858 -411.98728137 -419.75948922
 -414.66683907 -405.24443118 -388.78051152 -393.02358806 -414.43184032
 -445.91488136 -469.11524125 -477.40389993 -465.20576386 -441.71209832
 -417.26157623 -404.94320981 -412.49865826 -440.75170505 -414.94952074
 -391.15523399 -382.11410585 -378.44808997 -382.9369467  -388.08366719
 -389.78944315 -394.3039835  -395.62307611 -408.99085451 -418.9079369
 -438.58050328 -471.13445315 -515.00783434 -506.02894649 -456.70649045
 -433.21656935 -430.84641747 -442.1070558  -463.28444489 -495.34299606
 -513.8316987  -522.18521825 -533.86837306 -523.60808661 -482.8770418
 -465.88871922 -471.498078   -493.64589806 -502.2772342  -500.80485382
 -492.81751823 -476.89077037 -461.7207906  -446.13997076 -429.67791005
 -417.86857185 -416.40253266 -411.50605292 -413.64695444 -416.28189344
 -422.44752067 -413.39986468 -405.0322558  -430.8261282  -452.05419596
 -469.28097787 -486.40563112 -483.69973752 -478.76070756 -480.51476269
 -494.86078756 -526.33909841 -550.56314672 -537.94795489 -450.9869382
 -399.25568152 -390.1896672  -398.25487422 -410.77999435 -427.14892316
 -450.5425854  -469.31009135 -483.9553054  -495.33265778 -511.31463837
 -536.68266809 -545.19375182 -541.85320287 -503.86904725 -432.79978822
 -377.74012405 -357.6997922  -351.83129666 -343.6165009  -343.64299519
 -346.78852841 -358.03429553 -382.14836497 -398.93770426 -403.94701342
 -412.49943774 -414.65961926 -420.2365447  -431.17385087 -436.1258849
 -439.17004004 -439.20795739 -442.24704369 -443.31111616 -447.78730594
 -446.21356265 -444.74307264 -450.99668371 -447.14019138 -442.14255759
 -438.01125578 -434.60875015 -435.24756457 -418.99278167 -395.68467957
 -382.89289966 -371.42181227 -364.41985351 -364.48701952 -365.21335026
 -364.07693986 -366.29658529 -366.37897292 -385.40748576 -436.63119069
 -519.12097394 -567.16100573 -559.25060834 -504.04535351 -453.32556781
 -436.61205005 -439.8983913  -443.52052684 -446.14126339 -442.47762388
 -434.96354027 -428.73332286 -425.72650746 -422.97387169 -421.74460095
 -428.08417415],[   2.98605375    8.15516413   17.16039309  177.32285153  213.25877252
  207.86741811  191.21584402  191.81927758  190.16535967  187.15252069
  191.7750083   182.8900121   187.34922501  187.69788867  189.53619983
  191.16820424  197.94617911  200.46942673  207.65202021  211.00058252
  210.50870995  203.07247674  194.85827315  183.94092357  178.73760346
  168.61189054  163.74813153  154.53596643  150.52245898  144.26713685
  127.72323725  116.06030706  104.56729674  103.06615521   98.07909087
   94.14235462   90.39804509   95.74211131  111.71457084  117.07196179
  114.40141983  111.3152616   107.03729001  101.42039488  102.66445652
  101.18575969  101.78129189   99.65625858   98.13979563   97.53517713
  103.19933607   97.31703639   94.78460782   95.34583519   95.9927999
   98.86996494   94.79713606   90.42045054   93.68804914   88.43227649
   83.56909713   88.71998195   91.23208388   84.57685955   73.6314064
   71.40398677   71.66048665   68.38859874   66.4607615    65.12509699
   60.43776603   65.0247639    65.21907014   59.24289835   57.3232951
   54.742702     54.70815697   65.13057551   92.67536734  125.38651615
  163.44991967  177.06118429  168.86667241  165.06347832  164.27352369
  139.0740483   123.33619402  115.93188816  116.00424024  132.27783374
  159.77174508  173.82032853  169.78119777  161.88772687  162.62235444
  161.131787    157.97451527  155.72083363  153.34024943  148.25804201
  159.51657705  150.23325741  144.67188555  146.61430508  136.42807067
  107.06524677   91.049665     83.78864714   82.37284984   79.7510328
   84.25177861  105.35737883  126.25981721  130.4370656   135.51716904
  141.78214208  156.03565343  162.46575946  158.49128289  148.41989667
  151.57884474  152.00542181  164.54151553  172.72592509  184.15374468
  183.54826132  180.37273697  177.82375533  186.60270182  179.82045893
  174.85528223  173.92337145  186.16284594  183.71313604  191.55359379
  188.69291179  186.43295848  184.81657609  179.35179723  171.84908781
  167.39659658  161.77305726  163.90768652  153.75111795  153.99029018
  154.41684709  156.8007217   149.94638788  150.91984365  156.32027296
  160.69860064  168.59954348  173.49500746  177.09480918  170.40446327
  148.1440413   120.02854069   95.84362873   81.45029021   92.18629194
  104.59771595  124.349163    148.70163924  163.38205521  172.90482255
  179.1112421   183.15623944  180.9623484   178.6068012   184.42299358
  187.19984546  189.62270655  191.08127515  181.35568413  176.52855677
  158.31874494  126.73488616   87.95022165   46.47124008   19.19394749
    2.3426654    -2.15819889    3.72148431   10.70061276   34.29314489
   54.40096056   70.34832125   79.63244249  120.41571376  179.52730626
  192.5164793   180.85800056  169.76299536  159.07894593  150.14519755
  132.78291095  109.90725751   79.42327717   54.76138578   34.51995627
   31.81897071   47.34997202   80.96634932  120.81812124  156.38785872
  179.50231252  189.2273882   193.40613458  203.48955354  202.88557881
  202.57417285  199.40128805  188.09489797  172.38509331  162.46505401
  154.55779215  154.65710165  147.67086269  138.89674457  142.28157921
  146.4417425   147.36765265  147.59669259  145.65441737  139.01848059
  142.44230523  149.05440695  142.00002778  146.38799607  142.63994807
  140.56745555  146.60703692  150.90980809  168.01684831  185.40694035
  187.42337089  187.68720363  188.41366042  186.4023745   184.83089345
  187.72224257  190.85890057  199.66767661  202.92572072  198.46931378
  161.14353301  128.69772772  138.1982068   159.24512272  165.51059895
  159.97419972  149.73456662  153.05635382  152.05463404  150.37761767
  150.23137292  157.87784413  164.78660302  167.34225587  179.08417111
  187.97101938],[  -6.74683311  -20.467379    -27.53032762    8.91082051   -8.06736601
  -18.46410184  -28.33674341  -24.87068514  -29.56772563  -37.29309276
  -42.26554778  -48.81376397  -57.99353104  -67.96222398  -73.15161525
  -81.25796907  -86.79080246  -84.87328032  -79.63420095  -78.23952387
  -79.40656355  -76.72414904  -67.94818975  -55.91993972  -45.71183295
  -40.43094031  -28.10425947  -19.28601577   -3.47204604   11.44417776
   17.02619113   23.81125755   23.93487872   27.74540651   24.74056654
   19.74375014   12.3512524     5.84454964    0.84485616  -10.84288525
  -20.2468142   -23.75784655  -33.92966903  -40.58525939  -35.58813024
  -35.96442815  -36.59030678  -44.40719257  -47.13464672  -48.49155012
  -52.31444159  -58.56167642  -51.3387245   -45.0355303   -46.19225665
  -38.41467616  -35.79120169  -34.36704199  -29.75488757  -31.12641926
  -30.63860022  -21.99080726  -13.32715321   -9.2379787    -5.88916649
    1.65260181   10.03172521    8.01015711    2.23529901    8.83054768
   12.89614698    8.10904822    6.1162464     6.9578355     5.05384435
   -1.9109293    -4.44409844   -8.50058921  -20.84408044  -32.89746928
  -19.71531042  -24.0314645   -35.14621502  -43.05711312  -26.41860635
    1.82977837   17.05752899   26.00017437   25.26032933  -21.23402364
  -49.05727464  -58.09076103  -73.74265807  -91.68608075  -94.31208742
 -101.02656724 -103.86927651  -99.17579456  -96.95383821  -98.83198171
  -91.39518397  -80.10164239  -63.77922784  -48.31452434  -25.31502378
  -14.13466274  -15.14551869  -42.7575099   -65.03153134  -73.41344856
  -76.94560387  -69.67604626  -68.62018919  -73.05664209  -69.98342912
  -62.44453315  -55.99993924  -65.1481371   -67.62157261  -69.56803923
  -68.89602598  -72.89357031  -65.18771057  -55.50998749  -35.39534175
  -19.79145207   -8.41979221  -15.16789388  -17.04750157  -28.34863335
  -42.23796094  -43.8892855   -27.53933778   -5.82735973  -23.08373708
  -42.77149998  -51.20166802  -52.97234947  -55.65285885  -57.12363652
  -53.79301323  -54.8585417   -45.79666666  -44.14915265  -43.13859711
  -35.85289684  -14.6018273    14.45628641   -0.93475023  -35.14640688
  -43.46888342  -40.59527788  -27.20349473   -4.82759966   21.75019774
   30.561327     28.59107411   28.80718913   21.92436454    9.4850427
    4.8644879    11.14575033   25.7722813    35.95184758   42.51823621
   41.87921133   34.41182712   17.17650317    0.91165609   -4.89005963
  -11.85539638  -20.18715429  -22.17818149  -31.26867551  -31.48587593
  -37.77262566  -46.59337959  -45.14306553  -29.92497502  -18.8746846
  -11.91435429   -1.86636041   -4.23248036  -19.64844149  -31.14467428
  -37.71369745  -27.80762862  -23.8358172    -5.17953285  -10.0147377
  -34.34707781  -56.21766038  -57.68255216  -48.03607062  -29.22043927
   -4.30265237   13.70691632   22.57370149   37.70953018   49.69800253
   59.18047464   41.22315507   30.82877647   19.26207839  -12.22887841
  -33.51339254  -42.92217205  -48.56440486  -51.93383038  -54.0068271
  -55.53448276  -54.8493495   -47.16102519  -39.82576774  -43.85816759
  -51.26633759  -55.89787649  -55.89301873  -56.91163626  -57.02582734
  -55.43312612  -53.72974675  -49.77085349  -50.40771195  -51.50575298
  -49.48872232  -48.51013922  -53.23663616  -49.64851107  -50.49053669
  -49.06007959  -41.64218017  -37.28011048  -36.3703711   -46.72449447
  -56.75405852  -64.02593523  -63.97084175  -61.10720528  -61.79550251
  -62.62934173  -62.50017983  -52.54434588  -34.58012093   -7.06828115
   21.49028548   27.2159308    21.2741305   -11.9019086   -40.17496422
  -49.98323268  -45.46650225  -29.92225403  -17.92209111  -16.70707124
  -19.74861846  -18.61092556  -13.64952052  -13.35218035    0.3897421
   14.46743213],[ -2.27758758e+00   1.83615659e+00   9.79844434e+00  -5.63995717e-01
   1.29785417e+00   3.86522917e+00  -1.21966683e+00  -3.17086080e+00
  -3.29192852e+00  -3.94575713e+00  -3.29250740e+00   2.62603211e+00
   4.84169013e+00   6.71762144e+00   6.38680016e+00  -2.59288404e+00
  -1.38111395e+01  -1.95883750e+01  -2.30866949e+01  -1.82190601e+01
  -1.15466853e+01  -6.78698246e+00  -3.70222958e+00   4.09470185e+00
   1.20611337e+01   1.49495750e+01   2.13970698e+01   2.18745168e+01
   1.77014916e+01   2.06917129e+01   2.51058928e+01   2.96093279e+01
   3.10201448e+01   3.33611568e+01   3.49648555e+01   3.31359067e+01
   2.89469698e+01   2.80098042e+01   2.25218359e+01   2.20111510e+01
   2.00653321e+01   1.87081073e+01   1.94775526e+01   1.91173687e+01
   2.29874358e+01   2.69906524e+01   3.28300059e+01   2.37941783e+01
   2.49134180e+01   3.40758709e+01   3.27150469e+01   2.74029767e+01
   3.01263719e+01   2.67783655e+01   1.91311710e+01   2.10476995e+01
   2.40792009e+01   3.00596991e+01   3.11180549e+01   2.44697200e+01
   2.50885677e+01   3.12276980e+01   3.17696849e+01   3.16713203e+01
   3.01777049e+01   3.66770703e+01   4.54459534e+01   4.50107226e+01
   4.29367424e+01   4.68987586e+01   5.25492888e+01   4.43868303e+01
   4.09155971e+01   4.39905602e+01   4.48848724e+01   4.09434147e+01
   4.27925714e+01   3.99042337e+01   3.59719455e+01   2.93610066e+01
   4.07514181e+01   4.21471897e+01   4.75235525e+01   4.73679412e+01
   5.35207789e+01   6.69268345e+01   7.92033424e+01   7.70314452e+01
   7.22398796e+01   5.34865102e+01   6.10347217e+01   7.74780859e+01
   8.32688707e+01   7.64276361e+01   7.29291039e+01   6.81560949e+01
   6.84056353e+01   6.88393122e+01   6.77650902e+01   6.81431584e+01
   6.51848746e+01   7.35250085e+01   8.69626672e+01   8.70901296e+01
   7.72781841e+01   6.44010165e+01   6.11947242e+01   6.68440298e+01
   8.17708669e+01   8.86012645e+01   7.34378637e+01   4.86122014e+01
   3.34160447e+01   2.88390286e+01   3.02809702e+01   3.49526640e+01
   2.83045611e+01   1.10280192e+01   4.96604908e+00  -2.04225034e+00
  -2.45207737e+00   1.08822939e+00   9.21437006e+00   6.93636280e+00
   1.33966126e+00   7.09524108e-01   8.04140326e+00   7.81617714e+00
   8.55662756e+00   1.12751077e+01   1.47978960e+01   1.29540180e+01
   7.73455607e+00   1.54943647e+01  -4.25385791e-01  -1.04867489e+01
  -1.19902664e+01  -3.98530026e+00   3.77663852e-01  -1.58653879e+00
   7.97287720e-01   4.33785118e+00   1.35153975e+01   2.37963655e+01
   2.83340245e+01   3.42087974e+01   4.00916589e+01   4.43830769e+01
   4.51072632e+01   4.29799500e+01   3.99540200e+01   2.23092573e+01
   1.13835705e+01   9.74393360e+00   1.58930821e+01   3.31344971e+01
   4.60450677e+01   4.50703380e+01   4.74774397e+01   4.00842064e+01
   4.17135970e+01   4.72780161e+01   4.46604865e+01   4.09093475e+01
   3.86136704e+01   3.35587140e+01   2.70411295e+01   1.92601479e+01
   5.53076992e+00   1.24103686e+00   5.53566261e-01  -7.46774659e+00
  -4.11645903e+00  -2.07255856e+00   1.00276462e+01   2.79116325e+01
   6.09834589e+01   9.48208930e+01   1.16791255e+02   1.15764224e+02
   1.17282239e+02   1.18173283e+02   1.13980286e+02   1.01198315e+02
   7.49298949e+01   4.92288795e+01   3.84187527e+01   3.17437017e+01
   2.95968990e+01   3.62753951e+01   4.38975700e+01   4.39729906e+01
   5.34976201e+01   5.83001956e+01   5.92540727e+01   6.15192515e+01
   7.36135417e+01   8.42588122e+01   8.94671002e+01   8.86471198e+01
   8.13367651e+01   6.09873617e+01   5.81440949e+01   4.84867753e+01
   4.51896524e+01   4.71130635e+01   3.98098822e+01   3.59242672e+01
   3.25972209e+01   2.65974353e+01   1.68646000e+01   1.35876940e+01
   2.02773991e+01   3.91904682e+01   4.27247873e+01   3.72767719e+01
   3.27540194e+01   3.67226838e+01   4.04902587e+01   3.90496052e+01
   3.37659284e+01   3.55569118e+01   3.65486329e+01   3.26247993e+01
   3.88398126e+01   3.62236888e+01   3.06555323e+01   2.80573963e+01
   2.74384759e+01   3.07359221e+01   3.44899718e+01   3.32798046e+01
   2.99243502e+01   1.19620895e+01  -6.72688308e-02   2.75701161e-01
   1.75801233e+00   4.67486958e+00   5.81594288e+00   4.12912650e+00
   2.45494096e+00   1.91379942e+00   5.27225523e+00   1.52052379e+01
   1.91927034e+01   2.90644394e+01   3.79127173e+01   4.32244448e+01
   3.88409356e+01   4.51572931e+01   5.44775987e+01   6.22729320e+01
   6.70473105e+01   7.19468124e+01   7.67806945e+01   7.44369817e+01
   6.54530602e+01   5.69802509e+01   4.86271585e+01   5.36774997e+01
   5.25522646e+01],[ -2.64599166e-01  -4.83795339e+00  -9.04668083e+00  -3.75309228e+01
  -4.67895191e+01  -4.97794715e+01  -5.52754082e+01  -5.86715582e+01
  -5.99175479e+01  -5.83412572e+01  -5.42055610e+01  -4.95288511e+01
  -4.45785957e+01  -3.46566703e+01  -3.38441717e+01  -3.47378700e+01
  -3.59042024e+01  -3.24572746e+01  -3.21835189e+01  -3.09026646e+01
  -2.79926060e+01  -3.09649063e+01  -3.32041935e+01  -3.36776938e+01
  -3.14918333e+01  -2.65982655e+01  -1.49745388e+01  -8.29995415e+00
  -1.13564320e+01  -1.41471560e+01  -8.13886757e+00  -6.90957007e+00
  -5.19755919e+00  -3.30690644e+00  -7.44430271e+00  -7.61481254e+00
  -3.51914040e+00   4.63163779e+00   3.62571085e+00   3.10648202e+00
   2.78263532e+00  -1.87311117e+00   2.22891527e+00   5.46077910e-01
   3.89588042e+00   7.76493201e+00   9.06044628e+00   4.90318277e+00
   5.96948495e+00   8.91572998e+00   7.08408312e+00   6.28684025e+00
   6.76351733e+00  -2.45447811e+00  -3.58292912e+00  -1.15249657e-01
  -3.83027298e+00   1.54865269e-01  -2.86935080e+00  -1.06744137e+01
  -7.03558129e+00  -4.20712560e+00  -9.86365495e+00  -9.54589701e+00
  -1.22648673e+01  -7.94120111e+00   1.84783867e+00   6.42069849e+00
   9.76867457e+00   8.48241408e+00   8.58361984e+00   5.35840987e+00
   9.17443996e+00   7.37267770e+00   8.96493201e+00   8.56295297e+00
   8.01760314e+00   1.34991484e+00  -9.74834303e+00  -1.70722506e+01
  -1.09929236e+01  -1.42491281e+01  -8.01682896e+00  -1.32361189e+00
   6.32513001e+00   1.42450096e+01   1.67466375e+01   1.66085237e+01
   1.34726195e+01  -2.87410947e+00  -9.66204564e+00   5.90030875e+00
   1.35424858e+01   7.95779679e+00   4.85015343e+00   3.39601535e+00
   7.43244694e+00   7.47369288e+00   4.89429025e+00   1.20963185e+01
   1.45575906e+01   1.76352764e+01   2.20214228e+01   2.52075165e+01
   2.09242147e+01   9.28517444e+00  -3.59803004e+00  -2.17672312e+01
  -3.17245650e+01  -2.79469403e+01  -2.29385807e+01  -2.05536550e+01
  -2.58450794e+01  -3.61332023e+01  -3.80504633e+01  -3.36166658e+01
  -3.21148818e+01  -3.21661472e+01  -3.50611894e+01  -3.75009838e+01
  -3.60246542e+01  -3.36188108e+01  -3.16309480e+01  -3.14929562e+01
  -2.87556571e+01  -2.11107472e+01  -4.09617636e+00   3.12984237e+00
   7.36729924e+00  -2.98850871e+00  -7.59662261e+00  -1.83399860e+01
  -2.48850609e+01  -1.77822684e+01  -2.36568266e+01  -3.58170250e+01
  -3.84686863e+01  -3.28127602e+01  -2.46927140e+01  -2.09219116e+01
  -2.00988377e+01  -2.07549724e+01  -1.35807471e+01  -2.49013899e+00
   1.56923088e+01   3.24583994e+01   3.59607967e+01   2.05597192e+01
   2.02981299e+01   1.64913011e+01   1.25341887e+01   3.89262971e+00
  -7.54822758e+00  -1.55309203e+01  -1.22114211e+01  -8.89608787e-01
   1.15794107e+01   8.92340401e+00  -2.29880067e+00  -1.72197496e+01
  -2.54696187e+01  -2.09650160e+01  -1.71926732e+01  -2.53837585e+01
  -3.28151219e+01  -2.93402007e+01  -3.45131664e+01  -3.97161926e+01
  -4.85673330e+01  -4.87185582e+01  -4.06657715e+01  -3.51186721e+01
  -3.38959721e+01  -3.13788505e+01  -1.99993920e+01  -1.81806822e+01
  -1.99433446e+01  -3.03066619e+01  -4.21936537e+01  -5.81318446e+01
  -6.63151427e+01  -7.25595971e+01  -6.63487113e+01  -4.99925942e+01
  -3.25658116e+01  -2.70106326e+01  -1.45320366e+01  -3.46226341e+00
  -8.22234928e+00  -1.44219413e+01  -9.90572045e+00  -7.06090163e+00
  -4.10441846e+00  -1.01425940e+01  -2.23323704e+01  -3.22741114e+01
  -3.87259428e+01  -3.99387880e+01  -4.11513572e+01  -4.07203052e+01
  -3.60087869e+01  -1.64711792e+01   5.14479013e-02  -5.66260305e-01
  -5.93106068e+00  -1.62840966e+01  -2.44154886e+01  -2.97217292e+01
  -3.09192391e+01  -3.35008773e+01  -3.37429348e+01  -3.09180694e+01
  -2.62814603e+01  -2.03989500e+01  -1.63658526e+01  -1.30706412e+01
  -1.33239018e+01  -1.36118540e+01  -8.25970246e+00  -3.38720969e+00
  -5.26651776e+00  -6.99272752e+00  -6.74448555e+00  -9.12655040e+00
  -5.14199598e+00  -6.98839112e+00  -4.49240236e+00  -3.98217254e+00
  -7.25569595e+00  -6.55901135e+00  -3.60433120e+00  -9.06787883e+00
  -1.20998074e+01  -2.34753778e+01  -2.37495649e+01  -2.25469232e+01
  -2.10468090e+01  -2.41670246e+01  -2.53534873e+01  -2.71695280e+01
  -2.52498747e+01  -2.09786550e+01  -1.43476226e+01  -2.45216708e+00
   6.38511940e+00   8.49549664e+00   1.22764311e+01   2.90921570e+01
   4.42077101e+01   5.33283661e+01   5.58773892e+01   5.10735209e+01
   4.27087653e+01   3.51789679e+01   3.50668610e+01   2.84888052e+01
   2.22467021e+01   2.00187365e+01   1.75371540e+01   1.99829479e+01
   1.58362292e+01],[  3.26778398e+00   1.21329054e+01   1.60558694e+01   1.16396846e+01
   1.94609540e+01   2.15395555e+01   2.13960957e+01   2.44469592e+01
   2.86390293e+01   3.08304506e+01   2.98115500e+01   2.94629507e+01
   2.50484517e+01   2.15911183e+01   1.37800974e+01   7.02176517e+00
  -4.31371988e+00  -8.58118211e+00  -1.28957685e+01  -2.10100674e+01
  -2.38718083e+01  -1.66663257e+01  -1.25135684e+01  -1.31944202e+01
  -1.30192988e+01  -6.10182268e+00   1.72210773e+00  -6.15260234e-01
  -7.85091587e+00  -8.31322993e+00  -6.14388084e+00  -1.64591520e+00
   6.41524337e+00   7.24125771e+00   3.55511050e+00   8.02512231e-01
   1.97753235e+00   5.98123510e+00   5.56265898e+00   1.78081668e+00
   6.38049327e-01  -2.09509567e+00  -7.84417863e-01   1.36697709e+00
   1.47661199e+00   4.47416896e+00   1.78530561e+00   3.00422477e+00
  -7.91657686e-01  -1.55870713e+00  -1.88535663e+00  -7.34181839e-02
   2.69154684e+00  -2.92071176e+00  -1.76222751e+00   5.08310070e+00
   3.99081574e+00   8.62976272e-01  -8.47412922e-01   3.45174081e+00
   7.10434972e+00   1.12272148e+00  -3.61983610e+00   3.33254396e+00
   4.13030540e+00   6.07915316e+00   1.43726040e+01   1.79036823e+01
   1.37393263e+01   1.16898837e+01   1.35358716e+01   1.62013139e+01
   1.58153243e+01   1.23896443e+01   1.67544765e+01   1.64006216e+01
   1.41183810e+01   1.26808279e+01   1.36924364e+01   6.71851209e+00
   2.39642134e+00   1.71755324e+00   8.46930229e+00   6.06253948e+00
   4.33206928e+00   1.15136120e+01   1.25641339e+01   1.15643294e+01
   1.53550355e+01   6.74594359e+00  -5.16898434e+00  -2.88391466e+00
  -5.97508430e+00  -9.61503529e+00  -8.28394278e+00  -9.22765157e+00
  -1.29250915e+01  -1.66017110e+01  -2.28535446e+01  -2.13849281e+01
  -1.95116112e+01  -1.32547636e+01  -7.03364717e+00  -5.97227194e-01
   9.30858750e-01   5.43029339e+00   8.88988007e+00  -5.63479712e+00
  -7.94569031e+00   1.35693988e+00   8.26600555e+00   1.63908411e+01
   1.73052798e+01   2.19141615e+01   2.55117091e+01   2.04407042e+01
   3.69616523e+00  -1.73744537e+00  -6.12735461e+00  -2.01814402e+00
   4.24257740e+00   7.48875116e+00   6.55908494e+00   2.92159160e+00
  -1.87410731e+00  -3.68512952e+00   9.77107013e+00   7.83897429e+00
   3.59279523e+00   2.66604983e+00   8.06098538e+00   1.07592560e+01
   8.93573524e+00   8.04328402e+00   1.04574371e+01   1.41979727e+01
   2.06800587e+01   2.08500916e+01   2.15157324e+01   2.88765418e+01
   2.85674158e+01   1.49886045e+01   1.44969835e+01   1.01460731e+01
   1.60162072e+01   2.08349902e+01   1.47850903e+01   8.90122939e+00
  -1.44788276e+00  -7.84170948e+00   2.83792724e-01   1.10140736e+01
   1.39158657e+01   1.23137988e+01   2.50686455e+00   5.98972574e+00
   2.29526082e+01   3.21437523e+01   2.03501845e+01   1.81940188e+01
   1.62098597e+01   7.53185129e+00  -1.10540841e+01  -1.98581782e+01
  -2.28048139e+01  -1.59938900e+01  -1.46384090e+01  -1.14637469e+01
  -2.46107097e+00   7.35441988e+00   1.49468932e+01   1.74668907e+01
   1.55833206e+01   1.04418316e+01   7.92942300e+00   6.39532682e-02
  -1.46864969e+01  -1.28414794e+01   2.07062782e-01   1.04717653e+01
   1.04575291e+01   6.35716913e+00   1.20092479e+01   8.50815243e+00
   9.13371355e+00   1.05990897e+01   1.45305719e+01   1.52009972e+01
   2.68878892e+00  -1.92407612e+01  -2.18767417e+01  -2.00777004e+01
  -2.27638113e+01  -1.90913737e+01  -1.33033257e+01   2.20429330e+00
   1.62078885e+01   3.11035125e+01   4.40770518e+01   5.16229322e+01
   5.11744996e+01   4.53070429e+01   2.91166038e+01   2.01397025e+01
   1.26483088e+01  -8.88806624e-02  -1.07423305e+01  -1.43175477e+01
  -1.46551149e+01  -1.18635018e+01  -8.95300053e+00  -1.28733054e+01
  -1.40331684e+01  -1.73067163e+01  -1.17609808e+01  -8.16510229e+00
  -1.30455731e+01  -1.37576189e+01  -1.13880797e+01  -9.41511862e+00
  -1.13560073e+01  -1.43288810e+01  -1.28760319e+01  -1.20933909e+01
  -1.37814225e+01  -9.70701368e+00  -6.55525032e+00  -5.69440110e+00
  -5.10170457e+00   1.32445721e+00   9.25746790e+00   2.95001189e+00
  -7.14908204e-01   3.95233844e+00   7.77542289e+00   8.36132805e+00
   9.43325255e+00   8.11224522e+00   9.32134196e+00   6.00117387e+00
   5.36011872e+00   3.90962073e+00   3.86077910e+00   8.42172312e-01
  -1.16487304e+00  -8.59609084e-01   7.78048581e-01  -7.22917041e+00
  -5.53776612e+00   2.37250577e+00   2.50975101e-02  -1.56058282e+00
  -5.84953550e+00  -5.99661927e+00   2.58657207e-02   2.71873382e+00
   4.86869829e+00   8.27078006e+00   1.30221778e+01   2.32458485e+01
   2.57678799e+01],[ -0.26540997   1.44745317   0.96153939  -9.26236989 -16.22041927
 -17.35445854 -14.95188098 -14.46209339 -13.04560346  -8.79795841
 -12.03132852 -13.68145908 -11.94280549 -14.44758865 -18.78280814
 -16.80878972 -19.45069858 -15.63244787 -13.39665995 -10.89654645
  -2.63532492   2.40524372   0.66210081  -0.41501192  -2.42656834
  -4.40589452  -0.16642214  -0.34947735   1.67349649   1.04064985
   2.75213978   7.3290616   11.25024528   9.0895817   16.76154318
  15.10590232  12.01577429  10.91213019  11.19562146   5.40960318
   5.26885832  13.06605879  17.84354124  19.05618596  10.80047754
  17.14101549  20.85125444  22.62792372  19.03444881  16.14785103
  23.38065991  23.02354734  15.70711994  11.62084268   3.68378562
   6.98231234  13.49597825  12.33987321   6.38407265   8.32742672
   8.13101501   4.21879583   4.51095465   4.3045346    7.15303898
   4.47894859   9.9507469   12.62492298   8.70657693   9.45038029
  10.64501588  15.83554095  17.89579546  13.40247672  11.88707708
   7.94897545   5.35342719   9.18748904  13.59372787  12.05544352
  -5.3654992  -18.81376155 -22.84167984 -24.20098293 -17.61312435
  -6.29983979  -4.95170352  -6.9724208   -0.14624315  12.96491895
   3.03714535 -15.91461585 -30.08351007 -36.43409116 -39.6604123
 -38.18622248 -36.5388486  -41.12808176 -49.0443973  -47.22354122
 -41.91280935 -45.87220759 -44.45696183 -40.74377845 -37.36376438
 -32.79939809 -27.11176595 -18.44938293 -26.41725421 -25.52478294
 -20.60265172 -17.81369899 -16.96768911  -3.44060522  10.93930713
   8.81607392   8.02661077  11.73616581   8.08744913   5.0301511
  13.40887364  13.00549779   4.34535697  -4.54108563  -9.64489931
 -13.08334763  -4.8286487   -1.34016676 -10.40826128 -18.14688402
 -17.0652328  -20.85082223 -18.7431118  -19.789231   -24.97871473
 -25.17591606 -10.61339629  -4.54645154  -6.68597745 -10.59490689
 -20.57336953 -42.15722509 -53.06733567 -63.74192638 -62.58403843
 -56.56543253 -47.06205914 -24.59854463 -23.08761778 -28.86834889
 -36.18868695 -39.36944792 -31.5031845  -17.62426437 -12.07722505
  -6.05882522  -0.5258303    2.24017141   0.39722124  -6.69221867
  -4.47644651  -5.94708548 -18.69957382 -21.61751983 -23.58537572
 -27.36590503 -30.51919543 -26.92568047 -23.37595471 -19.68929304
 -20.60651548 -20.14941823 -21.33232093 -27.82988882 -28.78437815
 -26.53184536 -20.58320279  -4.86001787   4.23669971  -1.66748345
  -4.96672814   1.83616617   5.98828271  -2.12021965  -8.19609173
  -2.41029858   3.25665305   3.16422104   3.83512301  -2.60786224
  -2.64537589   1.60288311  -0.07629911   2.21161491   4.08223218
  -1.63357643  -5.63942357 -11.06868222 -13.09424804 -15.03527854
  -6.82165709  -8.61118884 -11.61525206 -11.6349104  -16.32002245
 -22.36059023 -26.11233768 -18.55114178 -10.61696197 -10.63165409
 -14.59561227 -16.44422334 -11.1380106   -9.32189955  -6.54606481
  -8.10005259  -6.06575229  -5.27482428  -6.28401978  -1.46152264
  -2.41401887  -1.3131562   -1.58041611  -6.14661077  -8.14925385
  -4.76515369  -8.12676     -7.13019623  -7.47077023  -7.10977626
  -4.88157049 -11.18227881 -15.14618181 -12.3286761   -7.65453679
  -4.16813692  -4.87435284  -8.70095    -11.61112967 -17.45251391
 -18.37173913 -20.39798555 -25.30040257 -32.76867807 -27.58537015
 -16.48315903 -10.79980913 -24.7172442  -32.54371232 -32.16106257
 -36.11013255 -38.62933188 -40.71592555 -41.69429673 -36.81539504
 -38.45029189 -46.4116525  -51.94861953 -49.20373908 -37.36498437
 -30.12521808],[ -3.39215665e-01   1.66736040e+00   3.24137601e+00   9.04957749e+00
   5.63292641e+00   1.94425910e+00  -1.10662261e+00  -3.22493883e+00
  -8.67995859e+00  -9.84588249e+00  -1.20456925e+01  -1.69653182e+01
  -1.47555685e+01  -1.99918186e+01  -2.44805310e+01  -1.90754909e+01
  -1.49398964e+01  -6.88169824e+00  -8.36929789e-01   3.57723382e+00
   8.49727919e+00   1.29806620e+01   1.25628312e+01   1.37088639e+01
   1.24468310e+01   1.32386604e+00   5.35328028e-02  -2.27413705e-01
   2.48027763e+00   2.61238956e+00   1.31199964e+00   2.09405856e+00
   6.96160606e+00   6.25090079e+00   1.15148325e+01   1.35767381e+01
   1.37412408e+01   1.00758903e+01   5.33602058e+00  -1.45505346e+00
  -3.02995718e+00   3.65755511e+00   7.16828696e+00   5.54807582e+00
  -5.02698768e+00  -8.90127084e-01   3.87526654e+00  -2.02294772e-01
   2.32369904e+00   2.26626102e+00   2.30189615e+00   1.82675478e+00
  -4.63897535e+00  -4.47599695e-01  -1.69752761e+00   4.14087820e+00
   8.41245375e+00   7.94201691e+00   2.20470278e+00   4.24833277e+00
   6.45228091e+00   7.91856493e+00   1.10918483e+01   1.00932945e+01
   9.90233628e+00   1.09859261e+01   6.61117035e+00   4.76915831e+00
   3.90418040e+00   6.53704585e+00   8.33715344e+00   1.72600199e+01
   2.23442587e+01   1.96152652e+01   1.59862353e+01   1.12663838e+01
   7.81180254e+00   1.01847000e+01   3.89158093e-01  -9.55869877e+00
  -2.83634781e+01  -4.04294426e+01  -4.22536179e+01  -3.55308329e+01
  -2.91290774e+01  -2.11365425e+01  -1.23619156e+01  -1.29968509e+01
  -8.85661431e+00   8.19181008e+00  -3.51632475e+00  -1.77306606e+01
  -2.44015818e+01  -2.65048789e+01  -2.74308460e+01  -2.50935309e+01
  -1.98452999e+01  -1.62156860e+01  -1.65843407e+01  -1.39286652e+01
  -5.51295621e+00  -4.96590701e+00  -4.69515613e-01  -6.06851759e-01
  -3.94662443e+00  -4.73502127e+00   4.01295395e+00   1.87880772e+01
   9.78944647e+00   8.71300703e-01   2.45513283e-03   8.98870805e-02
   4.16427021e+00   7.02207315e+00   6.28469550e+00  -1.08579421e+00
  -1.33704933e+00   5.13834762e+00   1.23822974e+01   1.47111344e+01
   2.05970882e+01   2.18637877e+01   2.16735641e+01   1.70867087e+01
   9.96576349e+00  -8.28109180e-01  -3.44547090e+00  -5.33562274e+00
  -6.11564374e+00  -6.71496529e+00  -4.40371070e+00  -9.82210561e+00
  -1.65327533e+01  -2.08526771e+01  -1.37284255e+01  -9.94973210e+00
  -2.79267677e+00   2.42766108e+00   1.85583859e-01  -3.08370960e-01
  -2.22865189e+00  -1.51477853e+01  -1.22812059e+01  -8.37013357e+00
  -2.94483373e+00  -6.99848404e+00  -1.42750454e+01  -1.42435946e+01
  -1.57372015e+01  -1.62823293e+01  -2.49946900e+01  -3.33627180e+01
  -2.58722577e+01  -1.50826356e+01  -2.10199976e+00   1.37795790e+00
   7.28610304e-01   8.98307531e+00   1.92011080e+01   2.20043290e+01
   1.70149246e+01   1.01220322e+01  -1.50760730e+00  -6.92544165e+00
  -2.23663904e+00   5.63033506e-01  -1.68223615e-01   1.30775593e-01
   1.40304545e+00   1.14715993e+00  -1.00401996e+00  -4.12369658e+00
  -9.86407733e+00  -1.65411064e+01  -1.52822232e+01  -2.07388853e+01
  -1.21713441e+01  -3.38029697e-01   6.00018365e-01  -1.15723847e+01
  -1.09932692e+01   2.18738245e+00   1.36508174e+01   3.01658802e+01
   3.81746405e+01   3.03527388e+01   1.95226186e+01   6.11817601e+00
   7.29251271e-01   4.24286283e+00   5.31004636e+00   3.41468717e+00
  -7.10892244e+00  -1.28161780e+01  -1.28162085e+01  -1.99048577e+01
  -2.50001091e+01  -1.72127664e+01   8.32884697e+00   2.11332755e+01
   3.17645256e+01   3.12791233e+01   1.15787507e+01   2.58760317e+00
  -1.00088087e+01  -2.04145535e+01  -1.83850731e+01  -1.55253689e+01
  -1.20029952e+01  -1.19461728e+01  -1.07544006e+01  -6.02147866e+00
   1.02042490e+00   8.36919425e+00   1.32684105e+01   1.26597750e+01
   1.42174022e+01   1.14410772e+01   1.01881807e+01   8.82021550e+00
   1.02625536e+01   1.06182318e+01   6.27501389e+00   6.77829068e+00
   9.22994799e+00   7.83445431e+00   3.61718890e-01   2.93213098e+00
   2.33750236e+00   1.44768910e+00   5.36478379e+00   7.67426573e+00
   7.35634168e+00   8.76859133e+00   3.43004081e+00   2.42840153e+00
   5.28234394e+00   2.55087327e+00   2.74277208e+00   1.58670382e+00
   3.18802815e+00   2.72030345e+00  -1.68053364e+00  -1.10815707e+01
  -1.25362841e+01   1.20196276e+00   5.13064924e+00  -1.96045131e+00
  -6.33999321e+00   1.27600252e-01   4.62571995e+00   8.86422439e+00
   8.77868479e+00   7.65992021e+00   5.78804694e+00  -1.70032063e+00
  -1.30294541e+01  -1.47786798e+01  -9.84749718e+00  -1.31005705e+01
  -1.61440544e+01],[ -0.09938778   4.12639878   6.30929924  23.02577039  22.32734846
  18.99277111  11.99002678   7.07071515   6.01555057   2.32538673
   1.82059518  -1.60068368   2.21434385   4.01150709   6.75097157
   9.72592194   9.04532413  13.43614976  14.4139051   13.86467326
  11.36805085   8.5322109    6.4394128    1.46386129  -3.53704048
  -8.12303999  -4.00265142  -1.33161983  -3.22424774  -1.65127656
  -0.27426504   1.67494435   9.36954427  12.60874684   9.48625835
  10.99558958  17.21372748  12.52379451   7.51540902   3.02496366
  -4.08261536  -3.93621816  -2.57547543   0.81518056  -2.58419326
  -1.32524188  -1.78265453  -3.01253903   0.27140315  -0.59655178
  -1.76223863  -1.24864956  -4.37384433  -0.35820252  -1.17323319
   4.46559967  11.80269626   9.12199181   5.40268986   7.59217342
  12.2371941   13.55809943  17.80643992  18.47833365  16.7920562
  20.48389548  12.95122174   7.43749768   2.95524408   1.06172866
   5.96332961  10.730559    11.46304749  14.8827267   14.52881603
  12.0652037    7.38540537  13.54800377  15.80082456   8.90191807
  -4.71513562  -5.92351992  -3.19873371   2.80448277   0.61371231
  -7.07228545  -8.44064249  -5.29535455   0.28343741  12.15878017
   9.9397223    9.00218156  11.32564136  15.42443706  17.01120448
  18.09469023  19.38087278  19.55925349  15.09895737  10.58581583
  13.36909052   9.0607038   11.378226     8.49339048   4.20036801
  -4.84292293  -1.31761348  -8.42802406 -18.15688963 -21.39949513
 -15.6643965   -3.5579463    8.4270202   16.82398903  22.01405315
  19.20596761  13.96999129   8.28677457  12.54767453  15.67993639
  18.16487048  20.57909718  20.734789    17.30041147  10.85680635
  -1.86676852  -7.54776726  -9.99090477  -5.1207546   -1.75648383
   4.77717294   7.74873187   2.75494113  -8.64081603  -0.97546003
   4.3628935    5.46085386   6.73592919   4.75951349   9.01173986
  10.87394795   7.45542103  13.64400346  16.93188854  17.16074415
  13.22048865   6.5758399    0.33972268   3.53625956   4.37456751
   3.31050221   0.58212883  -0.09421739  -0.99161087  -1.06075278
  -4.32866861  -9.03326532  -5.00006788  -0.78013916   1.1940033
   0.19001688   4.79165725   7.78767197   8.94546736  19.47150894
  22.15445347  18.64885364  15.13164657  11.62562392   8.94824847
   1.45556866  -3.79482793  -5.16639328  -7.36762819  -1.23903074
  -2.0139997  -12.40079081 -12.69136326 -10.58217953  -8.74487078
  -4.65253252  -2.11775905   0.73019298  -3.6755543   -2.76027246
   1.50766128   5.58878851   4.67618625   4.77387745   7.68115785
   5.42178821  -1.92532674 -10.60082016 -19.25036946 -20.03277639
 -17.13648691  -6.44572958  -5.82300283  -7.57417299 -10.73611287
  -9.21611541  -1.70894722  -5.28277937 -13.14553406 -17.0142664
 -18.81439215 -19.52211317 -14.65995278  -4.94109138  -5.22681173
  -3.53569936  -3.04085538  -1.97782453   3.09315541  13.32051489
  18.52325256  11.41948575   5.9791064    8.22978179  12.10368892
  18.24401368  15.05447144  10.65550503  13.63139874  16.02230849
  14.60828803  12.49757867  14.51806011  17.22452618  17.25839697
  18.52279858  21.3615613   19.15619061  15.92442611  10.03724507
   7.56799754   9.94863448   9.74600639   7.97796977   9.29105653
   8.52544214   9.71247756   4.91007033  -5.16167264  -9.41637973
   0.55668311   5.30865883   4.56374379   3.25681457   8.9795982
   8.76748568   9.593521    10.33319729  11.20737788  12.94485242
  15.84501261  13.41418452   8.69910883   6.19367643   4.78391646
   2.0379046 ],[ -6.65644233e-01  -8.53287671e+00  -1.15405325e+01  -2.35686675e+00
  -1.74633189e+01  -2.13810527e+01  -2.61610839e+01  -3.10184424e+01
  -3.11991860e+01  -3.54993259e+01  -3.44837487e+01  -3.09137151e+01
  -2.77701023e+01  -2.65852721e+01  -2.39979056e+01  -2.36660526e+01
  -2.67285410e+01  -2.54171196e+01  -3.02998015e+01  -3.29091185e+01
  -3.35546305e+01  -3.62729231e+01  -3.34902502e+01  -3.05459888e+01
  -2.96006566e+01  -2.52694292e+01  -1.83239170e+01  -1.31075612e+01
  -1.09270996e+01  -9.89444050e+00  -6.25296841e+00  -8.55464747e-01
   2.94945241e+00   4.03392921e+00   6.47928167e-01   6.68290989e-01
   5.77518882e+00   5.45569547e+00   6.01673465e+00   5.54409123e+00
  -4.42137612e+00  -8.76474506e+00  -6.41145446e+00   2.25271222e+00
   4.54551283e+00   3.63332743e+00   7.28448655e-01   8.31077825e+00
   8.64177260e+00   1.87720155e+00   3.85493018e+00   4.23902544e+00
   5.94826939e+00   6.59850314e+00   4.53125070e+00   7.22079834e+00
   1.13215284e+01   1.36624783e+01   1.04363862e+01   1.44659170e+01
   2.16828821e+01   1.97686734e+01   1.70929736e+01   1.97053727e+01
   2.38095718e+01   1.90578141e+01   9.44836443e+00   4.74943572e+00
   5.29303389e+00   5.88719630e+00   5.58750124e+00   5.17905098e+00
   5.65695713e+00   7.65533631e+00   7.01204987e+00   7.09475786e+00
   6.91034271e+00   6.03963971e+00  -1.43820203e+00  -1.47965985e+01
  -2.44084797e+01  -2.94492568e+01  -3.12280114e+01  -2.84731741e+01
  -2.40774992e+01  -2.23091406e+01  -2.23037464e+01  -1.53201634e+01
  -8.61830411e+00   1.47762969e-01  -8.11558779e+00  -2.53597015e+01
  -3.58392543e+01  -4.11586222e+01  -4.58452138e+01  -4.50498709e+01
  -4.74339893e+01  -4.92335213e+01  -5.32791198e+01  -5.48147024e+01
  -5.37222177e+01  -5.85810051e+01  -5.48575857e+01  -4.99924068e+01
  -3.16404576e+01  -2.00424801e+01  -8.90005865e+00  -5.04508338e+00
  -3.62853974e+00   2.38265927e+00   5.95492821e+00   2.65717520e+00
  -2.23906480e+00  -9.97492704e+00  -1.01432869e+01  -1.56003802e+01
  -2.15597793e+01  -2.89836560e+01  -2.78049942e+01  -2.57469980e+01
  -1.85097901e+01  -1.71244293e+01  -1.71993552e+01  -1.49904860e+01
  -1.21374761e+01  -1.98151743e+01  -3.08429882e+01  -3.55087735e+01
  -2.80252575e+01  -2.28616524e+01  -1.72107493e+01  -1.37295503e+01
  -1.38415672e+01  -1.80282081e+01  -2.21121746e+01  -2.99796048e+01
  -2.74767575e+01  -2.27093941e+01  -1.46832533e+01  -6.26337939e+00
  -1.39773356e+00  -4.11315797e+00  -1.04629571e+01  -1.98527555e+01
  -3.01166883e+01  -3.39823405e+01  -2.55210200e+01  -1.32211857e+01
  -1.38245969e+01  -2.24786026e+01  -3.30778678e+01  -4.08011775e+01
  -4.22277242e+01  -3.86871823e+01  -2.08980088e+01  -3.30201826e+00
   1.96936068e+00   4.12752267e+00   7.82319406e+00   2.52829591e+00
  -1.86166032e+00  -3.83835856e-01   1.03261356e+00  -9.07105039e-01
  -5.74474110e+00  -7.91327420e+00  -1.12431158e+01  -1.82902708e+01
  -2.62294473e+01  -2.99242826e+01  -3.19835917e+01  -3.08716779e+01
  -3.06454335e+01  -2.70005488e+01  -1.52323770e+01  -8.86840185e+00
  -4.71671029e+00   1.81947304e+00   1.87669054e+00   1.20529708e+01
   1.06029941e+01   5.81020777e+00   7.21234831e+00  -7.98870985e+00
  -1.72697774e+01  -1.61012273e+01  -1.23507084e+01  -3.82514056e+00
  -1.30252324e+01  -3.28264173e+01  -4.13578211e+01  -4.29883657e+01
  -3.60727210e+01  -3.12494733e+01  -2.49614037e+01  -1.33760683e+01
  -3.57073507e+00  -8.36903310e+00  -1.33515856e+01  -1.12576324e+01
  -5.50475904e+00   5.98152432e+00  -1.03081663e+00  -8.41021387e+00
  -2.33686110e+01  -2.51510321e+01  -2.14251579e+01  -1.28991763e+01
  -3.72538677e+00  -3.77689114e+00   2.23601225e+00   3.78380751e+00
   9.03129135e-01   3.48322192e+00   1.10225357e+01   9.85915715e+00
   2.38505840e+00   6.64419089e-01  -4.01489542e+00   1.32503915e+00
   3.66149130e+00  -5.49521905e+00  -6.11861975e+00  -4.28550937e+00
  -5.31921298e+00  -7.63869613e+00  -3.25173028e+00  -4.69017449e-01
   3.10578135e-02   1.18498352e+00   8.84528557e-01   4.55198815e+00
   5.51555957e+00   3.12505131e+00   2.84058074e+00  -1.28987775e+00
  -2.72729747e+00  -3.49040689e+00  -3.85899609e+00  -4.75449918e+00
  -7.87828982e+00  -9.66524038e+00  -4.89290269e+00  -4.12333671e+00
  -2.84048924e+00   8.74428687e-01   1.79160598e+00  -5.41474149e+00
  -4.20881104e+00  -7.63253083e+00  -1.07212975e+01  -1.68700579e+01
  -1.76003287e+01  -1.86553237e+01  -1.56047088e+01  -1.42542887e+01
  -1.19048622e+01  -9.70252644e+00  -7.82176876e+00  -6.63645605e+00
  -5.77769121e+00],[  3.73587243   4.53254152   6.16490646  17.85683393  18.80011445
  18.78703959  17.93800333  20.17373658  25.62690943  26.06595036
  28.53089123  35.2235647   34.44717405  24.31082242  15.96171412
   8.78070345   1.90022326   1.26734888  -3.42436058  -6.5771156
  -2.94991398  -0.50000352  -0.11850449  -1.09205443   0.80645466
   3.38342295   3.68459879   5.04071866   7.00627948   3.10423669
   2.50023294  -0.08802561  -1.51123842   1.15378974   2.79679383
   4.58101806   7.79700207   7.86042309  10.63648071  14.30304096
   6.86654071   1.33591725   4.36535711  11.84176252  14.20775958
  10.10269764   9.77898465  13.48423004  16.66151027  15.41012179
   9.3344688    9.75288285  16.35139659  16.12987542  15.32735376
  12.31680001   9.94409881  17.97634494  19.69717638  22.25204392
  23.09158604  24.85007603  21.60449755  23.28951409  27.76062617
  21.71810414  10.2095401    6.07283473   7.46492777   9.86970093
  11.85977293  12.08320353  10.43795341   7.75452749   9.55096758
  11.41715829  14.59262659  13.65738884   2.88164632 -10.38376292
 -14.08381061 -12.83583687  -7.5033176   -5.9369269   -8.65532346
  -6.2876951   -1.7866644   -0.41479082  -1.31979631   5.01690885
  -3.09023963  -9.12147558  -7.83785766  -8.25831634  -3.99418326
  -6.45883704 -12.61764244 -11.82706052 -10.71229324  -8.83003157
  -6.18153662  -2.0483811    3.56914202   1.92181077  -5.27274322
 -13.42390003  -9.21940593  -0.33751547   1.29797868   3.95320596
  11.11247045  15.86465374  17.63703721  14.45396282  10.83065377
   8.7520489    8.67717335   1.91863943   2.35505216   8.1256095
  15.39403582  18.45340264  21.6074785   23.09369987  19.15435026
  12.03188923   0.05281608  -2.64886042   5.68489606  11.56989835
  18.12827407  18.11955631  10.22185349   2.75709401  11.00099779
  15.54520231  12.98409768  11.69267399  16.59917247  18.65231204
  20.16553128  13.98724756  13.30341878   9.09624388   4.28212576
 -10.97570062 -15.03029369  -5.42829717   1.33445647   0.67240865
  -2.33960693  -4.80521996   2.0467528   -1.3890827   -0.26202674
  -2.05533592  -1.84403277  -5.71203372  -5.32680182  -6.02459225
  -5.87642221  -2.37354735   3.47416656  11.84059891  10.62765148
   9.77318895  15.58799429  20.12574897  24.21663058  28.70240401
  35.13734976  36.3907333   32.46615747  21.42225443  13.77607153
   7.63458043   4.58957386  -0.77030239  -6.03149184  -2.79042991
  -4.7341589    1.28378183   9.35821742   9.01546944   9.38427376
   6.51937352   5.37306549   7.07701322  -0.25155036 -16.21932102
 -15.6001448   -8.38357358  -0.22754768   2.15093968   3.46476972
   1.97785256  -3.76963933  -4.26590641   0.78537669  -2.79653473
 -10.14837577  -5.82171326  -1.48370756   2.72407113   6.52512179
  14.88796913  22.41376814  25.03399778  25.85155824  25.0909322
  25.67002321  23.27680595  18.67066579  19.33207069  20.91031764
  13.94426729   7.52255716   8.43108053   3.38895408   6.45659903
   6.44429794  -2.31638693  -3.03397618   0.9860078    1.8989642
  -0.05733264   1.44693361   4.17335779   2.99198027   4.57324493
   3.66305654   4.77460688   8.8528218   12.296482    12.42752572
   9.64638931  11.26046845  14.7505954   13.4109628   13.35517809
  14.3241337   13.26885573  17.91810643  23.26414829  21.15711245
  16.85127985  13.90086322  -2.05278528   4.51737306   2.65319356
   2.02994511  -2.37373205  -2.06324734  -6.99747452 -11.0185171
 -13.08937101  -5.70101568  -0.21795678   4.46081969   9.41434694
  11.62958355],[ -4.38346094e-01   2.97061151e-01  -7.79422296e-01   4.00279022e-01
  -5.44880189e+00  -9.24767067e+00  -1.29329505e+01  -1.60871289e+01
  -1.02285269e+01  -7.87965361e+00  -8.05147847e+00  -7.87134519e+00
  -1.25175486e+01  -1.77313502e+01  -1.92735299e+01  -1.80256406e+01
  -1.43770203e+01  -7.42958831e+00  -2.44143788e+00  -2.31110533e+00
   3.81889355e+00   6.50148165e+00   4.49573908e+00  -1.29544884e+00
  -5.71022195e+00  -1.11675533e+01  -7.22406439e+00  -1.44142284e+00
  -4.48120841e-01  -5.12567210e+00   4.20078055e-01  -4.92415189e+00
  -4.28321610e+00  -1.41315078e+00  -4.79972892e-02  -1.45375987e+00
   2.18642563e+00   4.87308404e+00   6.66400086e+00   6.04280906e+00
   1.72441035e+00   2.18352881e+00   4.98432517e+00   5.84045979e+00
   4.93128522e+00   5.66001278e+00   6.41705969e+00   2.34522121e+00
   9.67173991e+00   1.15923716e+01   1.83894736e+00   3.43104956e+00
   3.34620845e+00  -7.36128395e-01   1.28216814e+00  -1.16754334e+00
  -1.51688882e+00   8.35692977e-01   5.24504020e+00   3.54932139e+00
   1.28177850e+00   2.29654054e+00   1.29022131e+00   8.11510337e-01
   1.10977736e+01   9.90426245e+00   5.90942100e+00  -4.95016884e-02
  -4.21382069e+00   1.69560681e+00   1.08887189e+01   7.93013750e+00
   3.54943421e-01   5.83128283e-01   3.82344647e+00   3.55181878e+00
   6.70515121e+00   5.31933549e+00   4.48716558e-01  -3.34548092e+00
  -1.64831063e+01  -2.76486191e+01  -2.49131446e+01  -2.05191790e+01
  -1.61801075e+01  -8.10883877e+00  -1.02720845e+01  -9.47927552e+00
  -1.22572641e+01  -2.17840207e+01  -2.90518647e+01  -3.62805337e+01
  -3.10743544e+01  -2.37803971e+01  -1.44282209e+01  -2.14086028e+01
  -2.43899604e+01  -2.30717358e+01  -2.48666650e+01  -2.44912036e+01
  -2.04578541e+01  -1.93043157e+01  -1.61850363e+01  -1.46894359e+01
  -1.85957805e+01  -1.89500357e+01  -1.89833170e+01  -2.14774522e+01
  -3.02594466e+01  -3.44176310e+01  -2.67808876e+01  -1.05357843e+01
   3.19176550e-02   6.09949032e+00   5.83061236e+00   7.88379074e+00
   9.50077584e+00   2.67395354e+00   4.06837112e+00   8.45360708e+00
   1.10530716e+01   1.52866486e+01   1.12988368e+01   6.29987098e+00
   1.07675925e+00  -1.14976763e+00  -6.41261669e+00  -9.82215720e+00
  -5.56463559e+00  -5.18838944e+00  -5.63007305e-01  -3.86289214e+00
  -5.35465077e+00  -9.34827309e+00  -1.01927188e+00   2.75324403e+00
   2.17572092e-01   4.33831491e+00   2.79690369e+00  -3.79469737e+00
  -9.15721315e+00  -2.04954404e+01  -2.19709513e+01  -2.15724920e+01
  -1.93057127e+01  -2.14772072e+01  -1.72465841e+01  -7.96853088e+00
  -1.39232698e+00  -9.96906647e+00  -1.43729929e+01  -5.99209045e+00
   6.05814202e+00   5.77230007e+00   5.68817012e+00  -2.85281398e+00
  -1.14672418e+00   1.57718345e+00   6.28503298e+00   5.65230518e+00
   3.29941013e+00   2.72862191e+00   4.24729551e+00   4.61274557e+00
  -5.47749285e-01  -1.01575184e+01  -1.09005930e+01  -9.85805760e+00
  -1.28411474e+01  -1.16391699e+01  -4.63335913e+00   1.12735100e+00
   1.47920949e+00  -7.49823654e+00  -8.30790049e+00  -1.12519898e+01
  -1.45566458e+01  -1.03303524e+01  -3.51167264e+00   4.39330787e+00
   5.49001734e+00   1.09643483e+01   5.19129881e+00   4.38019803e+00
   3.35683420e+00   7.26684924e+00   8.91510418e+00   3.57889517e+00
  -3.94621555e+00   2.36265893e+00   4.55578936e+00   1.03085074e+01
   1.14801893e+01   7.68754695e+00   6.60144194e+00   2.92222192e+00
  -2.49374242e+00  -6.24296890e+00  -8.95115791e+00  -3.27680807e+00
  -3.41231866e+00  -1.56410405e-01  -3.24032403e+00  -5.06028913e-01
  -3.70367614e+00  -7.95975080e+00  -4.63555307e+00  -2.17538407e+00
  -6.40950758e+00  -1.08021683e+01  -1.48272038e+01  -1.61595772e+01
  -1.70161569e+01  -2.10036870e+01  -2.03121484e+01  -2.05506210e+01
  -2.51636391e+01  -2.43815243e+01  -2.14620636e+01  -1.68185241e+01
  -1.79145782e+01  -1.84022441e+01  -1.73518367e+01  -1.54800717e+01
  -1.33295404e+01  -1.27488896e+01  -1.08933919e+01  -1.42500057e+01
  -1.65793697e+01  -1.35180928e+01  -1.65777603e+01  -1.61466537e+01
  -1.46209590e+01  -1.66605173e+01  -1.48264181e+01  -1.58884149e+01
  -1.73476600e+01  -1.63989567e+01  -2.06053597e+01  -1.64262187e+01
  -1.39131562e+01  -1.45242994e+01  -1.26773193e+01  -7.29088428e+00
  -2.23193879e+00   2.04650137e-01  -7.47314949e-01  -1.67638287e+01
  -2.61846918e+01  -3.72863503e+01  -3.72647825e+01  -3.47959155e+01
  -2.84836518e+01  -2.93053144e+01  -2.87301464e+01  -2.69740829e+01
  -2.68547151e+01  -2.49745173e+01  -2.30951909e+01  -1.02586189e+01
  -2.70515829e+00],[ -5.23012922  -4.7622314   -2.71946347  -4.5890658  -12.66145931
 -16.86855181 -25.13584174 -26.20171334 -20.49360696 -21.52695222
 -19.3930454  -16.55085917 -19.91245449 -23.59869234 -26.27315524
 -26.49931984 -21.2870118  -21.50319403 -21.90775156 -24.60579914
 -21.3711954  -16.35100973 -11.01172804  -8.20732255 -10.77470952
 -16.10594267  -8.65755882  -6.1045456   -9.50591645  -8.82973735
  -7.78753808  -4.55423229  -0.94247324  -2.49066469  -4.8405959
  -4.04705665   2.62246023   4.7163273   -2.8670695   -8.85933149
  -9.9908737   -4.72737643  -4.35792626  -7.73205741 -12.52958635
  -7.04128057  -4.35648258  -8.98961047  -7.42140915  -5.16267017
  -7.08468959  -2.06474835  -1.79220596  -5.45657024  -7.66445052
  -9.90322768  -9.48147759  -8.41639514  -2.10375716   1.64411295
   3.51638122   1.10655334  -2.15334595  -2.61643185   4.32167262
   4.29836916   6.76528747  -0.16298527   1.72542764   6.98978495
   9.09804255   9.18885454   1.83290361   1.76166984   5.73122553
   2.87617363   3.97769552   0.66507039  -0.68565279  -4.86624982
 -20.78965066 -33.64112362 -37.23083084 -42.89682074 -35.98437201
 -16.53566716  -8.37604253  -5.49486349  -4.81426109 -15.4685478
 -16.36361526 -25.73209895 -34.09894426 -34.12949161 -29.39139516
 -28.98974157 -30.02724117 -28.54735758 -28.48728563 -28.15654747
 -26.48849207 -20.80738646 -13.24626243   1.13562241   2.8086273
  -0.17216138   2.77980949   3.28849835   3.26280325   1.13770206
  -2.78106776  -6.22200574  -6.14447328  -9.63589197 -10.21529408
 -11.71145339 -13.87178698 -20.12372881 -22.15140357 -20.30737769
 -12.77905679  -8.72218808 -10.72099013 -10.07675076 -12.14978071
 -14.25493332 -19.8734996  -30.74735029 -24.02502301 -17.52818596
 -14.13638544 -19.82534024 -24.27654878 -21.22035638 -22.31544833
 -25.57319265 -22.71124572 -12.07103881  -9.46098039 -13.60671194
 -17.64555139 -22.00643159 -18.27871037 -14.74597767 -14.81829182
 -16.98654227 -10.94086556  -0.07722284  -9.66138925 -25.82967094
 -37.54070301 -33.26923864 -25.20090048 -16.29487767  -7.56981786
  -6.43136072  -8.38176862 -13.40372811 -18.17545933 -11.00923773
  -5.07321037  -5.23149769  -8.09909861 -12.75502778 -14.81732799
 -18.9317426  -17.35526982 -19.01041432 -20.86958343 -22.68132878
 -17.51867381 -15.46764893 -19.89978601 -20.60009979 -12.32223815
  -6.22252079  -8.41210094  -9.69853847  -1.36793086   6.68580552
   5.15277909   8.59576173   7.99494054   8.4117968    5.11694101
   4.26073848   2.85380206   5.0894305   -4.92637639 -12.50839486
 -15.81676405 -15.12054877 -16.44157567 -10.12195134  -5.14906206
  -4.19484256  -1.18715816   1.73086752   5.18358358  11.50300865
   6.56864304   1.9069813   -2.02012969  -3.24544223 -15.52903228
 -15.32505782  -8.44891522  -1.40350046  -0.19808775  -2.50375349
  -1.81537328  -0.274449    -2.72605583  -6.72997274  -3.73833357
   0.66871831  -3.69934035  -3.07704694  -3.86943066  -7.42222682
  -7.82316647  -7.40546788  -7.39512877  -6.73974572  -4.70339943
  -4.59745828  -0.22661519  -6.65848512 -10.13025961  -6.22577333
  -6.3324486   -4.25378959   0.14577139  -6.7024174   -9.82839391
  -6.56808118  -6.90689239  -7.74617927  -6.6164376   -7.29162937
  -5.13297337  -8.44754135  -6.80172591  -3.62332829  -0.74737553
   3.20548891   3.65375585  -9.73134897 -20.77613906 -26.06283624
 -16.89297544  -9.22890916  -2.80890875  -5.49435608  -2.00092836
  -4.26265656  -8.01982521  -2.5044698   -1.31350677   1.96502985
   2.42462208],[ -3.24415798e+00   9.12843143e-02   2.33648186e+00   1.17624185e+01
   2.13166891e+01   1.98693657e+01   1.27977785e+01   1.11064008e+01
   1.52221195e+01   1.28428552e+01   1.27992074e+01   1.64077323e+01
   2.08025479e+01   1.96587564e+01   1.59929252e+01   1.28281235e+01
   1.04971010e+01   7.52542757e+00   9.30271472e-01  -7.63467625e-01
   1.08994371e+00  -4.48060092e+00  -1.26556949e+01  -1.82444013e+01
  -1.98023756e+01  -1.73765548e+01  -1.19851688e+01  -1.13810959e+01
  -9.02461111e+00  -6.51790032e+00  -1.16718035e+01  -8.90084966e+00
  -1.07109051e+01  -6.12312208e+00  -2.86820545e+00   3.29366053e+00
   5.63989548e+00   3.65728059e+00  -3.92002995e+00  -5.57883629e+00
  -4.26060481e+00  -1.27712228e+00   1.80452702e+00  -2.46170334e+00
  -9.99430790e+00  -6.24634300e+00  -4.66219741e+00  -7.17643173e+00
  -9.43800142e+00  -6.80097806e+00  -1.63205506e+00   2.36256237e+00
   1.02498672e+00  -1.97911201e+00  -3.71936050e+00  -5.51463162e+00
  -7.66788316e+00  -3.60501797e+00  -1.05644708e+00  -6.77173532e+00
  -6.47824885e+00  -6.56186897e+00  -4.05991129e+00  -6.20322280e+00
  -5.87061533e+00  -6.64043530e+00  -3.68189286e+00  -2.05857538e+00
   5.14345579e+00   1.77943753e+00  -1.83402093e+00   2.88184643e+00
   1.83701511e+00   1.81319663e+00   4.82341508e+00   3.73664301e+00
   2.68612670e+00   1.16301562e+00   1.48423752e-01  -1.93705905e+00
  -1.03850106e+01  -4.29768690e+00  -2.61548993e+00  -1.09093721e+01
  -1.41644621e+01  -7.88633348e+00   4.08982901e+00   3.76392224e+00
   3.91852540e-01   4.52060867e+00   7.29196194e+00   1.03761236e+01
   1.05853123e+01   1.11691753e+01   1.58183796e+01   2.10721795e+01
   2.07775844e+01   1.37981973e+01   1.15386449e+01   1.27316787e+01
   1.20242518e+01   1.12579603e+01   1.12204625e+01   1.46633433e+01
   5.44046411e+00  -1.10274692e+01  -1.06246981e+01  -6.43978057e+00
  -3.31338801e+00  -2.75245489e+00  -4.36114101e+00  -1.14754893e+01
  -1.40883831e+01  -1.82305795e+01  -1.82999342e+01  -1.48801875e+01
  -1.33403950e+01  -1.23241907e+01  -1.53211956e+01  -8.56777238e+00
   2.89001446e+00   5.43415059e-02  -6.28547320e+00  -5.91465535e+00
  -3.98944285e+00  -7.16041110e-01   4.29900409e+00   3.12855697e+00
   9.27830885e+00  -2.51867666e-02  -5.65735946e+00  -1.54025975e+01
  -2.59352427e+01  -2.32892215e+01  -2.53429605e+01  -2.41330247e+01
  -2.09380216e+01  -1.51956678e+01  -9.82958471e+00  -9.47990401e+00
  -1.14037231e+01  -1.09539503e+01  -5.38173542e+00  -2.57397193e+00
  -2.38608915e+00  -1.27988575e+01  -1.54784897e+01  -5.64987361e+00
  -6.37135960e+00  -1.34094685e+01  -1.86305381e+01  -2.20947605e+01
  -2.03591013e+01  -1.77921072e+01  -9.28561572e+00  -6.58447419e+00
  -7.98362045e-01   1.05697355e+00   5.39699190e+00   1.02894891e+01
   1.00241090e+01   1.51599653e+00  -9.76847864e+00  -1.55433906e+01
  -1.13348088e+01  -4.14444106e+00   7.42297096e+00   1.66465892e+01
   2.37363989e+01   2.89120452e+01   2.06841017e+01   1.05239343e+01
   1.82020352e+00  -8.18542407e+00  -1.45641280e+01  -1.07769153e+01
  -1.32587230e+01  -1.13143351e+01  -2.56976557e+00   1.19042639e+00
   5.04812306e+00   6.20816361e+00  -1.02064566e-02  -6.71847017e+00
  -1.46003814e+01  -1.14882224e+01  -5.07526086e+00   2.02566332e+00
   1.27981809e-01  -4.80859130e+00  -2.01041430e+00  -1.21086630e+00
  -5.99873056e+00  -7.06778501e+00  -1.18201291e+01  -1.88385891e+01
  -1.52922704e+01  -1.35211579e+01  -1.14121782e+01  -5.37678203e+00
  -1.35674093e+01  -1.31118891e+01  -1.12246999e-01  -9.69523460e+00
  -1.65335705e+01  -1.12274609e+01  -1.01112972e+01  -1.35582319e+01
  -1.09310142e+01  -1.33756478e+01  -2.05325611e+01  -2.17664115e+01
  -1.80819828e+01  -1.57466662e+01  -1.14328237e+01  -4.95853163e+00
  -1.94559671e+00   5.92681759e-01   8.83077096e-01  -8.84061173e-01
   2.86565485e+00   2.09327723e+00  -2.14572838e-01  -4.00920016e+00
   2.73016088e+00   2.96038947e+00   3.97210098e+00   2.32734767e+00
   6.90039656e+00   6.41054676e+00   3.59107192e+00   1.06436990e+00
   2.32229855e+00  -3.65736765e+00  -6.91145211e+00   9.33668581e-01
   2.16770784e+00   5.89229018e-01  -1.23322914e+00  -3.56362067e+00
  -2.63458198e+00  -1.68484411e+00  -5.96358774e+00  -7.98640803e+00
  -3.28892177e+00   1.56314605e+00   4.62143842e+00  -2.34904502e+00
  -3.15635567e+00  -3.76636080e+00  -3.95434022e+00  -4.99480743e+00
  -5.53646127e+00  -1.22980581e+01  -1.23250092e+01  -1.19581580e+01
  -1.19720669e+01  -1.09519502e+01  -9.12767425e+00  -6.89195019e+00
  -8.10094079e+00],[ -1.17660072  -1.94150573  -0.63889667   6.64038809  11.34436205
   9.57357729   5.26883316   0.30525363  -1.97825953  -6.927327
 -11.51028631 -15.78254545 -17.45513379 -26.3639695  -30.02874012
 -29.06739356 -32.79830333 -30.71596832 -26.38578979 -23.26740715
 -20.13997042 -14.83271892 -16.5966089  -14.40855608 -10.80483722
  -7.96194813  -6.66370065  -7.25223666  -6.92236908  -4.5410404
  -5.63909843 -10.61883249 -17.3535821   -9.27105418  -3.27124938
  -3.20842895  -3.88236855   1.18371078  -5.56118879  -7.47095289
  -5.63918161  -4.80462132   1.7094654   -0.95839701  -2.36860786
   1.28001787  -4.27638159  -4.64226546  -0.853319    -1.55506037
   1.74869841   4.25540429   0.41163593  -0.23850888   8.76548189
   4.3219084   -3.24823356  -1.95727573  -0.46298786  -9.91428097
  -8.37825928  -9.32376195  -4.83229859  -5.97716668  -5.9032959
  -2.09325479  -0.91484635   3.72958436   5.20272631   0.30906651
   0.68683655   2.97759153   2.06828425   1.172527     1.97769688
   4.70571038   7.74351353   6.61641504  -1.34222285  -4.33475622
 -14.48185478 -20.79411659 -22.24529088 -23.27121591 -16.13124901
  -7.23557038   2.1976085    2.2840688   -6.9038321   -2.4371535
  -3.9933214  -12.58300329 -15.71073605 -14.20580454 -15.2263512
 -16.7209195  -18.42687708 -26.99770256 -28.60351004 -25.26470946
 -30.78565732 -35.36780643 -32.42051121 -27.07780644 -21.27851916
 -12.24895026  -2.65170039   2.90639522   4.74216623   9.67311384
  14.63030126   5.88359768   5.52380367   3.57397078  -5.48620246
  -4.17436837 -11.67985993 -16.57139271 -17.66712326 -12.36447859
  -1.78965425   2.58254143   0.34326722  -2.23268038  -6.55959327
  -9.97444385  -8.52480564 -15.61472478 -15.04595977 -21.04274313
 -21.88498019 -25.86034094 -27.73896826 -20.3132278  -14.34826484
 -13.69150597 -11.75313806  -6.20263078  -0.33248946   2.96665752
   2.03411464  -3.2635087   -7.66023577 -10.01397479 -11.50240291
 -15.04505048 -15.62537366 -11.6905037  -13.87941752 -20.81688357
 -23.13187468 -22.87221409 -18.78601729 -22.15172501 -17.13085783
 -10.82737279  -5.90228214  -2.391121     0.65262769  -4.56087987
  -7.6514709   -9.4198024   -9.68857928 -13.21779218 -15.60632461
 -11.49065754  -7.61826469  -8.28713318  -5.59827806  -2.30016738
  -6.4862247   -7.61436784  -9.49993337 -11.21037157 -12.46019153
 -14.76299663 -16.23399466  -9.75676475  -0.4651653   -0.31357327
  -2.3245639   -1.61919311 -10.10373976  -8.15717014 -11.80189433
 -15.42341956 -12.71814195  -5.03438394  -5.21421992  -1.8764509
  -2.52422535  -3.12683943  -8.61280124 -12.31646753 -12.7769575
 -15.41062652 -15.03908906 -13.82357164  -4.03322734   8.38369897
   5.09779031   9.23355096   6.65498751  -3.98151678  -4.37553286
  -6.51520553 -12.15077736 -20.02554976 -29.02246743 -35.64547073
 -38.61850167 -35.2620221  -22.48590109 -14.36987013 -11.23613491
 -12.37133145  -5.96849499  -5.22917926  -5.39994995  -9.15579826
 -12.9008005  -14.61578476 -13.50107175 -16.64374098  -7.81735355
  -4.55270973 -10.10845863 -12.40396079  -6.83844477  -6.42921233
  -3.64891435  -9.61061008 -14.52663382 -14.17272506 -16.72762937
 -18.54840229 -21.51998932 -23.4203849  -18.84275277 -16.30987627
 -15.60134915 -16.31812782 -21.34421392 -22.84798745 -18.33241935
  -9.80757045 -12.11000368 -18.24670415 -22.13618779 -27.46520212
 -34.24954455 -38.13387636 -34.40307535 -33.13819041 -28.3789988
 -25.11167285 -21.56933179 -15.51476326 -10.32134382  -5.30347849
  -4.41032775],[  0.60465574  -2.99061041  -2.96790296 -14.97898207 -19.86091135
 -23.08759418 -29.16607581 -26.09644102 -21.83390741 -22.57122361
 -16.02568539 -12.80630359 -10.5720685  -17.44789993 -23.95782499
 -26.00532072 -27.56316592 -25.47924596 -20.26333266 -19.38096655
 -16.49935938  -9.90080808  -8.92481217  -8.47031506 -10.11171144
 -12.41259392 -10.48778055  -8.46144479  -9.04827692  -5.36400579
  -4.44219885  -6.31893881  -9.75735915  -6.52525458  -5.21161252
  -7.71933999  -1.90273488   0.34270114 -10.76566768 -14.71069228
 -19.47199815 -17.40199736 -12.37339798 -16.5612217   -8.00463019
  -4.13269316  -9.97320988  -9.13020147  -4.37316128  -4.6954009
  -1.80944954  -0.08931382  -2.37282824  -1.79177729   2.47046489
  -0.21597928  -1.32439735  -4.31555774  -5.77212904  -7.02136309
  -6.3318093   -5.77121787  -2.58350056  -5.1542749   -4.55655992
  -2.76302218  -1.60623424   2.88558639   0.25717561   0.05231087
   4.18475499   2.35862139   0.05608251  -0.22912224  -1.41935262
   4.03063263   4.33252766   3.64986554   2.21990338   6.92875694
  -0.77159858  -7.59228953  -6.19963923  -7.87218931  -1.93196376
   0.73660254   0.18787264   0.86097028  -5.0122599   -9.38257397
  -3.09809664   1.14763014  -3.74902227  -6.78395917  -9.47418909
  -5.48158828  -4.49560068 -10.34676628 -10.97409885  -6.13089823
 -12.47606332 -13.77680148  -7.87495781  -2.2286696   -7.77877539
 -12.68114215  -7.73958477 -17.32950188 -25.12823385 -20.76825394
  -7.63789892  -6.95292269  -4.82760985  -2.97033543 -10.03664174
  -8.91409686 -10.98945337 -19.12741221 -27.87981614 -27.40643225
 -12.84663162  -6.7771376   -8.69523451 -11.0394703  -17.23925319
 -23.79123273 -28.36679565 -30.41298948 -25.74537262 -20.04801357
 -13.81017597 -15.25668536 -18.97142874 -18.96087725  -9.91710833
 -10.72901904  -9.50135876 -11.56030688 -13.41968312 -16.28095641
 -23.06615249 -26.48559482 -24.79816818 -26.49947351 -24.66778433
 -24.01304791 -19.23631686 -11.75257378 -10.77372574 -12.82014449
 -14.23385486 -12.26297576 -11.30034005 -14.74489741 -13.52239663
  -1.47647283  -1.72969614  -1.24584875   0.91406544  -3.76920741
  -6.81327393  -9.34625027  -4.31151362  -5.55216782 -11.54245236
  -9.68242716 -15.02897293 -21.97661879 -25.50922678 -29.09430104
 -23.14729268 -18.98748018 -13.56127349  -9.43127809  -6.55468843
  -6.40789034 -17.71177807 -19.68326189 -16.5182481  -10.67802035
  -6.87596519   4.82623374   4.72666181   5.89148187  -0.25585819
  -0.95643573  -2.22683142  -1.75418952   1.28113677  -5.50952702
  -9.64446052  -9.74653683  -8.12377167 -10.87603904 -10.86597562
 -11.24066296 -11.7106657  -13.99568586 -10.44184431  -6.12000504
  -9.76411731 -10.3881116   -3.11022043  -3.23698828   6.43075012
   8.93316539   9.13775703   9.64976601   6.1245998    2.60310611
  -0.11162075   0.19573362   3.87685868   6.06751606   5.63746321
  -0.09726605   0.11972386  -2.26071418  -7.12643866  -8.74542407
  -9.11685144 -11.56449328 -10.90061654 -11.61023317 -10.27218605
  -5.68769642 -12.21258609 -15.2944239  -17.89008817 -18.56502651
  -7.58005084 -19.87288721 -21.75219994 -14.82805416 -15.22814056
 -14.07875186 -13.53002022 -12.93972549  -5.63157135  -5.6372412
  -5.22758966  -7.96279952 -11.87579863  -9.43588157  -6.61125262
  -4.35758037  -8.90152285  -7.67014798  -5.24441707  -6.17097173
  -8.63192209 -10.09310589  -3.68257268  -5.94399665  -5.4997943
  -8.03216465  -5.92935919  -6.30636113  -5.79717478  -4.52774282
  -3.61211417],[  1.89655514e+00   1.24205451e+00   4.46371434e-01  -4.97028256e+00
   4.32742985e-01  -2.26899657e+00  -1.03040461e+01  -1.28024282e+01
  -7.77460162e+00  -1.04252746e+01  -6.57879330e+00  -3.70619007e+00
  -7.15892294e-03   3.40601672e+00   5.40356872e+00   1.00460482e+01
   1.59429032e+01   1.91436091e+01   1.27643145e+01   1.04896870e+01
   9.66855899e+00   3.53814597e+00  -4.08504333e+00  -1.06260643e+01
  -1.78031343e+01  -2.65049816e+01  -2.43591401e+01  -2.07788309e+01
  -1.53564629e+01  -1.12785417e+01  -6.66071259e+00  -2.26233547e+00
   1.43011065e-01   5.71304006e-01  -1.64521408e+00  -7.95791167e-01
   1.23489343e+00  -2.03397372e+00  -4.61680304e+00  -7.36010453e+00
  -1.37291729e+01  -9.98632006e+00  -5.94708890e+00  -1.28347400e+01
  -7.21780628e+00  -6.68622768e+00  -1.21897186e+01  -9.76760432e+00
  -6.45788965e+00  -2.63927234e+00  -9.20537522e-01  -4.12010305e+00
  -7.50094544e+00  -6.53265723e+00  -1.05562712e+01  -9.81694722e+00
  -5.44702443e+00  -7.55641241e+00  -8.93888242e+00  -8.85165657e+00
  -5.61225122e+00  -3.25239153e+00  -1.95674948e+00  -4.38897522e+00
  -1.88205303e+00  -2.09168033e+00  -8.87048865e-01   3.69880458e+00
   5.02415872e+00   4.17775144e+00   7.52352209e+00   5.89082747e+00
   1.71976602e+00   3.47734803e+00   3.80388131e+00   4.99986614e+00
   2.50381678e+00  -2.40874879e-01  -2.91598449e+00  -7.26170310e+00
  -1.66797836e+01  -1.29369711e+01  -6.18238858e+00  -8.70659754e+00
  -1.09466814e+01  -7.93901958e+00  -9.23389311e+00  -6.51985991e+00
  -9.38316860e+00  -1.53759055e+01  -1.20019893e+01  -4.65565241e+00
   2.24385319e+00   1.98061562e+00   9.70211844e-01   4.55124442e+00
   8.99331584e+00   5.54039737e+00   2.85446541e+00   8.13647051e+00
   7.51892578e+00   4.41272751e+00   3.76468424e+00  -1.45306451e+00
  -7.20714122e+00  -9.92658211e+00  -3.20696812e+00  -2.64642633e+00
  -5.21589303e+00  -4.52165740e+00   1.10659883e-01   2.35155886e+00
   4.97803830e-02  -5.53474325e+00  -1.83576463e+01  -1.86490228e+01
  -2.06027324e+01  -2.07814244e+01  -3.19704352e+01  -4.05879265e+01
  -2.73955015e+01  -2.57065009e+01  -2.34599189e+01  -1.80320891e+01
  -1.38562919e+01  -1.66060453e+01  -1.58464398e+01  -9.46607375e+00
  -2.17600013e+00  -3.04837859e+00  -7.57857673e-01  -4.15676008e+00
  -1.00389170e+01  -1.29684677e+01  -1.53196256e+01  -2.10467325e+01
  -1.66126268e+01  -1.13459056e+01  -9.48731633e+00  -4.75148686e+00
  -7.77736468e+00  -8.58776384e+00  -4.10793518e+00  -6.90768137e+00
  -6.70105590e+00  -1.29098343e+01  -1.62721261e+01  -1.29722649e+01
  -1.47973798e+01  -1.67166619e+01  -1.61256476e+01  -1.41356343e+01
  -1.15171480e+01  -9.73871614e+00  -1.07044297e+01  -4.89523958e+00
  -5.98944732e+00  -2.97404006e+00   3.82994313e+00   4.31846461e+00
   3.17894889e+00   7.87515783e-01   3.50133256e+00   4.53917509e+00
  -1.20105285e-01   5.86008314e+00   8.54792907e+00   7.14140268e+00
  -2.58227280e-01  -1.31287589e+00  -2.30663936e-01  -6.52387481e+00
  -4.85135560e+00  -6.70829992e+00  -6.42517908e+00  -2.58206316e+00
   6.41931763e-01   5.32657235e+00   7.41256936e+00   1.18100017e+01
   2.02085114e+01   2.64143526e+01   1.93272094e+01   1.27962708e+01
   5.09651170e+00   8.02856342e+00   8.59789558e+00   5.10481773e-01
   1.14109238e+00   3.00156995e-01   9.07290854e+00   1.63379363e+01
   2.04794413e+01   1.33594578e+01   8.56740934e+00   5.78104572e+00
   6.56924584e+00   1.50400943e+00  -5.86390989e+00   1.09259429e-01
   8.49156324e+00   8.02991317e+00   6.61889318e+00   1.23274925e+01
   2.03565072e+01   1.31066388e+01   6.99161748e+00   8.43828459e-01
   9.25256412e-01   5.54623684e+00   3.18692310e+00   1.06814644e+00
  -1.93543810e+00  -3.90492550e+00   4.96190318e-01  -1.21818105e+00
  -8.46564822e-01   3.37685117e+00   4.28556932e+00   4.75140090e+00
   4.76592857e+00   3.44655271e+00   5.87811307e+00   5.28997809e+00
   2.93056655e+00   5.11669781e+00   1.91201424e+00   6.26700218e+00
   7.97378715e+00   5.52328283e+00   1.32737072e+01   3.08472426e+00
  -6.13641685e-01   2.29976824e+00   3.74140384e+00   7.37372939e+00
   7.01155636e+00   9.15840885e+00   1.27041455e+01   1.22710597e+01
   1.02126725e+01   8.64892620e+00   9.79954377e+00   1.20514183e+01
   1.61140931e+01   5.90781624e+00   5.68993090e+00   9.01061601e+00
   7.35649590e+00   1.20114205e+01   7.96935489e+00   7.33034253e+00
   9.48486888e+00   7.51538077e+00   4.82817431e+00   1.18932957e+00
  -2.59953480e+00  -4.88166663e+00  -5.20623434e+00  -5.11506064e+00
  -3.24401859e+00],[  0.68905678   4.24957887   4.41771032   4.01310368   8.11250947
   6.74040461   2.64283521  -1.76942872  -0.15043908  -5.24004862
  -6.33398455  -6.6013689  -12.78912688 -17.55986467 -19.74822068
 -18.04834975 -16.22423039 -15.49198387 -18.90904221 -14.72567124
 -10.80392448  -7.33697435  -4.85275114  -2.89815756  -4.28326535
 -11.81707828  -5.73920552  -5.16349879  -4.60662761  -1.20404453
   2.81550014   2.85949943   2.16785731  -1.13424394  -3.94158238
  -2.31558803   0.42687433   6.21879313   4.09173577   2.88142007
   7.30105444   9.6777786   11.21518201   5.76713603   4.69007267
   2.73997772  -0.6890849    3.07091189   7.87455655  11.89584198
  11.11198523   8.41222016   8.69182582   7.65353578   3.57281612
   4.41439786   8.27083018  11.25244681   3.68937998  -2.42195642
   5.72453034   8.9758481    6.4514581    5.03129095   9.62874608
   4.67928454   5.81401391   8.37523256  10.4093906    7.59966249
   9.65138913   8.63094489   1.4799988   -0.65944662   2.65483916
  -3.40126287  -2.00889904   3.04986316   1.29836157 -11.60872701
 -18.30767349 -23.82502692 -24.29712497 -27.86890004 -22.5257537
  -6.95908618  -1.82550684  -1.67776118  -8.54568295  -6.30567963
  -4.43562859  -8.74350553  -0.63767994   2.70515305  -1.13684906
  -7.46605064 -10.21628783  -8.21415989  -8.65295654  -7.28629018
 -12.01581445 -14.82984191 -12.14553515  -8.28630514 -11.26061445
 -17.25747611  -9.51753079   3.48825489   2.09193194   1.59593953
   3.19745726   3.77893175   3.6633796   -1.2211381  -10.94254521
  -7.4397868   -9.38014547  -8.94266562  -9.34454201 -19.61048725
 -11.17412808  -9.31756655  -9.71674542 -12.11312926 -17.15368899
 -18.76461207 -18.45086569 -17.85927293 -14.98666313 -16.62635191
 -21.09721171 -26.69365157 -26.21209606 -19.7117467  -19.43617954
 -21.50907528 -16.88041311  -8.44550077  -3.3948687    1.41281481
  -4.36842217  -4.61178973   1.55074841   5.76686046   6.07556364
   1.51205193  -1.38931278  -7.62725766  -1.18737509   0.0459785
  -6.36949345  -7.12901305   1.91764886   4.39302277   4.74158882
   2.9882895   -0.29473474  -5.61053554  -2.68973408   0.75687989
  -1.61096351   1.79431621   9.55175156  10.32850787   8.8039748
  11.89604549  16.73996061  15.09942415  16.49840606  18.2619908
  19.35449749  16.0884364    7.67453877   3.28314095   0.73189652
   0.54616408   1.33290076  -2.22696758  -4.33455189  -2.05178611
  -3.13853745  -3.56668011  -7.24733292  -4.98460655  -3.03827296
  -6.02559709  -7.79299697  -8.09084384   0.08362802   2.47643879
   9.29234345  10.14420785   7.27455483   2.46980703   2.849694
  -3.35677596  -3.49772629  -4.85023252  -6.44396639  -8.23876827
  -5.64162493  -6.5204285   -7.53440242  -4.83558599  -2.13809217
  -5.20046891 -10.2265293  -12.55985756 -12.98755257  -6.63536129
   0.44622164   0.75299849   1.88807046   3.71869601   9.8430091
   5.65954043   6.75218492   9.47958165  14.57706264  14.97846532
  12.85507738  11.13998731   9.6773915   11.46074122  13.87144771
  16.33605297  12.38426001  17.97766199  23.43460916  18.67389205
  16.23306359   8.96781823   2.80276277  -2.68830671  -7.069541
 -11.38684118 -15.92664675 -14.52718527 -11.23691417 -12.45694635
  -8.82856873  -8.73641468  -7.93676414  -0.710754     2.44465765
  -8.83190192   0.28128037   4.10930457   4.64284698  16.34379976
  15.97508658  12.52364752  10.25636236   7.4959788    4.38194113
   3.20032308   5.53645686   7.64290664   3.21195635   2.63914403
   3.18108456],[ -1.85588821  -5.3465652   -8.3997968   -4.62398591  -6.19624939
  -7.77230053  -9.39158791 -12.63288958 -14.06446241 -15.04977621
  -9.91721154  -4.17630844  -3.91284649  -3.26988848  -5.92750629
  -9.62352135 -15.4541517  -15.21572373 -13.82041814  -7.24751047
  -1.49406766   0.95873429  -0.25875535  -6.3686747   -7.41395628
 -12.44410961  -9.58671926  -9.16117311  -0.95697918   3.15623323
   5.61751988   2.96720508  -1.71630354  -6.84562966  -3.179089
  -2.19215151  -0.50597776   3.97838525   4.2300952    7.01953643
   9.31920076   7.55062081   8.63629794   4.26848352   4.56240824
   3.0189266    3.78538871   7.51861538  14.74641285  14.61225138
  11.3149061   11.72189729  16.03053382  11.33912688  10.44734709
  13.3433922   19.15234383  24.39474265  18.01789126   7.03958399
  10.71009736  10.16323561   7.16318353   5.5525283   12.95159442
   7.66128992   2.11118644   4.76956436   4.24885891   1.08794862
   4.36444036   3.22191258   0.83642815  -2.61191467  -0.64262284
  -2.61367094  -3.9936837    1.23759183   4.1461194    4.10409      4.4574601
   3.50992548   2.94782064   0.624307     5.81906094   1.83998728
   0.67358936  -1.91263045  -4.1289072   -3.60548348   1.50104887
   2.19270409   4.90076111   5.02059071   0.59966027  -1.0367066
  -4.12416734  -2.29327303  -4.59667387  -6.39218458  -7.79606145
 -10.02098485 -11.26257103  -8.60285788  -8.24407499 -13.65590727
  -3.95048859   1.85479586   1.82021899   3.02759072   5.22736953
   2.6669134   -0.03602266  -0.41630028  -3.83311547  -4.80403109
  -6.16341905  -8.62093468  -9.14401927 -12.76317333 -11.65541576
 -13.13552807 -14.69551387 -19.42531409 -22.35127184 -19.04408937
 -17.62533389 -13.6780583  -15.17825645 -19.83921847 -23.83570461
 -24.91367229 -22.65655099 -23.36892511 -14.6148849  -11.86807954
  -8.84497396 -12.77177571 -15.23347329 -18.48506516 -23.73345776
 -24.96601359 -21.07948671 -15.80480555 -10.5156129   -7.52243892
  -3.5295793  -12.19428431   6.34039178  12.10344295   5.92216697
   0.59567339  -1.45779779  -0.28513861   5.22944112   6.55441119
   6.63744437   6.43684206  11.79085585  17.63043249  16.88389258
  14.55791559   7.82749358   1.12344486  -5.25906821  -8.02113046
 -10.755353   -11.16323472  -8.42417744  -6.53707062  -5.72660049
  -4.09999492  -8.47975368 -10.38580409  -5.12528715  -1.74734136
  -6.16603879  -3.09624979  -2.55883882   6.57388971   9.05947627
   7.510271     1.85323532  -1.40712955  -6.65154627   0.89738713
   0.13560188   2.38588843   2.57028808   2.85208638   1.96141486
  -6.9625104  -13.43763426 -15.28038432 -10.52433623  -6.41940625
  -2.48530969  -1.54811152  -3.4075795   -2.59040989   2.33256238
  -0.59610569  -6.17443052  -9.31052319  -7.48609348 -11.07139049
  -7.73289662  -5.26762765  -7.16643896  -3.96138889  -4.52085212
  -7.04135454  -4.53277302  -6.86194358  -9.85005574 -10.31307679
  -5.03688615  -6.29046656  -1.48007072   5.31405226   7.03970317
   4.71013552  -0.75719107  -1.52423102  -1.77254433  -0.32437879
   0.08050479   5.90804062   6.25808625   4.53930097  -1.33417138
  -8.01139955 -11.33286919 -13.27298936 -10.84121712 -12.97135937
 -15.72055442 -17.82102165 -18.47556551 -16.5903722  -14.97880266
 -14.06369589 -13.56120757  -6.72481448  -6.44606273 -12.31670204
   0.60866837   6.54773377  16.52054589  23.21763019  21.92395809
  16.09870344   9.60936101   3.65529446   1.32722211   2.31190792
   0.27313474  -0.76784393   2.51181212   5.90794656  10.03677158],[ -2.06484646  -3.56477314  -2.75333068   2.86068819   6.49181169
   6.02596516   2.99698849   2.07400761   1.6375881   -1.85066023
  -3.16821947  -3.99911172  -1.69218485   1.18250816   1.1314252
  -0.48710983  -0.55599544   2.56166412   1.84326568   2.20484354
   3.60459432   4.69435952   3.12305236  -3.22605148  -3.71149375  -7.58502
 -13.73985443 -17.63269833  -7.06002245   4.0781982    7.02011312
  -0.08838791  -3.57184322  -3.07396256   1.97572756   2.73373916
  -1.92328464  -5.1845885   -2.54631898   0.44264726  -1.56118108
  -7.67348058 -10.79131716 -11.47293882  -5.19216607  -6.43209653
  -7.42884546  -4.99618548   2.79477668   5.26485832   0.31398297
   1.65443952   8.25531548   5.58020019   4.21821603   8.68996629
  14.6085213   13.98840556  14.71411926  12.38462113  10.16976221
   8.14630437   4.26749689   3.50124137  10.48617306  10.82730739
   0.3312783    0.17423815   2.28896328   3.83727813   1.66632536
   2.09817837   2.36290891  -3.61742942  -1.30622755   5.23227882
   1.30034158   1.95865428   7.73622821   4.71919154   1.5611919
   5.90804509   7.42336054   1.81615058  -0.5579929   -5.27262782
  -4.14761962  -3.75349657  -1.99922793  -6.66138855  -3.63478831
  -2.39306131  -3.97181315  -5.39060745  -8.05265269 -10.15406249
 -11.39353802  -7.30188197  -4.44040938  -4.12064143   3.94000233
   7.2501806    5.82793798  -2.33116486  -3.74411879  -4.11678432
   3.0104738    5.61188822  13.3868332   12.69713505   8.2965963
   3.41789084   4.34387616   3.77230982   4.0222934    0.25716599
  -7.81411619 -14.91966432 -16.36162766 -16.6717805  -19.54620972
 -16.80787122  -9.48200081  -6.55056932  -7.11883024 -10.30433991
  -8.944372   -12.13497296 -12.47610407 -10.94024497  -7.99378124
  -3.52049894  -0.81890032  -7.37530135  -2.17700367   1.54090914
   3.93190838   2.376888     4.68472305   6.52150385   8.16065249
   3.74751151   3.26548518   6.95178592   8.61984106   6.82865834
   2.74893967  -6.69829831  -9.8961449  -11.41611571  -2.54842347
  -3.18068235 -11.7389556   -9.45957281  -2.23151433  -0.54190987
   0.18042422  -2.86909155   0.39624939  -1.91113266  -4.99330642
  -2.73234973  -5.40525271  -4.73843795  -8.48297929  -6.74458322
  -6.2468089   -5.02882232  -5.50903506  -7.27051023 -10.09401132
 -10.94077004 -13.63509479 -15.11742884  -9.02555157  -8.11815407
  -7.36002744  -6.45120005  -9.00197931  -7.32928418  -9.51669772
  -6.50245302  -6.23496591  -2.54985556  -2.59266008  -0.38228041
  -0.77378455   5.0703108    2.80716538   8.08358993   9.69210509
   3.98728092  -1.7527597    1.57686738   2.32488699  -3.03629911
  -6.35103567  -5.11616051  -6.91658803  -9.99940164 -11.2976862
  -8.48934128  -8.3063535   -6.16757025  11.11410244   9.90184507
   7.73647225   6.99083827   4.56777055   4.68729543   0.25691891
  -4.27090656  -2.40880742  -4.4718528   -6.85084538  -1.52797306
   6.12912903   7.44713993  11.71384653  14.56804757   9.23579119
   2.69676631   5.67402053   8.43678017   5.19508876   4.79113381
   8.66666745  13.15205301  10.31220867   6.73846471   2.60191804
   3.01232023  -2.35272272  -2.21309375   0.36214656  -3.63520016
  -7.52178812  -4.26285658   1.41873072   3.8017923    1.24333519
   1.03177599   4.0360409    3.09374611  -1.62663456  -5.50962817
  -1.38801544   4.1634702   13.65359888   8.8705029    4.86664383
   7.08165795   6.63770118   3.56665168   3.71205303   3.22013726
   0.24157715   4.65149804  12.4366252   16.87883207  20.16625375]