[-771.02941177 -771.02941177 -771.02941177 -759.42202149 -700.51403146
 -674.91780267 -656.00577603 -646.68922158 -655.15803955 -662.81060317
 -667.80561449 -665.33617331 -668.92660576 -672.7240205  -673.14007778
 -674.7760578  -671.77114624 -666.31983504 -675.57902279 -682.30838418
 -677.19767647 -656.11445155 -642.03310828 -642.44434156 -641.21149385
 -633.02912819 -628.97115999 -621.71107923 -622.91152582 -620.7481137
 -618.30409618 -612.74637306 -588.95207887 -560.24992759 -552.01252803
 -548.47027199 -546.58794756 -545.85661659 -542.87270018 -536.14456459
 -529.86003287 -529.24392111 -534.23250904 -535.92697177 -537.06221378
 -537.36210956 -537.97899032 -542.54854465 -540.33914628 -527.18479535
 -517.46174486 -512.20616665 -507.38173436 -466.20022737 -404.84978945
 -356.24734138 -333.47429936 -331.13013399 -343.75386616 -353.04125486
 -354.20841049 -357.00768709 -356.57947992 -367.16537293 -382.53663399
 -387.8754937  -387.03217451 -392.15654003 -397.88262105 -401.13111178
 -397.27868232 -401.29380532 -391.44304247 -377.52426506 -372.1206435
 -376.00294962 -396.38968087 -405.41816385 -400.28382863 -402.22080635
 -419.45345717 -431.92284272 -443.87926898 -446.76445658 -427.70186408
 -402.00414818 -383.48705584 -369.11781065 -358.81375516 -367.4173608
 -382.36099754 -397.01755357 -404.09894458 -408.13370575 -404.53295621
 -397.86784969 -398.1135046  -401.67145418 -406.62670235 -410.21844076
 -410.24444665 -412.24155263 -408.30541297 -405.14754196 -399.34537997
 -401.52269201 -405.58473125 -401.36483445 -395.42748805 -397.9846531
 -392.17512048 -391.25113488 -394.81914677 -417.39354878 -457.2170208
 -473.16842305 -476.78815135 -462.26750093 -419.47290843 -398.21346169
 -384.82146759 -371.6139047  -369.96293207 -369.78170861 -375.07364172
 -380.76006867 -395.59691214 -418.06104021 -427.07441486 -433.91000012
 -446.37605084 -466.41612479 -492.56817736 -504.88857414 -499.96017176
 -479.19696028 -458.78726241 -441.50070608 -436.64552832 -433.63196453
 -434.77900227 -440.58355712 -443.76744119 -438.62179153 -442.25960187
 -451.08462227 -454.55899053 -446.13411665 -428.81448142 -420.76848276
 -412.25234572 -410.04076153 -407.38392172 -400.0541734  -395.81992759
 -396.09908954 -407.01589964 -426.5508844  -449.74570032 -464.91027009
 -483.81882406 -478.42903994 -457.16455376 -449.14026247 -439.08561695
 -416.48330857 -382.23150734 -356.57560075 -355.04939714 -365.54381299
 -365.14916847 -367.38237414 -381.96789354 -390.67646253 -395.63711536
 -403.54587481 -411.24709373 -426.07602804 -442.55664801 -460.45991704
 -486.61491473 -508.03742765 -512.62586125 -512.87597458 -503.96755627
 -490.59794627 -466.34137035 -441.60580756 -432.98814165 -433.10646218
 -420.69321554 -414.6638319  -416.437543   -423.66434145 -443.41749032
 -464.41188652 -480.22837839 -485.97949065 -499.20893767 -516.40806376
 -536.21133837 -540.48627233 -521.23186573 -466.62568429 -419.22144267
 -399.87537269 -406.42440282 -421.69896064 -414.89721903 -416.10381113
 -400.44745999 -393.32057532 -402.79426577 -403.30452344 -410.62638011
 -409.15968287 -424.88988298 -444.31371018 -455.67587883 -464.49728596
 -461.60243067 -451.42226479 -450.19445822 -460.05180764 -483.45040462
 -496.64683802 -501.24246268 -521.06317617 -546.03495278 -556.38205148
 -558.12879838 -559.21043492 -534.73562276 -507.93153352 -500.65040263
 -493.26815942 -498.88025533 -500.45180292 -494.57667865 -499.27089992
 -513.24427873 -517.41087894 -524.63899484 -526.14651089 -528.74146197
 -526.27574826 -522.42136994 -512.27933815 -517.43903467 -538.97503096
 -555.85839432 -564.30388012 -566.60914061 -529.64689669 -472.918626
 -422.15846548 -400.58831276 -399.71994542 -413.15843954 -397.67091467
 -382.03662524],[ -5.68434189e-14  -5.68434189e-14  -5.68434189e-14   1.47608416e+01
   6.07775193e+01   7.30618574e+01   8.71460606e+01   9.31379226e+01
   9.10394463e+01   9.18758899e+01   8.30239917e+01   8.07595374e+01
   8.29829645e+01   8.11572886e+01   7.81839664e+01   7.46210333e+01
   8.09112045e+01   8.90677501e+01   8.21247408e+01   7.91551035e+01
   8.26925580e+01   9.11777185e+01   9.80304341e+01   1.00345454e+02
   1.03519978e+02   1.03977933e+02   9.25916598e+01   8.37211336e+01
   7.21580257e+01   6.82643308e+01   6.31768935e+01   5.55614155e+01
   7.19120359e+01   9.47328936e+01   9.41653459e+01   8.92909099e+01
   8.79294374e+01   7.43336343e+01   6.91876045e+01   7.42522592e+01
   7.06828521e+01   6.94742425e+01   6.55513421e+01   5.66972157e+01
   5.77932475e+01   6.06103332e+01   5.87676486e+01   5.79287190e+01
   5.37798373e+01   5.82794134e+01   6.22865643e+01   5.95504687e+01
   5.19493775e+01   7.94111936e+01   1.27947599e+02   1.53954335e+02
   1.77448547e+02   1.88071663e+02   1.82064261e+02   1.79554083e+02
   1.88793591e+02   1.83704900e+02   1.84739143e+02   1.78642214e+02
   1.62390437e+02   1.65189356e+02   1.80492726e+02   1.81242946e+02
   1.83663407e+02   1.74256733e+02   1.70631920e+02   1.57658701e+02
   1.46575125e+02   1.34390231e+02   1.15754122e+02   9.90560321e+01
   8.42013970e+01   7.79458297e+01   8.44663834e+01   7.69469886e+01
   6.47805441e+01   6.36932244e+01   6.12636873e+01   5.85713052e+01
   9.15404367e+01   1.32631343e+02   1.49187756e+02   1.61342093e+02
   1.81424200e+02   1.88922083e+02   1.83369959e+02   1.72743947e+02
   1.73780375e+02   1.73576987e+02   1.79938931e+02   1.85612983e+02
   1.88998595e+02   1.83932946e+02   1.80042744e+02   1.78407253e+02
   1.72894116e+02   1.63921446e+02   1.59970588e+02   1.49841972e+02
   1.47968498e+02   1.41408675e+02   1.38417451e+02   1.38302214e+02
   1.46844603e+02   1.43957667e+02   1.41199628e+02   1.37599334e+02
   1.45174956e+02   1.59239486e+02   1.59499077e+02   1.49068879e+02
   1.46413345e+02   1.49285808e+02   1.67454912e+02   1.72364287e+02
   1.73887461e+02   1.80300860e+02   1.78393611e+02   1.82683506e+02
   1.83998024e+02   1.87105903e+02   1.84629268e+02   1.75798498e+02
   1.73051139e+02   1.72658389e+02   1.73420851e+02   1.74566784e+02
   1.66671254e+02   1.48672318e+02   1.45819079e+02   1.53060158e+02
   1.57465259e+02   1.43609377e+02   1.13474300e+02   9.37632313e+01
   8.75899185e+01   9.83601180e+01   1.09810978e+02   1.12723188e+02
   1.14301831e+02   1.20450869e+02   1.35530206e+02   1.40465653e+02
   1.48231868e+02   1.60248275e+02   1.69246688e+02   1.69972246e+02
   1.76037231e+02   1.84506170e+02   1.89522913e+02   1.93083199e+02
   1.97854201e+02   1.95107827e+02   1.89399556e+02   1.83486770e+02
   1.80251228e+02   1.89083630e+02   2.00699117e+02   2.00410591e+02
   2.00145005e+02   2.03594085e+02   2.07031024e+02   2.03395947e+02
   1.94818152e+02   1.86528983e+02   1.88547113e+02   1.85996756e+02
   1.74540931e+02   1.70341263e+02   1.71150007e+02   1.64380487e+02
   1.59464547e+02   1.51915397e+02   1.42774235e+02   1.36266613e+02
   1.33474087e+02   1.30560120e+02   1.32734907e+02   1.29097415e+02
   1.32833458e+02   1.31519287e+02   1.31318489e+02   1.29069890e+02
   1.26930477e+02   1.17308802e+02   1.22240709e+02   1.19032648e+02
   1.10792925e+02   9.84207052e+01   8.17051651e+01   6.42963935e+01
   6.10322741e+01   6.36527601e+01   6.07223540e+01   5.71948215e+01
   5.45778481e+01   6.25357941e+01   7.84107258e+01   1.16620476e+02
   1.45182366e+02   1.52375258e+02   1.44009037e+02   1.22750757e+02
   1.29207008e+02   1.27650332e+02   1.40817338e+02   1.60345155e+02
   1.63316500e+02   1.56728551e+02   1.46783817e+02   1.62887429e+02
   1.74802843e+02   1.78486225e+02   1.81717131e+02   1.82992996e+02
   1.87857532e+02   1.81242512e+02   1.76168679e+02   1.76305795e+02
   1.62227210e+02   1.55415005e+02   1.61229074e+02   1.65952484e+02
   1.67490251e+02   1.59294730e+02   1.51987833e+02   1.45422226e+02
   1.40913900e+02   1.32829479e+02   1.13720589e+02   1.06432156e+02
   9.52020866e+01   7.88567264e+01   6.97031761e+01   5.80957809e+01
   3.98439250e+01   3.57154836e+01   3.80112741e+01   3.79940150e+01
   3.01368022e+01   3.06787154e+01   3.20115569e+01   3.50964523e+01
   4.42809870e+01   6.08449933e+01   6.90619025e+01   7.63754308e+01
   8.42624024e+01   1.07715991e+02   1.46152715e+02   1.76697377e+02
   1.86537169e+02   1.89871646e+02   1.86912689e+02   2.09723935e+02
   2.14237960e+02],[  3.37507799e-14   3.37507799e-14   3.37507799e-14   1.12742920e+01
   1.16321070e+01   7.67430565e+00   1.24263174e+01   1.78307606e+01
   2.12575577e+01   2.64475492e+01   1.48433960e+01   9.94532007e+00
   1.61716215e+01   1.88096800e+01   1.33152152e+01   1.19892180e+01
   1.75153783e+01   2.44801649e+01   2.21922255e+01   2.06546310e+01
   2.35507414e+01   9.32213610e+00   1.19367406e+00  -1.19945944e+00
   7.89339194e+00   2.46421102e+01   2.83428290e+01   2.74600728e+01
   2.49898316e+01   2.44362167e+01   2.41940171e+01   1.38918032e+01
   9.96434700e+00   7.71379484e+00   4.11761814e+00   8.93010308e-01
   4.54407068e+00  -2.04462870e+00   1.09571949e+00   5.19062007e+00
  -1.10069858e+00  -3.43805918e+00  -4.58762545e+00  -1.28226248e+01
  -7.45532715e+00  -4.48140372e+00  -4.42294017e+00  -7.87075048e+00
  -1.55901547e+01  -2.24683275e+01  -2.31199327e+01  -2.18570223e+01
  -2.66412785e+01  -3.95835282e+01  -5.79209424e+01  -8.37171311e+01
  -1.01358933e+02  -1.05079664e+02  -1.00772752e+02  -9.88525420e+01
  -8.90499352e+01  -8.51533216e+01  -7.80605586e+01  -6.98536180e+01
  -7.23496917e+01  -6.53220031e+01  -5.23077027e+01  -4.62439594e+01
  -3.94828761e+01  -3.98686608e+01  -3.42966535e+01  -4.07924021e+01
  -3.43683435e+01  -3.12471192e+01  -2.13359396e+01  -4.01719221e+00
   5.59001623e+00   5.65789992e+00   1.02783488e+01   8.12053005e+00
   1.00743507e+01   9.32213599e+00   9.97549548e-01  -1.61707037e+01
  -2.54175795e+01  -4.64512286e+01  -6.77200401e+01  -7.23028468e+01
  -7.65701730e+01  -7.43029617e+01  -7.15858327e+01  -6.41680921e+01
  -5.52027886e+01  -4.92350137e+01  -4.11312778e+01  -3.83669480e+01
  -3.50497108e+01  -3.45025032e+01  -3.32669635e+01  -4.05104495e+01
  -4.62149759e+01  -5.35547000e+01  -6.07715516e+01  -7.30579128e+01
  -7.39114358e+01  -7.47565971e+01  -7.31711128e+01  -7.61126321e+01
  -7.31583612e+01  -8.13712155e+01  -8.83703697e+01  -8.88351182e+01
  -7.95804944e+01  -5.84213502e+01  -3.43727041e+01  -3.18605596e+01
  -2.80893929e+01  -3.85123572e+01  -5.73843469e+01  -7.39385360e+01
  -8.67134572e+01  -9.44369269e+01  -1.00578201e+02  -9.88813535e+01
  -9.57325246e+01  -8.70335150e+01  -7.42493136e+01  -6.24425126e+01
  -5.74690531e+01  -5.49293113e+01  -4.33681659e+01  -2.85487755e+01
  -1.21933281e+01  -1.22073403e+01  -1.39489284e+01  -8.54820369e+00
  -8.66829168e+00  -1.35820939e+01  -2.16548129e+01  -2.38283959e+01
  -3.13809642e+01  -4.19724279e+01  -5.09219620e+01  -5.89946151e+01
  -6.20054634e+01  -5.69483793e+01  -5.60806859e+01  -6.74169719e+01
  -7.62897885e+01  -7.69157699e+01  -7.06702336e+01  -6.76908286e+01
  -6.94304700e+01  -6.85590139e+01  -6.95237295e+01  -6.77917554e+01
  -5.73036846e+01  -4.38786891e+01  -3.08716090e+01  -2.95782057e+01
  -2.35705130e+01  -2.54519406e+01  -3.92019732e+01  -5.51057578e+01
  -7.06461750e+01  -9.16762709e+01  -1.19845916e+02  -1.42106614e+02
  -1.50014407e+02  -1.35924701e+02  -1.21380967e+02  -1.14614063e+02
  -1.04414246e+02  -9.35929206e+01  -8.57971251e+01  -8.26674216e+01
  -7.66969034e+01  -6.73518835e+01  -6.34059043e+01  -5.67059392e+01
  -4.71639544e+01  -3.43517666e+01  -2.84031255e+01  -3.01762919e+01
  -2.87138043e+01  -3.60797908e+01  -5.30992511e+01  -7.66273382e+01
  -8.56663085e+01  -9.79564250e+01  -9.71911633e+01  -9.59093575e+01
  -8.32375409e+01  -5.33583153e+01  -2.85302858e+01  -2.56027586e+01
  -2.86950130e+01  -2.94137282e+01  -2.14527928e+01  -4.60084025e+00
   1.00468386e+00  -6.57148676e-01  -7.85121109e+00  -3.97954390e+01
  -7.51472449e+01  -9.49512129e+01  -1.00062219e+02  -1.06398982e+02
  -9.89031604e+01  -9.92282067e+01  -1.00683659e+02  -9.48929923e+01
  -9.09094649e+01  -9.62372128e+01  -9.73509800e+01  -8.24403420e+01
  -5.95723815e+01  -3.79461603e+01  -2.38145574e+01  -1.70832200e+01
  -1.63209845e+01  -2.23397049e+01  -2.79530768e+01  -2.82195995e+01
  -2.70814352e+01  -2.73027746e+01  -1.79204576e+01  -3.24760811e+00
   1.77496239e+01   2.23704993e+01   1.95117888e+01   1.00278278e+01
  -1.74908069e+01  -4.48424524e+01  -6.08245204e+01  -6.02539294e+01
  -5.38996619e+01  -4.55248305e+01  -3.89912056e+01  -3.24635483e+01
  -2.11051544e+01  -1.01323341e+01  -2.63094756e+00   1.04136274e+01
   5.51718050e+00  -3.18071983e+00  -7.96894422e+00  -1.34505324e+01
  -1.77516441e+01  -1.00997604e+01  -6.64679199e+00  -4.92506910e+00
  -1.55827967e+01  -2.97669616e+01  -4.21287167e+01  -6.57974039e+01
  -8.58502152e+01  -8.87940176e+01  -7.94050622e+01  -6.30627839e+01
  -5.23995754e+01],[ -8.88178420e-15  -8.88178420e-15  -8.88178420e-15   8.63631201e+00
   7.20753685e+00   1.20441390e+01   1.47403589e+01   2.61526801e+01
   3.06733840e+01   2.78479966e+01   2.09223535e+01   1.94784347e+01
   1.91465486e+01   2.17247403e+01   2.09038957e+01   2.41378461e+01
   2.32841600e+01   2.49068769e+01   2.27170319e+01   1.90734236e+01
   2.64190590e+01   1.78154252e+01   7.24958023e+00  -5.42101144e+00
   1.28791986e-01   2.20225998e+01   4.43087152e+01   5.97501422e+01
   6.33192454e+01   6.38155093e+01   7.46047897e+01   7.37588986e+01
   6.30476144e+01   4.77250529e+01   4.74489386e+01   5.50922950e+01
   6.68500002e+01   7.96977002e+01   9.16237267e+01   9.38938381e+01
   9.01066361e+01   8.93561711e+01   9.00078976e+01   8.97845008e+01
   9.97749172e+01   9.89951771e+01   9.05996517e+01   8.59324512e+01
   7.97723710e+01   7.28300677e+01   6.64878999e+01   6.73324256e+01
   7.79320464e+01   7.09912934e+01   6.39707968e+01   6.06761549e+01
   5.24475801e+01   4.16847460e+01   4.12619917e+01   3.73921027e+01
   3.45109053e+01   3.06991600e+01   3.19693985e+01   2.99452948e+01
   2.40341622e+01   2.68317751e+01   2.78204472e+01   3.09862378e+01
   3.43242954e+01   3.06957891e+01   3.90416797e+01   4.29750382e+01
   4.54140422e+01   5.25368245e+01   6.93907475e+01   7.05189415e+01
   6.50976451e+01   6.70774295e+01   6.55600691e+01   6.32050638e+01
   7.18899900e+01   7.80886500e+01   8.25608419e+01   9.01823715e+01
   8.86981097e+01   6.86296378e+01   4.82967341e+01   4.13457640e+01
   2.63377104e+01   1.34708758e+01   3.33575114e+00   7.16180521e+00
   7.65292895e+00   1.30036557e+01   1.81155158e+01   2.08081624e+01
   2.15539960e+01   2.06661994e+01   2.00861978e+01   1.24575762e+01
   9.41291109e+00   9.54222830e+00   1.06002003e+01   1.43951452e+01
   2.62719650e+01   3.93247223e+01   5.13508092e+01   5.62658893e+01
   6.39962485e+01   6.02329129e+01   5.91139715e+01   5.71770489e+01
   4.84101847e+01   3.85861981e+01   4.13354987e+01   4.37358686e+01
   4.99639711e+01   4.34392421e+01   3.26794456e+01   2.62768137e+01
   2.25304285e+01   1.39586831e+01   8.22885586e+00   9.09701218e+00
   1.04291739e+01   1.08286224e+01   8.89106351e+00   4.60989783e+00
   6.21266869e+00   5.55605183e+00   1.28767940e+01   1.57389677e+01
   1.81364287e+01   2.21745683e+01   2.26753202e+01   3.35961661e+01
   4.40983879e+01   5.87167015e+01   8.04678532e+01   1.01082347e+02
   1.07957013e+02   9.28420388e+01   7.97064492e+01   7.96862578e+01
   7.24191899e+01   6.02690216e+01   3.71018479e+01   2.06488983e+01
   1.59633324e+01   7.42565627e+00   4.16196862e+00   5.78174537e+00
  -2.14959510e+00  -6.43294023e+00  -8.95191500e+00  -7.07612196e+00
  -8.96845164e+00  -8.76525028e+00  -6.35595898e+00  -7.74371799e+00
  -4.45087926e+00  -1.58256200e+01  -2.73225815e+01  -3.47214480e+01
  -4.66219184e+01  -5.15755711e+01  -4.60192734e+01  -3.07312521e+01
  -2.47190849e+01  -8.48651300e+00   5.72221601e+00   1.40645897e+01
   2.23020819e+01   2.42793740e+01   2.20318814e+01   1.71029499e+01
   1.74374361e+01   1.83228707e+01   7.78699910e+00   6.79580691e+00
   2.68100119e+00   1.24427456e+01   1.20858083e+01   1.57933922e+01
   1.53345589e+01   1.05205621e+01   7.90018794e+00   1.01297816e+01
   1.59179570e+01   1.37809398e+01   2.16871535e+01   2.93234357e+01
   3.96582807e+01   5.84507693e+01   6.95211400e+01   7.14212491e+01
   6.68308646e+01   5.54066777e+01   5.03071159e+01   5.36654822e+01
   5.63071007e+01   5.01402643e+01   4.50492700e+01   2.63073889e+01
   1.69992138e+01   1.07782083e+01   1.12798051e+01   1.60539027e+01
   2.49978490e+01   3.22899507e+01   3.03210058e+01   1.99887741e+01
   1.28049711e+01   1.30988560e+01   2.00736644e+01   1.73628131e+01
   1.81022109e+01   2.68590519e+01   2.61138274e+01   2.30916753e+01
   1.71740350e+01   1.93580157e+01   1.79122132e+01   1.03813264e+01
   1.38531277e+01   1.16999398e+01   1.19807160e+01   9.17606511e+00
   1.61021006e+01   2.51618300e+01   3.96523707e+01   3.58984945e+01
   3.30384450e+01   3.98350588e+01   5.17370905e+01   6.58450477e+01
   7.31845786e+01   7.75081905e+01   8.59436870e+01   8.78669911e+01
   1.00220956e+02   1.00171126e+02   9.11676014e+01   9.57361945e+01
   9.32715991e+01   8.49537394e+01   8.40400467e+01   9.01166375e+01
   8.86839240e+01   8.11062230e+01   8.16509711e+01   7.83585170e+01
   6.39399978e+01   5.09791422e+01   3.95976789e+01   2.41785984e+01
   9.43965463e+00  -2.83652587e+00  -4.52156806e+00  -6.19818351e+00
  -8.34254878e+00],[  4.44089210e-14   4.44089210e-14   4.44089210e-14   7.86574934e+00
   1.02617959e+01   1.13450644e+01   1.40917303e+01   1.94852214e+01
   2.20411487e+01   1.93537500e+01   2.12189925e+01   1.71504178e+01
   1.46756820e+01   1.63661050e+01   2.19069932e+01   2.35778130e+01
   1.75222131e+01   1.75038336e+01   2.15297403e+01   2.57370661e+01
   2.94171807e+01   2.80013860e+01   2.19015069e+01   1.55775332e+01
   7.67590001e+00  -2.11098541e+00  -2.93274863e+00   1.41575154e+00
  -1.60184238e+00  -1.16603773e+01  -1.15837298e+01  -1.40123431e+01
  -2.51095889e+01  -3.84946689e+01  -4.30740779e+01  -3.82179681e+01
  -2.67163392e+01  -2.31140698e+01  -1.61692302e+01  -1.04699031e+01
  -1.41846370e+01  -1.71392976e+01  -1.96768117e+01  -1.89171649e+01
  -1.33853731e+01  -1.54557517e+01  -1.92527562e+01  -1.86442548e+01
  -2.32243699e+01  -2.36164326e+01  -2.62628498e+01  -3.20297008e+01
  -2.90457389e+01  -3.02124339e+01  -3.48312353e+01  -3.18980380e+01
  -2.85752775e+01  -3.05193296e+01  -3.25430707e+01  -3.43659960e+01
  -3.63549538e+01  -4.00250091e+01  -4.25218310e+01  -5.20980368e+01
  -5.96499654e+01  -5.59122221e+01  -5.46629796e+01  -5.44596381e+01
  -4.74481693e+01  -4.85590908e+01  -4.82773968e+01  -4.51896192e+01
  -3.73584376e+01  -3.90837701e+01  -4.71893436e+01  -6.06171806e+01
  -6.93367489e+01  -6.93573428e+01  -7.04931537e+01  -7.60765328e+01
  -6.95133508e+01  -6.29876264e+01  -6.12869846e+01  -4.99930413e+01
  -3.95224605e+01  -3.10120580e+01  -2.87002056e+01  -2.97494109e+01
  -3.63129389e+01  -4.08542376e+01  -5.08271142e+01  -5.96915712e+01
  -6.44896809e+01  -6.38616738e+01  -6.89505893e+01  -6.84476752e+01
  -6.74789155e+01  -6.91259500e+01  -6.61183108e+01  -5.77709562e+01
  -5.40472391e+01  -4.75902871e+01  -4.08766158e+01  -3.36118743e+01
  -2.45198840e+01  -1.50177287e+01  -5.10174058e+00  -2.72040302e+00
   2.16366974e+00   3.88216047e+00   2.90343297e+00  -3.79138039e+00
  -7.94928324e+00  -6.06068739e+00  -7.41834571e-01  -9.24637670e+00
  -8.84540320e+00  -1.10603772e+01  -2.32594192e+01  -2.95443023e+01
  -2.93203609e+01  -3.69667994e+01  -4.17779829e+01  -3.76475628e+01
  -2.99432761e+01  -3.10415015e+01  -3.75130446e+01  -4.78607638e+01
  -4.77290496e+01  -4.29834717e+01  -3.43204709e+01  -2.65795542e+01
  -2.79961955e+01  -3.30399805e+01  -4.07243038e+01  -4.38195311e+01
  -3.48685406e+01  -4.74631276e+01  -6.01930232e+01  -7.06868564e+01
  -6.55799281e+01  -4.87816125e+01  -2.65866568e+01  -1.91792830e+01
  -2.27374826e+01  -2.66082914e+01  -3.65525133e+01  -4.37813069e+01
  -4.56576069e+01  -4.33163207e+01  -4.45384081e+01  -4.69950976e+01
  -4.47773019e+01  -4.33091673e+01  -4.36122444e+01  -4.25457651e+01
  -4.38703207e+01  -4.51809505e+01  -3.95130635e+01  -3.68197317e+01
  -3.05824084e+01  -4.26688922e+01  -4.22026994e+01  -3.17013719e+01
  -3.44457761e+01  -3.35416094e+01  -2.15325416e+01  -1.34918144e+01
  -1.45621968e+01  -1.37913238e+01  -1.67193120e+01  -1.93701634e+01
  -2.06476915e+01  -2.47514811e+01  -2.91056007e+01  -3.29480761e+01
  -3.74962441e+01  -3.90923277e+01  -4.59569123e+01  -4.43676652e+01
  -4.22830026e+01  -2.92283448e+01  -3.02583748e+01  -2.97254517e+01
  -3.67837356e+01  -4.25315347e+01  -4.79988311e+01  -3.60243193e+01
  -2.67945352e+01  -2.63649161e+01  -2.36732990e+01  -3.32908796e+01
  -5.46831544e+01  -6.75629687e+01  -6.71130621e+01  -6.02494383e+01
  -5.00541588e+01  -4.89547524e+01  -4.59685839e+01  -4.03209654e+01
  -2.53001204e+01  -1.56560598e+01  -2.41403194e+01  -3.79568714e+01
  -4.65970976e+01  -4.62090305e+01  -5.27317649e+01  -6.07858636e+01
  -5.99108378e+01  -4.63389385e+01  -4.24696092e+01  -3.75073901e+01
  -3.07080415e+01  -3.14770354e+01  -3.22702732e+01  -4.46682600e+01
  -4.46001057e+01  -3.39483872e+01  -3.76928446e+01  -3.98667323e+01
  -4.54966670e+01  -5.19412763e+01  -4.83207019e+01  -4.40104194e+01
  -3.14153830e+01  -2.64069845e+01  -2.00195515e+01  -1.52205964e+01
  -7.90660768e+00  -1.16816629e+01   5.95455329e-01   4.97168551e+00
   1.31982718e+01   2.05587654e+01   1.76191037e+01   1.29624420e+01
   4.10591665e-01  -1.84006855e+01  -2.28609795e+01  -2.33805222e+01
  -1.94176230e+01  -1.91231797e+01  -1.49931902e+01  -1.16936116e+01
  -8.14673490e+00  -1.48592660e+01  -2.27872156e+01  -3.19718312e+01
  -3.30819795e+01  -1.69929081e+01  -3.92379250e+00  -1.39725794e+00
   1.77175967e+00   8.82768780e-01  -3.44758403e+00  -2.88848877e+00
  -4.65567393e+00  -1.07863476e+01  -1.54202571e+01  -1.75864438e+01
  -2.06273197e+01],[ -7.10542736e-14  -7.10542736e-14  -7.10542736e-14   7.94777489e+00
   7.09708459e+00   7.73568589e+00   1.72208745e+01   1.74601593e+01
   9.36987170e+00   6.95411862e+00   1.31525689e+01   6.75574662e+00
   6.15979494e+00   6.85495244e+00   8.39151843e+00   9.77724378e+00
   3.90179640e+00   4.20354441e+00   8.66319763e+00   1.52709274e+01
   1.58955645e+01   1.70259672e+01   1.86223375e+01   2.33996468e+01
   1.81952426e+01   1.53386052e+01   1.77060131e+01   2.36169687e+01
   2.70269132e+01   1.73163477e+01   1.68261456e+01   1.80170728e+01
   1.34699903e+01   1.55748518e+01   1.14649934e+01   1.04772881e+01
   1.79434697e+01   1.75227346e+01   2.26094984e+01   2.50985733e+01
   2.21795649e+01   2.13073006e+01   2.05603664e+01   2.70728539e+01
   2.80587044e+01   2.02337801e+01   2.17735845e+01   2.09813072e+01
   1.78621365e+01   2.20076945e+01   2.62958239e+01   2.26048304e+01
   1.93169756e+01   1.38973048e+01  -1.04506750e+01  -1.22903743e+01
  -1.99423329e+01  -2.63408824e+01  -2.44458422e+01  -2.61777718e+01
  -2.83495590e+01  -2.04472851e+01  -1.92388480e+01  -1.68183173e+01
  -9.36533646e+00  -8.42708135e+00  -1.37216383e+01  -1.43089834e+01
  -1.36116643e+01  -7.63545321e+00   2.39506211e+00   9.89545832e+00
   1.59772608e+01   8.61832173e+00   1.27025931e+01   1.35855167e+01
   2.04390703e+01   2.15992536e+01   2.61245023e+01   2.32547300e+01
   2.48644544e+01   2.59971042e+01   2.87799431e+01   2.44891674e+01
   2.08592367e+01   1.21385508e+01   1.09617141e+01   1.99867047e+01
   1.97483489e+01   1.71656150e+01   1.24750418e+01   9.18978157e+00
   8.53481481e+00   7.05029946e+00   3.66867025e-01  -7.67002633e-01
  -1.39635855e+00   2.57730381e+00   9.02408046e+00   1.88637264e+01
   2.83575296e+01   3.37832083e+01   3.29446701e+01   2.99744873e+01
   2.57942242e+01   1.92250351e+01   1.41746446e+01   1.14634861e+01
   2.58017745e+00  -3.76238849e-01   2.56940322e+00   8.08775925e+00
   1.67184147e+01   1.70252258e+01   7.83707867e+00  -3.97928451e-01
   3.27119739e+00   1.24459150e+01   4.50037562e+00  -4.00447386e+00
  -2.66565624e+00  -7.62325960e+00  -1.05298048e+01  -1.14769005e+01
  -7.70305185e+00  -1.24277721e+01  -1.38844442e+01  -1.57860121e+01
  -1.56588853e+01  -1.25797046e+01  -1.25546009e+01  -1.04893519e+01
  -5.59178822e+00  -4.35184723e+00  -1.27187896e+01  -1.16516736e+01
   5.06053910e+00   1.56899159e+01   2.53016786e+01   1.97304891e+01
   1.12229884e+01  -4.46502387e-01   2.06138587e+00   4.97864640e+00
   6.86098590e+00   1.03331550e+01   3.36314757e+00  -3.39775559e+00
  -9.98116977e+00  -1.16187316e+01  -3.59682482e+00  -8.85581120e-01
   4.24146018e+00   1.00190382e+01   1.03329478e+01   7.49230332e+00
  -1.00988217e+00  -2.48429968e+00   6.33251048e+00   4.84086971e+00
  -4.21367071e+00  -1.84043537e+01  -1.42004426e+01   1.14065744e+00
   9.24241205e+00   3.32649096e+00  -2.33080529e+00  -1.11330319e+01
  -2.27197476e+01  -2.35542062e+01  -3.03520358e+01  -3.74422618e+01
  -3.31722624e+01  -2.52740532e+01  -2.54875875e+01  -1.60916625e+01
  -1.45287125e+01  -7.65721674e+00  -9.48414720e-01   2.38823239e+00
  -3.53735747e+00  -2.76730861e+00  -2.14117763e+00   3.26552077e+00
   4.30888601e+00   1.34804190e+01   1.74897581e+01   2.18160919e+01
   1.59462142e+01   5.90089541e+00  -3.69374040e+00  -9.71384044e+00
  -1.51526582e+01  -1.96282816e+00   1.92192599e+01   2.77114574e+01
   3.54262102e+01   3.46822616e+01   3.48677047e+01   3.69000048e+01
   3.47860412e+01   2.44084259e+01   1.19290675e+01  -4.32467358e-01
  -4.77674328e+00  -9.73577406e+00  -1.41233018e+01  -2.27239861e+01
  -2.30370465e+01  -1.42734382e+01  -1.23018740e+01  -9.27323043e+00
  -2.72504484e+00   1.61621520e+00  -3.08215662e+00  -1.97403767e+01
  -3.01511221e+01  -2.92000458e+01  -3.33890010e+01  -3.64172790e+01
  -3.90649715e+01  -3.26262511e+01  -2.27617422e+01  -2.25007789e+01
  -1.33097465e+01  -1.02207809e+01  -3.05954037e+00  -4.77386480e+00
  -1.08783639e+01  -2.05694809e+01  -2.04622303e+01  -1.45623820e+01
  -7.24822686e+00  -9.02020018e+00  -1.77385634e+01  -1.56941366e+01
  -8.62329630e+00  -8.08428684e-01   8.07143675e+00   1.38811142e+01
   2.24808434e+01   3.29107858e+01   3.69001670e+01   3.97819495e+01
   4.66688559e+01   4.44669556e+01   4.62766107e+01   4.91670525e+01
   4.29818114e+01   3.47460564e+01   1.90566638e+01   9.47074992e+00
   9.20551817e+00   9.02065570e+00   1.72010633e+00   6.80872081e-01
  -3.03638545e+00  -4.92920762e+00  -4.59091674e+00   6.32789744e+00
   1.61242805e+01],[  5.32907052e-14   5.32907052e-14   5.32907052e-14   7.73373969e+00
   4.03891940e+00   7.77369617e+00   1.09021067e+01   1.09946750e+01
   7.86368036e+00   7.62507996e+00   1.44455774e+01   1.11429595e+01
   1.12553722e+01   9.11830447e+00   5.19575592e+00   7.51412503e+00
   7.99826338e+00   6.99608483e+00   5.60497494e+00   7.48444106e+00
   1.08993931e+01   1.53797612e+01   1.28237637e+01   1.70441868e+01
   1.88222909e+01   1.61509035e+01   2.00974429e+01   2.33966796e+01
   2.19899728e+01   1.47986872e+01   1.74046758e+01   1.18642400e+01
   7.95974190e+00   1.65448629e+01   1.45961712e+01   9.74638433e+00
   1.20297484e+01   2.01387884e+01   1.90770118e+01   1.37742355e+01
   9.10142856e+00   1.24304376e+01   1.11444212e+01   1.06788546e+01
   1.21261481e+01   9.29996932e+00   1.08812897e+01   1.57249184e+01
   1.58639849e+01   1.82707917e+01   1.42958096e+01   8.92602082e+00
   4.59458508e+00  -5.45568970e+00  -1.95096306e+01  -1.99038389e+01
  -1.26733251e+01  -6.48320242e+00  -6.69057824e+00  -1.09773891e+01
  -1.06170498e+01  -1.47979198e+01  -1.84603181e+01  -2.10347793e+01
  -1.97268949e+01  -1.84468324e+01  -1.98192884e+01  -2.22804357e+01
  -2.05292492e+01  -2.24179759e+01  -1.48357118e+01  -9.38206504e+00
  -1.40953792e+01  -1.97241433e+01  -1.13627935e+01  -1.93607250e+01
  -1.97309802e+01  -2.15074672e+01  -2.51077113e+01  -2.92568939e+01
  -2.43824224e+01  -1.88284208e+01  -1.06446473e+01  -6.74535946e+00
  -5.17553292e+00  -1.45216310e+01  -2.50180306e+01  -2.10349140e+01
  -8.88893470e+00  -3.09768816e+00  -5.43834160e-01  -1.07028144e+00
  -9.94448567e-01   2.93736844e+00   5.90723950e+00   4.15425977e+00
   5.98417035e+00   6.98247448e+00   4.91851936e+00   9.77282803e+00
   8.98605483e+00   2.15766936e+00  -9.21269489e+00  -2.49358942e+01
  -3.66072863e+01  -4.20927697e+01  -3.94584608e+01  -3.34101091e+01
  -3.17228740e+01  -3.15541202e+01  -3.17567464e+01  -2.95775968e+01
  -2.98963913e+01  -2.22861887e+01  -1.42190138e+01  -7.25309273e+00
   1.48170326e+00   5.96829093e+00  -1.40917384e-01  -8.09718567e+00
  -5.81937735e+00  -1.82131984e+00   5.67872334e+00   1.15616684e+01
   1.57731504e+01   1.25568152e+01   6.01632461e+00  -2.32708675e+00
  -3.27980077e+00  -3.21549287e+00  -3.09431950e+00   1.04841113e+00
   8.49445150e+00   6.83653990e+00   3.16728208e+00   2.44557244e+00
   1.28683181e+00   6.15879908e+00   1.91659589e+01   2.36240068e+01
   2.39772977e+01   1.61212060e+01   9.49375849e+00   1.20252001e+01
   2.09741270e+01   2.76816114e+01   3.04820209e+01   1.88020884e+01
   1.10364410e+01   6.43726933e+00   2.99275238e+00   2.95433676e+00
   6.90106862e+00   7.91921229e+00   1.14655951e+01   1.10549882e+01
   2.66964384e+00  -7.76974490e-01   5.27797558e+00   6.06095692e+00
   3.85769481e+00   2.88111699e+00   9.46131293e+00   2.26494385e+01
   3.14403551e+01   2.63358838e+01   1.75915261e+01   1.77933225e+01
   9.01870038e+00   2.46450308e+00  -1.28786797e+00  -1.00325738e+01
  -1.47108163e+01  -1.55026752e+01  -1.97027562e+01  -1.39677783e+01
  -1.67091008e+01  -2.04452880e+01  -2.32795563e+01  -1.98181736e+01
  -1.67098843e+01  -1.28717536e+01  -1.15336129e+01  -1.29630918e+00
   1.45201700e+00   3.39602024e+00   5.16699819e+00  -2.92574358e+00
  -2.00451720e+01  -3.37796601e+01  -4.54616400e+01  -4.45057734e+01
  -3.94340187e+01  -3.98298823e+01  -3.85424224e+01  -4.22347406e+01
  -2.86607965e+01  -1.97274358e+01  -1.12716298e+01  -6.11627457e+00
  -8.75188501e+00  -9.33861583e+00   6.14456899e+00   1.48947574e+00
  -5.58848584e+00  -5.93356823e+00  -4.81768336e+00  -4.61252025e+00
  -1.80274262e+00   4.17578945e+00   4.90256344e+00   1.18733697e+00
   1.59971264e+00   3.85095876e-02  -3.64776504e+00  -2.73251978e+00
  -7.04559542e+00  -9.47105689e+00  -1.19595279e+01  -1.36450479e+01
  -1.39290046e+01  -1.49793750e+01  -1.51261031e+01  -1.61691043e+01
  -1.24585470e+01  -1.38074743e+01  -1.37197354e+01  -1.24363278e+01
  -1.16037766e+01  -1.00198749e+01  -3.92126892e+00  -6.78566512e+00
  -1.86571803e+01  -3.14406603e+01  -3.65553164e+01  -2.78395255e+01
  -1.75140393e+01  -8.83289750e+00  -8.35898154e+00  -2.11467286e+01
  -2.77756674e+01  -2.37478526e+01  -2.30514296e+01  -2.32308066e+01
  -2.45976360e+01  -1.46687027e+01  -1.08931480e+01  -1.16703866e+00
   6.16544788e+00   1.34811804e+01   9.09097483e+00   5.82472706e+00
   1.30537232e+01   1.22400216e+00  -1.05757957e+01  -9.82600324e+00
  -7.38997126e+00  -8.00235799e+00  -7.23843213e+00   3.88848195e+00
   6.99918121e+00],[ -6.39488462e-14  -6.39488462e-14  -6.39488462e-14   7.08858096e+00
   2.61618563e+00   3.56527904e+00   4.01022732e+00   5.22149837e+00
   5.66586916e+00   5.71717950e+00   5.20930766e+00   4.37199154e+00
   6.89292309e+00   2.34558617e+00   9.34432401e-01  -2.97435591e+00
   3.83382583e+00   1.18139518e+01   1.05492771e+01   5.39234396e+00
   5.61036598e+00   1.11386125e+01   5.32350353e+00   5.31472207e+00
   1.31126305e+00  -9.93168429e+00  -1.25821001e+01  -6.29458963e+00
  -2.40965257e+00  -4.64177597e+00  -6.83847324e+00  -1.40383303e+01
  -2.05618268e+01  -1.66347020e+01  -1.02433880e+01  -1.21043357e+01
  -6.41736618e+00   9.00832197e+00   7.55356216e+00   5.56691268e+00
   8.06568922e+00   7.64898886e+00   4.70665008e+00  -2.83590893e+00
  -6.34415117e+00  -4.17080396e+00   7.20430831e+00   1.32935790e+01
   1.35878608e+01   1.65897277e+01   1.29389946e+01   9.44589860e+00
   1.04377868e+00  -1.63747997e+01  -3.66195243e+01  -4.43410401e+01
  -4.06041112e+01  -3.13970949e+01  -3.63517073e+01  -4.14892046e+01
  -3.73377942e+01  -3.58750007e+01  -3.32334531e+01  -3.45407343e+01
  -3.40093971e+01  -3.14475047e+01  -2.83066963e+01  -3.62999271e+01
  -2.82501396e+01  -1.91143841e+01  -1.14142796e+01  -1.24134596e+01
  -7.43051900e+00  -2.03776296e+00   3.56903266e+00   3.28536203e+00
   6.03111068e+00   2.77747777e+00  -4.07418968e+00  -7.46394145e+00
  -1.47920796e+00  -4.69536855e-02  -2.80522427e+00  -8.55277483e+00
  -1.47734231e+01  -2.19545013e+01  -3.05534832e+01  -3.56577560e+01
  -3.50289798e+01  -3.47157539e+01  -2.87398067e+01  -3.36651185e+01
  -4.00740868e+01  -3.47751508e+01  -3.15728083e+01  -3.38474089e+01
  -3.21227877e+01  -3.06699588e+01  -3.10071318e+01  -3.01632914e+01
  -3.24420825e+01  -3.66669032e+01  -3.85087646e+01  -4.50172283e+01
  -4.46144487e+01  -4.04019708e+01  -3.34438594e+01  -3.01446981e+01
  -2.64316945e+01  -2.90320164e+01  -3.44948866e+01  -3.59312868e+01
  -4.46240527e+01  -4.26734684e+01  -3.25175632e+01  -2.83752204e+01
  -2.99851064e+01  -3.65515351e+01  -4.28984547e+01  -4.93705000e+01
  -4.67149653e+01  -3.96844570e+01  -2.90978451e+01  -2.06565670e+01
  -1.38879459e+01  -6.05754207e+00  -6.23305196e+00  -1.19818046e+01
  -1.60884458e+01  -1.93583731e+01  -2.15154333e+01  -2.22566106e+01
  -1.59069913e+01  -1.15695568e+01  -4.63648319e+00  -2.88571241e+00
  -8.43563429e+00  -1.44143874e+01  -1.36857447e+01  -1.25410960e+01
  -1.08928749e+01  -1.15872371e+00   6.70187183e-01  -2.03691636e-01
   1.51915221e+00   6.55753847e+00   9.17435284e+00  -1.10485105e+00
  -5.02881776e-01   2.94084463e+00   2.13025030e+00   1.17244856e+00
   8.69735164e+00   7.05757181e+00   7.76540231e+00   2.15047406e+00
  -1.48912766e+00  -1.18005447e+01  -1.69739030e+01  -1.70770836e+01
  -1.55720810e+01  -1.33767954e+01  -6.90223244e+00  -2.57556759e+00
  -4.02011286e+00  -7.32677355e+00  -1.19876471e+01  -1.77396518e+01
  -2.08753911e+01  -2.14448041e+01  -1.81504502e+01  -2.01747028e+01
  -2.54434563e+01  -2.86689504e+01  -2.71584525e+01  -1.42448989e+01
  -2.01730598e+01  -3.06116415e+01  -3.24163504e+01  -2.82146537e+01
  -2.19574079e+01  -1.50895820e+01  -1.69927551e+01  -1.17827387e+01
  -9.65330037e+00  -8.49226333e+00  -1.36652784e+01  -1.65947894e+01
  -2.34249757e+01  -2.62637109e+01  -2.73437106e+01  -3.16107287e+01
  -4.18804732e+01  -4.71343875e+01  -4.43732687e+01  -4.36815965e+01
  -3.37594771e+01  -3.01375998e+01  -2.38119843e+01  -1.29205141e+01
  -6.45206889e+00  -1.16368687e+01  -1.22808325e+01  -2.50544849e+01
  -3.69107401e+01  -2.99977059e+01  -2.74071613e+01  -3.20410338e+01
  -3.40413300e+01  -2.81153727e+01  -2.77611125e+01  -3.15996758e+01
  -2.76646212e+01  -3.48313434e+01  -3.94714274e+01  -2.93545111e+01
  -2.88438792e+01  -3.24028877e+01  -2.84479818e+01  -2.49036403e+01
  -2.37636115e+01  -2.05872764e+01  -2.18736920e+01  -2.14143139e+01
  -2.53504606e+01  -2.98138927e+01  -3.05136377e+01  -2.83465054e+01
  -2.05318125e+01  -1.93520131e+01  -1.27923824e+01  -1.89028240e+01
  -2.60564640e+01  -2.70587409e+01  -2.29536632e+01  -2.33299696e+01
  -3.21858874e+01  -2.79499044e+01  -2.83164021e+01  -2.78219586e+01
  -2.27761833e+01  -1.62651958e+01  -7.75406453e+00  -4.07450039e+00
  -2.27295925e+00   5.71458759e+00   8.23895765e-01  -8.39846137e+00
  -1.59929642e+01  -3.15124506e+00  -1.82333592e+00  -6.22959783e+00
  -7.85379511e+00  -2.58690415e+01  -3.34015253e+01  -3.58611417e+01
  -3.12610185e+01  -2.37579346e+01  -2.28469595e+01  -1.35725790e+01
  -4.21369672e+00],[  5.68434189e-14   5.68434189e-14   5.68434189e-14   6.20493004e+00
   6.93739267e+00   5.91042718e+00   8.59463811e+00   9.68861346e+00
   6.78523018e+00   7.12680273e+00  -2.35952579e+00  -3.51998826e+00
   3.17972390e+00  -1.00838054e-01   2.81735351e+00  -1.17450037e+00
   7.64058963e-01   1.00742190e+01   7.33239464e+00   4.53259296e-01
   3.16079542e+00   7.02510761e+00   4.60106784e+00  -1.57718089e+00
  -4.32206108e+00  -1.95170943e+00  -8.86969868e-01   1.74907534e+00
   5.29971007e+00   5.75309345e+00   8.17235544e+00   4.03330155e+00
  -3.64860290e+00  -1.14128471e+01  -1.23156966e+01  -7.73012977e+00
   7.94542459e-01   8.84122348e+00   6.31776221e+00   6.32412148e+00
   7.47664120e+00   8.78656011e+00   1.25542521e+01   7.85858418e+00
   4.79842506e+00   1.23982950e+00   9.04350260e+00   1.17162544e+01
   9.13593062e+00   8.53956164e+00   3.63971724e+00  -1.68099371e-01
  -4.93350203e+00  -1.41543894e+01  -2.32281137e+01  -1.43951581e+01
  -6.09971943e+00  -5.54075714e+00  -3.71231276e+00  -4.11991286e+00
  -3.57786804e+00  -4.26688337e+00  -2.51631537e+00   2.25222833e+00
   6.36034627e+00   6.69064230e+00   1.25269050e+01   1.26909423e+01
   1.29158056e+01   1.16899781e+01   1.86480018e+01   1.59927403e+01
   1.95445804e-01  -1.48068345e+01  -2.50738327e+01  -2.68313723e+01
  -1.86501879e+01  -1.84523913e+01  -2.63928358e+01  -2.71360473e+01
  -1.53473752e+01  -5.85105794e+00   2.67344941e-01  -3.26389273e+00
  -5.45824408e+00  -1.11222397e+00   3.84145673e-01   8.96760713e+00
   1.69410370e+01   1.52760772e+01   8.75606001e+00   5.51780681e+00
   2.98435054e+00   3.67203862e+00   6.17478673e+00   1.86491470e-02
  -4.85749517e-01  -8.74151751e-01   1.72449618e+00  -3.41811715e-01
  -1.98146578e+00  -4.24266135e+00  -1.10850555e+00   8.46652543e-01
   7.22207575e+00   1.50732456e+01   1.68736561e+01   1.30476262e+01
   1.31049774e+01   7.58230643e+00   4.23688168e+00   8.39406989e+00
   8.27963886e-02  -1.00740573e+01  -7.20036886e+00  -3.14522859e+00
  -6.15139886e+00  -9.88810412e+00  -5.62080000e+00  -1.97716440e+00
   6.52227590e+00   9.41987594e+00   9.94206074e+00   1.08183116e+01
   1.09101337e+01   1.55422106e+01   2.09840470e+01   2.79940538e+01
   2.62690293e+01   1.90637240e+01   5.14870758e+00  -9.83554115e+00
  -7.52590708e+00   2.98071145e+00   8.35440748e+00   6.53503640e+00
   1.01438883e+01   2.05426592e+01   2.91907731e+01   2.67214447e+01
   2.12086263e+01   2.04932833e+01   1.89151131e+01   2.12982004e+01
   2.16259929e+01   2.73941240e+01   2.75071279e+01   2.03210207e+01
   2.15435647e+01   1.82614741e+01   2.21352208e+01   2.72743188e+01
   3.60156511e+01   3.64337402e+01   3.29552504e+01   3.22274493e+01
   3.24929812e+01   1.83964911e+01   8.35655456e+00   8.66837095e+00
   1.10271202e+01   7.30613791e+00   1.50190861e+01   1.51655424e+01
   1.35262838e+01   1.36015361e+01   1.70825904e+01   1.75689365e+01
   1.67247352e+01   1.94246155e+01   1.83786603e+01   1.86392627e+01
   1.71219898e+01   1.82822900e+01   2.11622034e+01   2.58159920e+01
   1.70777270e+01   8.67823714e+00   4.45362007e+00   1.77203299e+00
   5.30617171e+00   1.42063089e+01   1.06346249e+01   1.67131988e+01
   1.65142015e+01   1.24431605e+01   3.77325134e+00   2.73355518e+00
   5.79017117e+00   9.20538094e+00   1.38941455e+01   1.03809124e+01
   3.30352408e+00   3.31355689e+00  -1.36516457e+00  -1.89179078e+00
   9.05139338e+00   6.57519877e+00   4.81060059e+00   1.03482529e+01
   1.04518819e+01  -2.90407133e+00  -3.38264874e+00   4.29544008e+00
   1.77563590e+01   2.27335101e+01   2.35057584e+01   1.70415845e+01
   1.48010238e+01   1.94913409e+01   1.90293221e+01   1.39419767e+01
   1.44553412e+01   1.89985670e+01   1.63363489e+01   2.07070775e+01
   1.34029454e+01   9.80771064e-01   3.60780275e+00   9.43938503e+00
   5.59279021e+00   1.21277635e+01   1.08999931e+01   7.79072857e+00
  -8.81009891e-01  -7.70085740e+00  -4.50893258e+00  -6.60905395e+00
  -9.86978034e+00  -1.50166204e+01  -1.81606659e+01  -2.12312719e+01
  -7.65156782e+00   6.19850205e+00   7.50089004e+00   4.17209840e+00
   3.55454699e+00   8.63058316e+00   3.80620943e+00   3.94141145e-02
   1.73577453e+00   1.59253102e+00  -3.08279206e+00  -1.09752182e+01
  -1.29069313e+01  -5.91974443e+00   1.75902298e+00   8.01587429e+00
   9.63197901e+00   1.42671713e+01   9.30414149e+00   8.04696489e+00
   8.27176161e+00   2.48722434e+00   2.38437123e+00   4.29980363e+00
   5.24836847e+00   1.27006311e+01   1.27736755e+01   1.57043871e+01
   8.10346595e+00],[ -2.13162821e-14  -2.13162821e-14  -2.13162821e-14   4.86298202e+00
   3.95910921e+00   3.88861501e+00   7.35313598e+00   7.36594454e+00
   2.96678537e+00   2.42724768e+00  -3.86960743e+00  -3.10764498e+00
   1.74411283e+00   3.28187113e+00   1.04857058e+01   1.09822073e+01
   4.30063106e+00   2.45958321e+00  -3.89534214e+00  -5.85791680e+00
   6.56126317e+00   4.67470762e+00  -1.00391406e+00  -1.12157363e+01
  -8.80230969e+00  -5.63509617e+00  -4.31470399e+00  -6.19040269e+00
  -5.35406399e+00  -1.49610920e+00   7.63738892e-01  -4.92264630e+00
  -7.61310020e+00  -1.93588238e+01  -2.76909429e+01  -2.00092723e+01
  -1.10291144e+01  -8.77709497e+00  -9.52484206e+00  -6.57697972e+00
  -1.56187670e+00   5.65276546e+00   8.59481403e+00   1.40855735e+00
  -2.83490365e+00  -4.96790698e+00  -2.48817418e+00  -5.03461519e+00
  -3.77075457e+00  -1.17615934e+00  -3.30956057e+00  -2.41564898e+00
   1.80790580e-01  -8.65554931e+00  -1.90674240e+01  -2.53902411e+01
  -3.24545630e+01  -3.71195037e+01  -3.50665354e+01  -3.79110093e+01
  -3.51488870e+01  -3.78856534e+01  -3.79648997e+01  -4.12204432e+01
  -5.03504231e+01  -5.37422557e+01  -4.73025588e+01  -4.20708130e+01
  -4.15066660e+01  -3.90524698e+01  -3.66008472e+01  -3.65072802e+01
  -3.20425055e+01  -2.45329393e+01  -1.65910876e+01  -4.05806204e+00
   3.69622734e+00  -1.51504107e-01  -8.01117264e+00  -1.16526794e+01
  -2.77008185e+00   7.72479519e+00   8.18922148e+00   5.34841629e+00
  -3.65053953e+00  -2.24997618e+01  -3.84520619e+01  -4.20182310e+01
  -4.18838106e+01  -4.05481744e+01  -4.38565326e+01  -4.10508795e+01
  -3.85824228e+01  -4.09097006e+01  -3.36580632e+01  -4.06725057e+01
  -4.07315325e+01  -3.97351170e+01  -4.04280859e+01  -3.71957172e+01
  -3.59777033e+01  -3.76440252e+01  -3.20264001e+01  -3.33158383e+01
  -3.65090332e+01  -3.05714018e+01  -2.95168792e+01  -2.85626808e+01
  -2.25816922e+01  -2.54417919e+01  -2.58186919e+01  -2.40598804e+01
  -2.97117636e+01  -3.12991553e+01  -1.84608231e+01  -1.70917560e+01
  -1.51827764e+01  -1.37594370e+01  -8.83984595e+00  -4.61923420e+00
   8.06784304e-01   1.75806048e+00   2.17097524e+00   6.98214604e-01
  -6.08810597e+00  -8.44375273e+00  -1.11499079e+01  -1.42533985e+01
  -1.69393218e+01  -1.80621160e+01  -2.40398534e+01  -2.87030095e+01
  -2.08043313e+01  -6.85040405e+00  -4.22114839e-01  -1.09878020e+01
  -1.31617099e+01  -1.25085942e+01  -8.77877085e+00  -1.26330178e+01
  -1.45996206e+01  -1.45866211e+01  -1.43913164e+01  -1.92338349e+01
  -2.19353515e+01  -2.11041224e+01  -2.40106918e+01  -3.04603572e+01
  -3.59494882e+01  -4.24931964e+01  -4.32419110e+01  -4.09765902e+01
  -3.25467697e+01  -3.34554965e+01  -4.08079983e+01  -4.47300112e+01
  -4.54665585e+01  -4.48930765e+01  -3.72812170e+01  -3.62335960e+01
  -3.04893356e+01  -2.01457628e+01  -1.24299893e+01  -6.82373163e+00
  -4.84676622e+00  -3.38851079e+00   6.86973790e-01   1.09368167e+01
   1.31008772e+01   1.02085129e+01   2.26656889e+00  -1.73701901e+00
  -3.79408788e+00  -4.30608751e+00  -2.32185914e+00  -6.68454845e+00
  -9.50984861e+00  -1.08444784e+01  -2.00548497e+01  -2.54077552e+01
  -1.72642755e+01  -5.81764784e+00  -7.75066927e+00  -7.42738726e+00
  -1.55295202e+01  -3.01247636e+01  -4.25625803e+01  -4.65521895e+01
  -4.42282637e+01  -4.10578728e+01  -3.78180462e+01  -3.84570948e+01
  -3.44387084e+01  -3.13361091e+01  -3.73378206e+01  -3.17643085e+01
  -2.27931359e+01  -1.85437551e+01  -1.31537356e+01  -4.20573433e+00
  -3.35530106e+00  -3.87851058e+00  -2.27962341e+00  -4.31486646e+00
  -1.94266456e+01  -2.23573099e+01  -2.17021002e+01  -2.51566769e+01
  -2.75289324e+01  -2.03921958e+01  -1.83005029e+01  -1.77355003e+01
  -1.33010954e+01  -1.07313516e+01  -2.29018996e+01  -2.38733041e+01
  -2.21694573e+01  -1.89275639e+01  -1.32728001e+01  -7.03168836e+00
  -1.72840732e+01  -3.51367655e+01  -4.76744826e+01  -4.20624752e+01
  -4.08897072e+01  -4.03179130e+01  -3.14128814e+01  -2.62114593e+01
  -2.37556866e+01  -2.81712598e+01  -2.65341539e+01  -2.76348420e+01
  -2.75187614e+01  -2.78282295e+01  -3.74654431e+01  -4.08321461e+01
  -3.35425509e+01  -1.84046832e+01  -1.41750156e+01  -1.50826722e+01
  -1.02924868e+01   7.41287037e-01   3.00436333e+00   2.32243681e+00
  -6.90522389e-01   5.40364215e+00   2.41472881e+00  -4.24501351e+00
  -5.17149410e+00   3.37265296e+00   6.68107704e+00   5.87415918e+00
   6.68737653e+00   5.56158971e+00  -4.16028627e+00  -7.06006599e+00
  -5.17031525e+00   4.94468244e-01  -8.00153912e-01  -1.56452403e+00
  -5.59895859e-01],[  2.75335310e-14   2.75335310e-14   2.75335310e-14   2.88298147e+00
  -2.76846530e+00  -2.08308344e+00   7.00836824e+00   8.14984331e+00
   9.70467603e-01  -4.13886699e+00  -2.20147924e+00  -6.66557500e-01
  -1.93844222e-01   4.05785746e+00   8.35838035e+00   3.87145097e+00
   7.65481284e-01   2.99504330e+00  -3.35851184e+00  -7.90517292e+00
   3.88723948e+00   1.81598959e+00   2.07265734e+00  -1.23268627e+00
  -6.46288094e+00  -7.53987132e+00  -4.13988228e+00  -1.20777580e+00
   4.58476963e+00   8.96998385e+00   5.57164812e+00   5.21080814e+00
   8.08254304e+00   5.45563621e+00   7.22932090e-01  -1.56154167e+00
   2.48372501e+00   1.00049513e+01   1.08246967e+01   7.15491241e+00
   8.92830285e+00   1.65801833e+01   1.70443675e+01   1.71864404e+01
   1.39677516e+01   1.12961164e+01   2.37145386e+00  -2.21177386e+00
  -1.43485340e-01   1.19834494e+00   2.28110970e+00   2.50337855e-01
  -1.95194751e+00  -8.97297203e+00  -9.88329682e-01   2.10210514e-01
  -1.44753373e+00  -3.26498737e+00  -6.99098276e+00  -1.61175642e+01
  -1.43018605e+01  -1.52811517e+01  -1.29794933e+01  -1.56530599e+01
  -2.57060199e+01  -3.00627386e+01  -2.67468895e+01  -2.66219691e+01
  -2.22268965e+01  -1.57631988e+01  -1.88671864e+01  -2.08495190e+01
  -2.25998896e+01  -1.76515797e+01  -9.50228399e+00  -7.71841015e+00
  -9.85326062e+00  -1.75522206e+01  -1.57413084e+01  -1.39834451e+01
  -1.34947983e+01  -6.43638662e+00  -4.95620639e+00   1.18673991e+00
   5.22165709e+00   7.86897090e+00   5.71141484e+00   2.21849377e+00
  -2.96664311e+00  -2.65685762e+00   8.39333772e-01   5.08220769e+00
   3.49865045e+00  -1.33168789e+00   4.40701836e+00   4.39143529e+00
   3.31924248e+00   6.86316034e+00   1.03838900e+01   1.27614407e+01
   1.85421450e+01   1.92005380e+01   2.17359351e+01   1.77236284e+01
   9.09717859e+00   5.15885740e-01  -6.69055620e+00  -9.70971030e+00
  -4.94025921e+00  -1.90003298e+00   8.26550501e-01   4.28385324e+00
   4.22178615e+00   9.83110248e-01  -6.49075047e-01  -8.02331356e+00
  -7.51588420e+00   2.93065967e+00   9.44705235e+00   1.32237051e+01
   1.27904084e+01   8.54667327e+00   9.64234877e+00   5.97185633e+00
  -2.79206394e+00  -4.15675752e+00  -7.30999982e+00  -1.88179469e+01
  -2.04337355e+01  -1.54302153e+01  -1.32696424e+01  -1.57774618e+01
  -8.63406319e+00   1.97671065e+00   6.82462257e+00   1.64607464e+00
  -5.77918515e-01  -2.27988849e+00   4.72810841e-01   1.77989118e+00
   1.13032815e+00   8.99049072e-01   4.94291558e+00   1.52197403e+00
   3.70795978e+00   1.02197722e+00  -6.65163052e+00  -1.54193251e+01
  -1.80799201e+01  -1.91007350e+01  -1.57659399e+01  -1.57093476e+01
  -7.16529689e+00  -1.04292388e+01  -1.72633418e+01  -2.52012956e+01
  -2.73466848e+01  -2.66885781e+01  -2.17298920e+01  -2.88827187e+01
  -3.52589254e+01  -2.15373843e+01  -1.61763338e+01  -1.28218172e+01
  -1.56462485e+01  -1.58841505e+01  -1.35459160e+01  -1.35528454e+01
  -1.40546985e+01  -8.81233455e+00  -6.80620154e+00  -4.90741440e+00
  -2.33026688e+00   4.53209607e-01   2.31594819e+00   3.01854228e+00
   7.91319575e+00   1.42234213e+01   1.04043274e+01   1.46201664e+01
   9.86905495e+00   4.28109327e+00   1.17554530e+00  -2.71288392e+00
  -8.67235244e+00  -4.31061189e+00   9.48472099e-01   5.05349090e+00
   2.86410023e+00  -7.91520598e+00  -1.70580819e+01  -2.10160190e+01
  -2.89602160e+01  -2.79371746e+01  -2.88403652e+01  -1.53710030e+01
  -1.53554219e+01  -1.77152746e+01  -1.80799935e+01  -1.19875006e+01
  -1.18639483e+01  -1.42327138e+01  -1.81040558e+01  -1.92843098e+00
   4.25162700e+00   2.14439936e+00  -1.75901370e+00  -9.00344816e+00
  -1.70886093e+01  -1.32997797e+01  -1.02295456e+01  -7.23046338e+00
  -2.47067986e-02  -7.33323951e-01  -1.35569780e+01  -1.94397978e+01
  -1.69871853e+01  -4.61780821e+00  -1.57513711e+00  -3.29350227e+00
  -9.65386489e+00  -1.14297489e+01  -1.83458508e+01  -1.54426269e+01
  -1.69819674e+01  -2.15504571e+01  -1.55270228e+01  -1.98907269e+01
  -2.11390638e+01  -2.18770451e+01  -2.00528228e+01  -2.10931051e+01
  -2.26563422e+01  -2.27986628e+01  -2.65530085e+01  -3.25649680e+01
  -3.44267619e+01  -3.08605214e+01  -2.13461820e+01  -1.80086226e+01
  -8.93121760e+00   5.97356368e+00   1.16655120e+01   1.22475139e+01
   1.56056726e+01   1.16892222e+01   9.07494253e+00   1.91637798e+00
  -8.25608151e-01   7.41495017e+00   1.83236413e+01   1.55642700e+01
   7.99091774e+00   1.00592904e+01   4.65822850e+00   4.84897245e+00
   8.27333972e+00   1.15783271e+01   7.95025403e+00   1.12518922e+01
   1.26812007e+01],[  6.21724894e-15   6.21724894e-15   6.21724894e-15   7.68338079e-01
  -2.13563182e+00  -1.37808372e+00   2.97417907e+00   2.36992265e+00
  -7.99640719e-03   1.24927925e-01   2.82654413e+00   1.50644889e+00
   1.59691233e+00   5.94594615e+00   3.53046057e+00   1.14262679e+00
   1.44538069e+00   3.02596128e+00  -4.52591800e+00  -1.04272827e+01
  -1.88755123e+00   4.12680471e+00   1.24284319e+01   1.88648335e+01
   1.25125888e+01   7.88520086e+00   2.89997926e+00   2.69568656e+00
   2.09649806e+00   2.51581697e+00  -2.35085716e+00  -3.68210935e+00
  -3.12010224e+00   3.82233892e-01  -5.06096510e+00  -1.18102589e+01
  -1.52575004e+01  -9.57810193e+00  -7.83942370e+00  -1.02348661e+01
  -1.43616607e+01  -9.56792864e+00  -1.61345141e+01  -1.31835832e+01
  -9.92751115e+00  -8.73655097e+00  -1.32799569e+01  -1.35502040e+01
  -1.15495094e+01  -1.20528298e+01  -1.10389080e+01  -1.04721824e+01
  -1.04843517e+01  -1.71698824e+01  -2.69956627e+00   4.74355277e+00
   8.96011688e+00   1.15353039e+01   1.29202538e+01   1.14606473e+01
   9.87199007e+00   3.84309155e+00   7.44358548e+00   6.41898262e+00
  -2.43003230e+00  -6.59425334e+00  -4.76795203e+00  -4.15470977e+00
  -2.28031116e+00   7.08577677e-02  -9.57729493e-01  -5.47246460e+00
  -3.07646021e+00  -6.25981031e+00  -1.23917688e+01  -7.56874341e+00
  -6.33585108e+00  -1.09939932e+01  -7.80675860e+00  -7.98126919e-01
  -1.48680062e+00  -5.86387946e+00  -5.39121014e+00  -3.82677310e-01
  -8.03016354e+00  -6.52692970e+00  -1.15709489e+00   7.96585496e+00
   1.23077180e+01   1.18900046e+01   4.85213666e+00   3.52813814e+00
   1.73539435e+00  -3.76549793e+00  -2.53851538e+00  -1.53418439e+00
   3.98806386e-01   1.74872096e+00   1.18749640e+01   1.17812321e+01
   1.06216898e+01   3.32843679e+00  -3.38855190e+00  -8.00257351e+00
  -1.09287885e+01  -1.16394292e+01  -1.15240536e+01  -1.37027560e+01
  -1.08085484e+01  -6.00017939e+00  -3.55581115e+00  -4.25797855e+00
  -1.27501802e+01  -1.72918704e+01  -1.31630756e+01  -1.05680035e+01
  -6.11504031e+00   3.10222713e+00   5.83993765e+00   3.54726584e+00
   9.35905518e-01  -8.28683884e-01   3.09621049e+00   4.43391908e+00
   3.37225462e+00  -1.20808895e-01  -2.42679363e+00  -3.58035905e+00
   5.86700842e+00   1.21149929e+01   1.46141492e+01   6.15114183e+00
   6.31779462e-01  -8.48163118e-01  -2.67789570e+00  -3.04186479e+00
  -5.93692345e+00  -6.27038207e+00  -9.05030520e+00  -1.27656844e+01
  -1.72382804e+01  -1.23291647e+01  -5.24543463e+00  -5.57987264e+00
   2.09724234e+00   6.08375614e+00   9.58444353e+00   2.97435613e+00
   3.33546968e+00   1.66489341e+00   4.33722881e+00   6.03554453e+00
   1.46130866e+01   1.17226445e+01   7.83632849e+00   1.24833758e+01
   2.07980329e+01   1.00119173e+01  -1.90195983e+00  -4.44602704e+00
  -4.80030986e+00   1.19165810e+00   1.39346066e+01   1.67570512e+01
   1.33964171e+01   1.29439007e+01   1.37933875e+01   1.38431810e+01
   5.40038723e+00   3.03715570e+00   7.30008709e+00   6.92452880e+00
   8.26322283e-01   1.07728135e+00  -2.49984756e+00  -9.90330982e+00
  -1.28807285e+01  -1.43385096e+01  -1.75542927e+01  -3.13058679e+00
  -1.12792069e+00  -1.05892869e+01  -1.47259151e+01  -1.49536638e+01
  -1.64134853e+01  -5.33767923e+00   3.88323144e+00   2.93909640e+00
  -6.74426298e+00  -1.30997133e+01  -1.63109603e+01  -2.49509125e+01
  -2.95016908e+01  -3.18459739e+01  -3.14192048e+01  -2.40786981e+01
  -1.91073266e+01  -1.85390720e+01  -1.53124242e+01  -1.23340655e+01
  -1.22959164e+01  -5.01578083e+00   8.77163696e+00   2.25824574e+01
   2.58347862e+01   2.34655984e+01   1.83966434e+01   1.44577941e+01
   1.18566246e+01   1.29144307e+01   1.75635182e+01   2.26871514e+01
   2.30202798e+01   2.70073227e+01   2.45613542e+01   1.96447880e+01
   1.73218349e+01   2.25436731e+01   1.66509384e+01   8.45187099e+00
   7.74128976e+00   1.66181928e+01   1.81044197e+01   1.67100950e+01
   8.35464128e+00  -4.93426177e+00  -3.33476357e+00  -5.84439205e+00
  -1.01561656e+01  -5.35199529e+00  -1.02401261e+01  -1.55042198e+01
  -8.05613256e+00  -9.78938290e+00  -1.43617638e+01  -1.38505590e+01
  -1.22225778e+01  -1.19960182e+01  -5.70743347e+00  -1.27789727e+01
  -1.87022677e+01  -1.53798351e+01  -8.16728130e+00   2.50637167e+00
   5.23973440e+00  -1.80328458e+00  -6.28792059e+00  -6.62334368e+00
  -9.77966557e+00  -2.68102156e+00   2.85289909e+00  -2.93091495e+00
  -3.55450509e+00   4.77446651e+00   4.69417087e+00   9.36641524e+00
   1.22980207e+01   1.03571518e+01   7.96372974e+00   1.23954289e+01
   1.04728166e+01],[  8.97060204e-14   8.97060204e-14   8.97060204e-14  -6.61551387e-01
  -5.68422502e+00  -2.45037047e+00  -3.42491539e+00  -1.78986668e+00
  -1.47171964e+00   1.13828480e+00   1.06150151e+00  -1.14113628e+00
  -1.80529525e-01   4.80321127e+00   3.05851211e+00   8.99080912e+00
   8.74986117e+00  -1.18007136e+00  -8.83519807e+00  -1.11004464e+01
  -4.99531050e+00   2.34417831e+00   3.33183857e+00   9.31811754e+00
   1.29571465e+01   9.79096470e+00   1.58321236e+00   4.41382007e+00
   6.76384835e+00   7.51502927e+00   1.35763456e+00   3.29552408e+00
   4.31910945e+00   1.17986398e+01   1.21791681e+01   8.86007926e+00
   4.79773299e+00   3.37557294e+00   9.98684483e-01   6.64168303e-01
   2.56474103e-01  -3.34687722e+00  -6.57715474e+00  -9.39496692e-01
   4.69756883e+00   8.41102730e+00   6.61749806e+00   3.09873038e+00
   8.64914040e-01   2.20819543e+00   1.42526241e+00   2.85959056e+00
   4.13750801e+00  -3.27447006e+00  -2.37915383e+00  -5.54848261e+00
  -4.61805731e+00  -4.26663432e+00  -8.16886295e+00  -7.98230971e+00
  -1.13103344e+01  -9.41897099e+00  -1.37061182e+00  -5.13355883e+00
  -1.53433077e+01  -1.66838167e+01  -1.46704415e+01  -1.76454763e+01
  -1.64832924e+01  -4.50598954e+00  -1.42859092e+00  -7.55044735e+00
  -1.15543124e+01  -1.77693740e+01  -2.07529284e+01  -1.75030108e+01
  -1.20295343e+01  -7.06092028e+00  -9.99874154e-01  -8.29831824e-01
  -3.60888050e+00  -5.80592969e+00   2.93822589e+00   6.97967713e+00
   2.81477517e+00  -8.35854048e+00  -1.97411937e+01  -2.09314246e+01
  -2.30533680e+01  -3.16397402e+01  -3.82042000e+01  -3.52649233e+01
  -3.31289276e+01  -3.63537943e+01  -3.97695425e+01  -4.18684774e+01
  -3.92071384e+01  -3.80068310e+01  -3.22501617e+01  -3.40231950e+01
  -3.49304594e+01  -4.22805969e+01  -4.04029255e+01  -3.46932861e+01
  -3.03098333e+01  -2.33336219e+01  -2.08008723e+01  -1.56920306e+01
  -1.21511840e+01  -1.02466707e+01  -8.90408458e+00  -1.06351256e+01
  -2.06565840e+01  -2.35474836e+01  -9.13207214e+00  -5.22760803e+00
   4.93279851e-01  -9.09460573e-01  -6.57880818e+00  -1.38051343e+01
  -2.04930542e+01  -2.07720056e+01  -1.43095947e+01  -1.54170890e+01
  -1.28405551e+01  -1.28017684e+01  -1.45238041e+01  -1.60718679e+01
  -1.53296639e+01  -9.62887591e+00  -3.80312033e+00  -4.93404679e+00
  -7.29497359e+00  -3.69131902e+00  -1.92691124e+00  -3.70599542e+00
  -6.25920184e+00  -7.95827101e+00  -8.49761848e+00  -2.84956069e+00
  -8.39893008e+00  -4.78842107e+00  -3.25232063e+00  -8.84464444e+00
  -1.00544304e+01  -1.29246266e+01  -1.50450524e+01  -1.95869442e+01
  -2.05064798e+01  -2.18837803e+01  -1.61176924e+01  -1.43459968e+01
  -7.92577617e+00  -8.84288669e+00  -1.85781919e+01  -2.23731144e+01
  -1.84130624e+01  -2.19875081e+01  -2.31763885e+01  -2.35523375e+01
  -2.52320376e+01  -2.02867607e+01  -7.83767548e+00  -1.37105269e+00
   2.48173329e+00   5.43831579e-01  -7.39811834e+00  -1.06192400e+01
  -1.74526593e+01  -2.21083614e+01  -1.74196072e+01  -1.86087011e+01
  -2.68290941e+01  -2.64501164e+01  -2.39590035e+01  -2.33659626e+01
  -2.39078482e+01  -2.92352339e+01  -3.28339478e+01  -2.62264553e+01
  -1.99577115e+01  -2.84882402e+01  -2.96159940e+01  -3.06100397e+01
  -2.81446707e+01  -2.34399334e+01  -2.00807773e+01  -2.59618524e+01
  -3.08488584e+01  -2.24156983e+01  -1.82558117e+01  -2.14308956e+01
  -1.95761320e+01  -2.07521585e+01  -1.50373769e+01  -1.53829973e+01
  -1.03783268e+01  -1.82898078e+01  -2.86987636e+01  -2.61955589e+01
  -1.80034976e+01  -1.57327557e+01  -1.54023417e+01  -1.46194928e+01
  -1.77102682e+01  -2.09498026e+01  -1.93342086e+01  -1.96916950e+01
  -1.79603957e+01  -1.19358801e+01  -9.84554313e+00  -7.76082894e+00
  -3.78145045e+00  -3.58782365e+00  -4.53512340e+00  -9.64448740e+00
  -1.33461726e+01  -9.25233679e+00  -1.13672277e+01  -1.70951388e+01
  -1.68777266e+01  -1.59644510e+01  -1.09493306e+01  -7.99730848e+00
  -1.55724975e+01  -2.30146940e+01  -2.23389449e+01  -2.16657339e+01
  -1.71396644e+01  -1.37108047e+01  -1.01246084e+01  -1.31168842e+01
  -1.24119873e+01  -1.88532696e+01  -2.23414093e+01  -1.49821845e+01
  -8.50496354e+00  -6.77198516e+00  -4.04317053e+00  -4.75002359e+00
  -7.94567180e+00  -1.04691314e+01  -7.02252150e+00   2.27997128e+00
   4.71763929e+00   1.37393331e+00   1.16570982e+00  -6.10856289e-01
  -6.03212349e+00  -5.70574449e+00  -2.38698505e+00  -9.81235548e+00
  -7.78813510e+00   3.45470108e+00  -8.33195680e-01  -1.00809938e+01
  -1.07210497e+01  -1.07565453e+01  -8.34974922e+00   8.11683017e-02
   3.98494139e+00],[ -6.30606678e-14  -6.30606678e-14  -6.30606678e-14  -1.18683337e+00
  -7.84341996e+00  -4.43862274e+00  -5.58035216e+00  -1.48741212e+00
  -1.76437595e+00   6.10809480e-01  -5.00024960e-01  -1.74871425e+00
   3.21214746e-01   3.55810190e+00   1.33921792e+00   3.56689172e+00
   6.98847861e+00   1.36506039e+00  -4.27197985e+00  -4.40605567e+00
  -1.03714512e+00   5.14111005e-01  -4.83027476e+00  -7.38520196e+00
  -6.17825704e+00  -4.11630570e+00  -3.64831497e+00   8.55435074e-01
   4.50053625e+00   8.10526162e-01  -4.06505521e+00   3.80163022e+00
   3.97283761e+00   8.24555354e+00   6.90808180e+00   3.15572303e+00
   1.86935289e+00  -3.06109865e+00  -2.34979425e+00  -2.72357949e+00
  -3.37698086e+00  -7.96190228e+00  -9.77905723e+00  -7.25574175e+00
  -3.79708786e+00  -2.50766783e-01  -8.50293209e-01  -3.25754114e+00
   1.07392832e-01  -2.13949659e-01   1.05257132e+00   8.37144363e-01
  -9.43241241e-02  -6.01340687e+00   7.14338776e-02   6.77463024e+00
   1.62417504e+01   1.42346071e+01   5.44549493e+00   2.88701238e+00
  -3.51274222e+00  -4.73358992e+00  -5.35351614e+00  -9.48646771e+00
  -1.33600944e+01  -9.39516001e+00  -5.97813326e+00  -1.18098909e+01
  -1.15968532e+01  -1.12224401e+01  -1.15011358e+01  -1.68226003e+01
  -1.27698729e+01  -1.22821036e+01  -1.26011685e+01  -1.19856384e+01
  -1.43611065e+01  -1.09957315e+01  -6.93014175e+00  -5.65921972e+00
  -7.09766818e+00  -7.12363715e+00  -9.83538106e+00  -7.41606297e+00
  -9.76702787e+00  -9.63824313e+00  -7.87697981e+00  -5.29055740e+00
  -3.59132443e+00  -4.19862485e+00  -2.99185820e+00   5.10347447e+00
   1.07303883e+01   1.13824331e+01   7.89477785e+00   7.03101872e+00
   8.91110097e+00   4.74786550e+00   2.84734153e+00  -5.93138315e-01
  -2.63037694e-01  -3.22190101e+00   4.88321750e+00   1.48081742e+01
   1.37164543e+01   3.40303228e+00  -6.02055487e+00  -4.32752026e+00
   8.89784771e-01   3.39017967e+00   3.82466546e+00   5.07604552e+00
   3.63535861e+00   4.13008029e+00   5.82990480e+00   5.44696139e+00
   1.19167790e+01   9.49362144e+00   6.69687039e+00   7.79728122e+00
   5.81122698e+00   1.54324807e+00   5.45058426e+00   7.82235656e-01
   3.59661619e+00   6.16314017e+00   1.01828086e+01   1.00957604e+01
   2.77684761e-01   1.32059541e+00   1.65098560e-01  -3.69734137e+00
  -3.39461539e+00   1.98035397e+00   4.79026350e-01  -7.76088564e+00
  -1.19889968e+01  -8.63002706e+00  -8.73882322e+00  -2.08142086e+00
  -2.82317518e+00   9.78903586e-01   1.86039690e+00   4.02540008e+00
   3.09336296e+00  -3.13001424e+00  -5.56925596e+00  -1.14240089e+01
  -1.46252436e+01  -1.71926320e+01  -1.15300633e+01  -8.61021457e+00
  -4.92430002e+00  -5.83135073e+00  -9.93547909e+00  -1.01855922e+01
  -1.11513417e+01  -8.55957818e+00  -4.28914061e-01  -1.60174857e+00
  -6.30954719e+00  -1.06036798e+01  -1.00915114e+01  -8.37188319e+00
  -2.79013143e+00  -1.55234026e+00  -3.18864943e+00  -6.12175142e+00
  -8.09101148e+00  -6.99012713e+00  -5.62519725e+00  -4.02492994e+00
  -1.24043021e+01  -1.45885427e+01  -9.55628551e+00  -7.88936919e+00
  -7.00841768e+00  -4.50299687e+00  -1.00684673e+01  -1.51097866e+01
  -1.93839769e+01  -2.87485832e+01  -2.64695947e+01  -2.54346405e+01
  -2.56896779e+01  -2.72614156e+01  -1.62612855e+01  -1.81356364e+01
  -1.27461639e+01  -1.35522248e+01  -1.82439731e+01  -1.94690313e+01
  -2.58954120e+01  -3.03147359e+01  -3.50579273e+01  -4.36861099e+01
  -3.41024843e+01  -3.09116593e+01  -3.03877577e+01  -2.06327799e+01
  -1.24271426e+01  -7.34832631e+00  -5.96749516e+00  -6.24700231e+00
  -1.17439938e+00  -1.66730160e+00  -5.11607319e+00  -6.91385662e+00
  -7.71128943e+00  -2.76299946e+00  -7.61571115e+00  -1.26645140e+01
  -8.41708443e+00  -6.07577631e+00   2.24611611e+00   5.21351252e+00
   3.22706220e+00  -3.52292600e-01  -4.12034472e+00  -5.29731507e+00
  -1.99543362e+00   8.23737402e+00   1.48206887e+01   1.19095641e+01
   3.00269810e+00  -5.25684620e+00  -1.07417347e+01  -1.94902963e+01
  -1.52981397e+01  -1.13136202e+01  -6.14758719e+00  -5.18036085e+00
  -3.41250963e+00  -2.22918991e+00  -6.30745964e+00  -1.33525139e+01
  -2.07282868e+01  -2.85143491e+01  -2.78230373e+01  -2.54062368e+01
  -2.69499067e+01  -2.42174486e+01  -1.97591268e+01  -1.69383653e+01
  -1.61916136e+01  -2.14101358e+01  -1.03365426e+01  -1.09977478e+01
  -1.95241450e+01  -2.14814367e+01  -1.00869532e+01  -6.83013364e+00
  -7.23479842e+00   1.00047547e+00   4.49687933e-01  -1.58230530e+00
  -3.66861643e-01  -3.69862089e+00  -2.72283878e+00   3.90395874e+00
   3.45029311e+00],[  4.17443857e-14   4.17443857e-14   4.17443857e-14  -1.43477315e+00
  -4.41993300e+00  -1.16808097e+00  -5.29884858e+00  -1.94563509e+00
  -1.33589768e+00   3.16067064e+00  -5.53428026e-01   1.23050062e+00
   5.04996627e+00   5.97186897e+00   1.90555197e+00   8.77628674e-01
   1.51320587e+00  -8.51657854e-01  -3.30098869e+00   1.48689131e+00
   7.96978900e+00   4.06551318e+00  -2.67112091e+00  -5.81011154e+00
  -9.99016372e+00  -7.79092287e+00  -6.35224039e+00   6.70331546e-01
   3.54667675e-01  -5.93753191e+00  -6.29971409e+00  -1.71030394e+00
  -2.24056890e+00  -5.78155925e+00  -1.07327039e+01  -9.84638654e+00
  -8.84148171e+00  -9.81140961e+00  -3.27574292e+00  -6.50925787e+00
  -3.50365433e+00  -5.75752068e-01  -5.18756593e+00  -9.98644795e+00
  -1.21679140e+01  -9.61958862e+00  -4.67395201e+00  -1.57671334e+00
   4.74924449e+00   1.44061515e+00   2.89012513e+00   2.20895611e+00
   4.58400259e+00  -4.46816126e+00  -9.28212128e+00  -7.13091462e+00
  -7.16542417e+00  -1.76736184e+01  -2.11141667e+01  -1.85548206e+01
  -1.89611816e+01  -1.47226256e+01  -1.37959252e+01  -1.70813971e+01
  -1.46850957e+01  -1.38368642e+01  -1.87285339e+01  -2.02781245e+01
  -1.43913820e+01  -1.26303781e+01  -5.55806925e+00  -9.51086982e+00
  -5.68339614e+00  -4.10398805e+00  -7.16723479e+00  -1.43047921e+01
  -1.36201793e+01  -1.22534181e+01  -1.48420103e+01  -1.45659931e+01
  -1.19812459e+01  -1.18575021e+01  -1.16521876e+01  -1.18453600e+01
  -2.10166706e+01  -2.13088507e+01  -1.90440502e+01  -2.06264929e+01
  -2.33662145e+01  -1.99582652e+01  -1.27847247e+01  -9.03335294e+00
  -7.50814767e+00  -6.70710221e+00  -8.93513320e+00  -8.14115544e+00
  -4.56456080e+00  -4.62660782e+00  -2.70966388e+00  -2.95662284e+00
  -1.08183481e+00  -1.53874272e+00   4.37965816e+00   6.39620886e+00
  -9.25176167e-01  -8.89330512e+00  -1.26587749e+01  -1.19857360e+01
  -1.08813502e+01  -1.69558870e+01  -1.69342272e+01  -1.44253714e+01
  -1.59954804e+01  -1.25604555e+01  -1.20531355e+01  -1.23344210e+01
  -2.88883624e+00  -4.60163836e+00  -1.03343812e+01  -1.71130933e+01
  -1.71980481e+01  -1.52933955e+01  -1.10742691e+01  -1.39910760e+01
  -9.09823752e+00  -9.92478882e+00  -1.09430695e+01  -6.26613363e+00
  -9.08255513e+00  -7.02607259e+00  -7.32789343e+00  -1.17663708e+01
  -1.45894950e+01  -8.63915562e+00  -6.50702453e+00  -9.83602222e+00
  -1.75083482e+01  -9.87915683e+00  -6.11146308e+00  -1.09637173e+01
  -1.16361455e+01  -8.19366119e+00  -8.10428169e+00  -1.10264173e+01
  -1.34519596e+01  -1.75902878e+01  -1.86764354e+01  -2.23258019e+01
  -2.35994589e+01  -2.21490185e+01  -1.75914931e+01  -1.44368640e+01
  -1.29440185e+01  -1.59710058e+01  -1.57303815e+01  -1.21753055e+01
  -1.03959151e+01  -8.26339841e+00  -6.80975182e+00  -8.37659768e+00
  -5.97787013e+00  -1.51944460e+01  -1.42053351e+01  -1.32090403e+01
  -1.12270360e+01  -6.57995469e+00  -8.00553827e-02   9.26035595e+00
   1.37148611e+01   6.04060380e+00  -1.38890379e+00  -8.19018804e+00
  -2.03737216e+01  -2.18545329e+01  -1.29171762e+01  -1.49670481e+01
  -1.99607556e+01  -1.62456986e+01  -2.24987214e+01  -3.03433430e+01
  -2.83813688e+01  -2.79868758e+01  -2.30545465e+01  -2.14218634e+01
  -2.80911146e+01  -3.60985742e+01  -2.83082169e+01  -2.94507263e+01
  -2.57663439e+01  -2.83708559e+01  -3.03314208e+01  -3.65442772e+01
  -3.22240054e+01  -2.68887596e+01  -2.73126343e+01  -3.61161261e+01
  -3.14656077e+01  -2.96932536e+01  -2.84145321e+01  -2.72415507e+01
  -2.52370532e+01  -1.81502861e+01  -1.43261880e+01  -1.83633297e+01
  -1.79155199e+01  -1.81087995e+01  -1.46318336e+01  -5.64528576e+00
  -1.26379088e+00   1.20642445e+00   1.15779194e+00  -3.15086032e+00
  -9.93574756e+00  -7.94584272e+00  -2.19230916e-01   5.83699745e+00
   9.12493920e+00   4.37860804e+00  -1.79460870e+00  -1.03417142e+00
  -2.61523117e-01   2.14581537e+00  -9.95856900e-02  -3.71852635e+00
  -3.26811669e+00  -9.83964914e+00  -1.59502178e+01  -2.01919852e+01
  -1.53262429e+01  -9.56688826e+00  -1.17709377e+01  -1.13509975e+01
  -1.05174636e+01  -1.81491079e+01  -2.72073930e+01  -3.01312917e+01
  -3.20269315e+01  -2.68865368e+01  -1.82612506e+01  -9.31255329e+00
  -6.79525299e+00  -6.88703191e+00  -1.50948545e+00   3.24946902e+00
  -6.70900900e-01  -3.11568978e+00   7.51250085e-01   2.39962413e+00
  -4.53542302e+00  -7.97309149e+00  -5.16928113e+00   2.57303220e-01
  -9.73853329e-02  -6.05504071e+00  -1.09133729e+01  -1.29609905e+01
  -1.40831588e+01  -1.93583455e+01  -1.87705768e+01  -1.55443215e+01
  -1.02251515e+01],[  1.52766688e-13   1.52766688e-13   1.52766688e-13  -2.15632610e+00
  -6.87100476e+00  -4.86294897e+00  -1.00487104e+01  -1.35551723e+00
   3.34164984e-01  -2.59904201e+00  -7.38768182e+00   2.10786937e-01
   6.95234956e+00   8.36758024e+00   7.07103348e+00   7.68842540e+00
   4.53275936e+00   1.43716032e-01   1.38425278e+00   3.24198002e+00
   5.21378161e+00  -9.18161960e-01  -6.35926021e+00  -3.40625047e+00
  -3.68036569e+00   9.24099650e-01   1.10835255e+00   7.15162553e+00
   6.12575856e+00   3.72725723e+00   2.73738266e+00   2.15524690e+00
   8.67544225e+00   6.82171840e+00   6.72227358e+00   4.23849810e+00
   1.26806940e+00   4.27707219e+00   5.44689742e+00  -2.53328623e+00
   7.55890538e-01   1.62781682e+00   6.95903075e-01   4.02304464e-01
  -1.08599347e+00  -4.89609281e+00  -6.91252597e+00  -1.52193341e+00
   6.30443591e-01  -5.17919482e-02   1.90638872e+00   1.41475565e+00
   1.58586945e-01  -7.46842229e+00  -1.42465468e+01  -1.41163040e+01
  -1.31854460e+01  -1.42793506e+01  -2.03835962e+01  -2.03790904e+01
  -1.88998298e+01  -1.98242543e+01  -1.64128440e+01  -1.58627314e+01
  -1.28383317e+01  -1.64224197e+01  -1.66797885e+01  -1.02850808e+01
  -6.03448631e+00  -9.16715894e+00  -6.40793136e+00  -9.45194088e+00
  -7.56443627e+00  -6.13477212e+00  -4.10292351e+00  -6.39575613e+00
  -4.02338867e+00  -5.97468812e+00  -3.93305054e+00   1.27789556e+00
   3.27251886e+00   4.65952368e-01   3.84310364e+00   1.67953765e+00
  -9.81578668e+00  -1.06080035e+01  -1.74828018e+01  -2.56882800e+01
  -2.54965013e+01  -2.62188312e+01  -2.10081395e+01  -1.98957547e+01
  -2.22028900e+01  -2.30717834e+01  -2.75546493e+01  -2.43513416e+01
  -2.41491744e+01  -2.02695902e+01  -1.85990910e+01  -1.95337739e+01
  -1.60043222e+01  -1.46369155e+01  -1.64218043e+01  -2.04237780e+01
  -2.54398013e+01  -2.53130945e+01  -2.09704278e+01  -1.57687475e+01
  -1.59837965e+01  -2.03702817e+01  -1.68711820e+01  -1.33599580e+01
  -1.42582906e+01  -1.07205422e+01  -4.42339132e+00  -7.95243130e+00
  -2.52766826e+00  -2.90107949e+00  -1.08154820e+01  -1.90899580e+01
  -2.31350178e+01  -1.91428823e+01  -1.80072333e+01  -2.48947116e+01
  -2.49376146e+01  -2.31816042e+01  -2.76139579e+01  -2.70118578e+01
  -2.56190985e+01  -2.17209260e+01  -1.95818714e+01  -1.80444301e+01
  -1.61079146e+01  -8.55163606e+00  -2.54741383e+00  -3.15450625e+00
  -1.29297041e+01  -6.28502577e+00   8.64693533e+00   7.31351563e+00
   4.36663796e+00  -3.67724706e+00  -7.33661101e+00  -8.43256730e+00
  -7.45659301e+00  -8.85290389e+00  -1.87814814e+01  -2.59407708e+01
  -2.34878030e+01  -1.66916816e+01  -1.07760942e+01  -1.10015160e+01
  -1.04458835e+01  -9.89104517e+00  -1.71845240e+01  -2.49476158e+01
  -2.89099985e+01  -2.55108386e+01  -2.31478297e+01  -2.85243451e+01
  -3.06730543e+01  -3.23541652e+01  -2.64212511e+01  -1.82172208e+01
  -1.49217111e+01  -1.38457462e+01  -1.56384013e+01  -1.40947618e+01
  -7.30051447e+00  -1.20825233e+01  -1.66293483e+01  -2.14263988e+01
  -2.50290604e+01  -2.07247968e+01  -6.56834726e+00   9.92225711e-01
   1.87589571e-02  -1.31297545e+00  -7.12531992e+00  -1.47649155e+01
  -1.00983597e+01  -5.81192237e+00  -2.98015828e-01   3.85843901e+00
  -7.99154176e-01  -5.39595806e+00  -4.87066816e+00  -1.13384626e+01
  -1.66444309e+01  -2.24650352e+01  -2.79562865e+01  -3.19596485e+01
  -3.11381393e+01  -2.45654170e+01  -2.10378748e+01  -2.61284942e+01
  -2.95946056e+01  -2.62746743e+01  -2.28878361e+01  -2.07925129e+01
  -1.51680826e+01  -8.32089925e+00  -3.44055509e+00  -7.87859899e+00
  -1.56012564e+01  -2.08649897e+01  -1.84907279e+01  -9.30081812e+00
  -6.18903743e+00  -2.53335311e+00   1.40088096e+00  -1.78723471e+00
  -4.49354085e+00  -5.17493514e+00  -1.80540987e+00  -5.22547932e+00
  -6.02186502e+00  -1.33094392e+00   3.38271823e+00   3.99153350e+00
  -8.69237212e-01  -1.59730605e+00  -8.31548838e+00  -1.01386569e+01
  -2.94280756e+00  -2.23290372e+00  -5.81653220e+00  -1.53036392e+01
  -8.74232455e+00  -9.65807086e+00  -5.67701627e+00  -4.91135149e-01
  -8.84612633e+00  -2.15623419e+01  -2.61531080e+01  -1.84822112e+01
  -1.23805821e+01  -1.66669205e+01  -1.72114800e+01  -1.44583528e+01
  -1.10057554e+01  -9.81589225e+00  -9.47998182e+00  -6.78254047e+00
  -1.29692198e+01  -1.28956599e+01  -1.02158210e+01  -8.88326535e+00
  -9.16823593e+00  -9.57594796e+00  -7.62016446e+00  -3.67109083e-01
   3.39132411e-01  -3.64697967e+00   2.98981599e+00  -2.69477016e-01
  -7.55570728e+00  -7.66645799e+00  -4.92568152e+00  -2.75574115e+00
  -5.01803473e-01],[ -7.01660952e-14  -7.01660952e-14  -7.01660952e-14  -3.33380623e+00
  -3.95128913e+00  -3.89497618e+00  -1.30754514e+01  -1.06030562e+01
  -6.85142918e+00  -6.66139768e+00  -5.98856702e+00   1.43697651e+00
   6.29143957e+00   8.20239091e+00   9.08574638e+00   7.37679299e+00
   6.12836000e+00   6.10038654e+00   6.03518110e+00   2.46505715e+00
  -3.35428680e+00  -5.71194608e+00  -5.01609432e+00  -3.72240324e+00
  -5.05866807e+00  -5.33503391e+00  -5.47251741e+00  -6.12971928e+00
  -3.53088490e+00  -4.96350099e-01  -4.85560249e+00  -9.83503115e+00
  -9.90068122e-01   4.81485173e+00   7.01240905e+00   1.31711050e+00
  -1.73041874e+00  -4.26649843e+00  -4.84730199e+00  -5.40975338e+00
  -3.84840840e+00  -4.69770614e+00  -5.64529594e+00  -5.41753805e+00
  -5.46534261e+00  -9.08162294e+00  -8.20088722e+00  -3.61851520e+00
  -4.55990621e+00  -1.36703593e+00   5.55873217e+00   1.19255444e+01
   8.05926152e+00   2.23452773e+00  -2.46416279e+00  -2.69648154e+00
   7.11063909e-01   8.87596125e+00   5.21283843e+00  -3.22132766e+00
  -5.54099467e+00  -1.11114336e+01  -1.19433767e+01  -1.08338198e+01
  -1.06985220e+01  -1.54394056e+01  -5.88738141e+00   4.40314630e-01
  -3.95820655e+00  -5.80720342e+00  -6.11873924e+00  -2.68694247e+00
   4.46008390e-01  -4.28132036e+00  -5.54983874e+00   2.20679381e+00
   3.61918717e+00  -1.93633263e+00   4.20530103e+00   4.56209569e+00
  -9.97033408e-01  -3.72125605e+00   3.03866936e+00   5.54147843e+00
  -3.44317755e+00  -6.25757621e+00  -4.12968893e+00  -9.06731540e+00
  -9.35668521e+00  -1.02689645e+01  -1.53548470e+01  -1.91349917e+01
  -1.94467240e+01  -1.72716001e+01  -1.86058358e+01  -1.47656748e+01
  -1.21689022e+01  -9.17389403e+00  -8.79069673e+00  -7.54880827e+00
  -7.73121201e+00  -6.42779388e+00  -9.36480532e+00  -9.77556858e+00
  -1.12231456e+01  -9.34720801e+00  -3.82664549e+00  -2.10079731e+00
  -3.17260927e+00  -5.44763930e-01   3.03567572e+00  -2.46924939e+00
  -7.80091043e+00  -6.00287076e+00  -6.05590674e+00  -7.28135571e+00
  -4.13377038e+00  -2.18189696e+00  -6.50125609e+00  -8.88000180e+00
  -8.03825264e+00  -3.28419229e-02   5.99369153e+00   4.50059663e+00
   2.89841420e+00   3.29466282e+00   2.83565358e+00   2.90988017e+00
   6.73952708e+00   6.45820463e+00   2.01764475e+00  -1.09671436e+00
   4.50851213e-01   6.51887292e+00   5.71733678e+00   5.58120271e-01
  -9.00518024e+00  -5.36631064e+00   4.50511512e+00   1.57739508e+00
  -1.52067523e+00  -6.22410739e+00  -1.22166192e+01  -1.44373639e+01
  -1.16018844e+01  -9.36003315e+00  -1.35494290e+01  -1.87826797e+01
  -2.01759248e+01  -2.03133952e+01  -1.94770678e+01  -2.27819188e+01
  -2.27568773e+01  -1.92958722e+01  -1.89447514e+01  -1.54635534e+01
  -1.96162157e+01  -2.23655624e+01  -2.16688939e+01  -1.80458195e+01
  -1.64777615e+01  -1.76387880e+01  -1.37900032e+01  -2.32263407e+00
   1.36536310e+00   4.26509213e+00   5.25942667e+00   3.31625317e+00
   2.37022630e+00  -4.73585311e+00  -1.12677445e+01  -1.22820291e+01
  -1.10732213e+01  -9.94547956e+00  -3.22979491e+00   1.77480470e+00
   2.41610883e+00   3.16858536e+00   4.12809232e+00   7.07375777e+00
   9.97225755e+00   1.60273208e+01   1.86600242e+01   2.85431138e+01
   2.85885992e+01   2.95541784e+01   3.48050589e+01   2.69852478e+01
   1.36589873e+01   1.47630098e+00  -6.66451795e+00  -1.11428699e+01
  -2.00936370e+01  -2.03314522e+01  -1.96893973e+01  -1.92262047e+01
  -2.04952162e+01  -1.76319130e+01  -1.22463950e+01  -1.06808130e+01
  -6.96342660e+00  -8.21002965e-01   5.32858192e+00  -5.00781982e-01
  -3.45531981e+00  -5.93029590e+00  -4.95280127e+00  -4.23311529e+00
  -7.87750675e+00  -5.16021228e+00  -3.33314031e+00  -5.12870945e+00
  -2.38753347e+00  -4.10552008e-01   8.50907821e+00   2.46586054e+00
  -8.92550569e-01   3.84436292e+00   1.37588237e+01   1.73525698e+01
   1.06436195e+01   1.61388461e+01   1.49472028e+01   1.15501830e+01
   1.37222238e+01   1.29098107e+01   7.71516905e+00  -5.18457003e+00
  -2.97072670e+00  -8.68047123e+00  -1.67470679e+00   3.20066437e+00
  -2.73163416e+00  -7.23959374e+00  -9.67776302e+00  -9.82538061e+00
  -1.48445653e+01  -1.30849188e+01  -1.22046554e+01  -1.32983334e+01
  -8.16667006e+00  -5.82518060e+00  -3.45066521e+00   1.31874038e+00
  -3.32769622e+00  -4.15405570e+00  -1.74816243e+00  -9.94850134e+00
  -1.36853030e+01  -1.51900047e+01  -9.59181475e+00  -5.84080117e+00
  -9.41688522e+00  -1.12282435e+01  -1.70580946e+00   3.93286348e+00
   1.58732778e+00   2.67062641e+00   2.74333847e+00   1.12348225e+00
   2.32759094e+00],[ -7.19424520e-14  -7.19424520e-14  -7.19424520e-14  -4.09260586e+00
   4.20694110e+00   5.77467495e+00  -7.68370326e+00  -1.25755100e+01
  -9.72612297e+00  -2.87864683e-01   4.39290365e+00   1.91317763e+00
   2.05267460e+00   3.20564509e+00   3.07223663e+00   2.21969854e+00
   4.53236753e-01  -2.00792860e+00   8.42520970e-02   1.97759415e+00
   1.61236810e+00   3.05788446e+00   4.82839883e+00   3.24387285e+00
   1.39077097e-02  -2.46513185e+00  -2.65227952e+00  -4.28443496e+00
   4.06993808e-02   1.81865755e+00   2.15668159e+00  -1.93819925e+00
  -7.01156480e-01   7.45430906e+00   1.08414723e+01   4.22314927e+00
   2.17748445e+00  -4.15475018e+00  -6.22008846e+00  -3.62366383e+00
  -5.01752960e+00  -7.85192108e+00  -6.32824539e+00  -5.44134193e+00
  -5.59127101e+00  -6.79631785e+00  -4.75108510e+00   2.57071257e-01
  -9.45469095e+00  -8.82291870e+00  -4.23966896e+00  -1.42350014e+00
  -4.77905945e+00  -4.75790322e+00  -1.35588193e+01  -1.62643268e+01
  -1.19538870e+01  -5.47343864e+00  -5.56935619e+00  -1.37941429e+01
  -1.18737346e+01  -5.71776916e+00  -4.53411097e+00  -3.95898257e+00
  -6.28283841e-01  -2.17335088e+00   2.48695215e+00   1.00957874e-01
   1.00198207e+00   7.95598255e+00   9.16013448e+00   7.30920348e+00
  -3.67670036e+00  -9.06822504e+00  -1.43905442e+01  -1.26262089e+01
  -5.19377583e+00  -3.48903383e+00   2.65014739e+00   3.22713532e+00
  -4.45354505e+00  -6.88450797e+00  -4.27089178e+00   9.19367960e-01
  -2.50226423e+00  -2.93092564e+00  -2.85917467e+00  -3.70389675e+00
  -6.97114742e+00  -1.03096395e+01  -1.23918012e+01  -1.44469529e+01
  -1.54448753e+01  -1.44376283e+01  -1.50759968e+01  -1.54596098e+01
  -1.10494429e+01  -7.90549864e+00  -4.66152597e+00  -2.91895128e+00
  -3.56188151e+00  -4.21818315e+00  -1.69037705e+00   2.16712065e+00
   2.15201274e+00   2.62584907e+00   6.86281625e+00   1.90197494e+00
  -3.55769350e+00  -5.13819570e+00  -4.52276618e+00  -6.32723471e+00
  -1.18948559e+01  -1.30908488e+01  -1.46137760e+01  -1.18984179e+01
  -8.21792000e+00  -8.19343004e+00  -6.55026360e+00  -9.76588086e+00
  -4.64510320e+00   5.09808281e+00   9.25059331e+00   5.05510210e+00
   5.88065151e+00   6.47486912e+00   3.17576333e+00  -4.96321898e+00
  -3.65171510e+00  -3.71369066e+00  -1.87071053e+00  -2.37135804e+00
   6.37427767e-01   1.10281608e+01   9.50981213e+00   6.93289372e+00
   2.36624908e+00   6.76838268e+00   1.53412783e+01   1.35566443e+01
   8.46305572e+00   4.97786861e+00  -2.68210969e+00  -1.50113316e+01
  -1.68991563e+01  -1.76990556e+01  -2.03150563e+01  -1.92061172e+01
  -1.97168233e+01  -1.81079700e+01  -8.72202065e+00  -1.09927670e+01
  -1.35721027e+01  -1.23588979e+01  -7.31835401e+00  -7.39515512e+00
  -1.04909836e+01  -1.31981493e+01  -1.38367993e+01  -1.18217840e+01
  -1.43671397e+01  -1.78725162e+01  -1.81231084e+01  -1.14172030e+01
  -1.36732628e+01  -8.16948634e+00  -3.54435867e+00  -2.55035287e+00
  -3.19685741e+00  -1.09958649e+01  -1.32291953e+01  -1.18992305e+01
  -7.75686660e+00  -4.00876713e+00   3.02944734e+00   7.65303390e+00
   1.09472607e+01   1.48453024e+01   1.55498173e+01   2.47541678e+01
   3.07244582e+01   3.82111071e+01   3.94700798e+01   4.83505080e+01
   5.40832483e+01   5.87083358e+01   6.67100224e+01   6.28707269e+01
   4.60148886e+01   3.90957355e+01   3.04922807e+01   1.69775686e+01
   4.39592899e+00   1.65674142e+00   3.76971248e+00   8.44820231e+00
   1.05952591e+01   1.02501659e+01   1.06853975e+01   1.55493719e+01
   1.52618755e+01   1.36415276e+01   1.50346013e+01   8.52979252e+00
   2.24092056e+00  -9.68871088e+00  -6.81687805e+00  -4.85976025e+00
  -1.22458176e+01  -1.27379793e+01  -4.24187007e+00  -2.94905546e+00
  -8.94919906e+00  -1.49812091e+01  -1.55930052e+01  -1.80518976e+01
  -1.42272673e+01  -1.05594157e+01  -1.94368321e+00   4.34916599e-01
  -8.84414891e+00  -1.00521963e+01  -5.38154043e+00  -3.67012158e+00
  -3.38639797e+00  -4.65441773e+00  -7.91295007e+00  -1.00778205e+01
  -1.24721929e+01  -1.96645688e+01  -1.70837647e+01  -1.55228382e+01
  -1.37336133e+01  -1.75936096e+01  -2.18571074e+01  -2.14569143e+01
  -2.07848755e+01  -1.17563900e+01  -6.98582277e+00  -2.69838703e+00
   4.25191556e+00  -1.97510172e+00  -6.34749442e+00  -6.38188347e+00
  -7.59263670e+00  -4.01575133e+00  -1.65850191e+00  -6.54242201e+00
  -5.97687495e+00  -6.16125148e+00  -1.08589712e+00  -2.07245290e-01
  -1.66894555e+00  -7.86298407e+00  -1.37679199e+01  -1.73526674e+01
  -1.73249341e+01  -1.30444015e+01  -1.51527965e+01  -1.16915695e+01
  -6.76166442e+00],[  1.15463195e-14   1.15463195e-14   1.15463195e-14  -3.60810557e+00
   2.10080255e+00   1.05013228e+00  -9.28753492e+00  -5.47759269e+00
  -1.10126547e+00   2.81987037e+00   6.12661612e+00   2.36009999e+00
   3.75055620e+00   2.72751778e+00  -1.60319528e+00   1.92542536e+00
  -3.54779128e-02  -6.15168946e+00   3.60714435e-01   3.84898571e+00
   6.66449839e+00   9.83845864e+00   7.58567870e+00   6.69502971e+00
   7.06463425e+00   4.29512775e+00   2.21407193e-02   1.54081821e-01
  -2.45181324e+00  -3.33619541e+00   3.85537830e-01  -1.98967764e+00
  -5.35107504e+00  -8.18552308e-01  -2.42194213e-01  -9.11034162e+00
  -1.39222605e+01  -1.29978848e+01  -1.37127301e+01  -6.74047199e+00
  -8.03024092e+00  -1.13957336e+01  -1.13967956e+01  -1.67496081e+01
  -1.91844871e+01  -1.38283925e+01  -7.50865004e+00  -2.99536186e+00
  -5.93639769e+00  -2.87560632e+00  -1.34230244e-01  -6.41373133e-01
   1.21516314e+00   6.78473405e+00  -6.23592654e+00  -1.31262947e+01
  -1.99477703e+01  -1.80815784e+01  -2.08899078e+01  -2.20413687e+01
  -2.03281562e+01  -2.30801104e+01  -2.52816724e+01  -2.03602112e+01
  -2.01108057e+01  -1.87943027e+01  -1.82300630e+01  -2.29064912e+01
  -2.10628104e+01  -2.14614040e+01  -2.04566477e+01  -1.96152824e+01
  -1.20850052e+01  -1.41529861e+01  -2.05577822e+01  -1.44463191e+01
  -7.51824009e+00  -6.47724686e-01   3.94313120e+00   5.16512732e+00
  -1.72122681e+00  -9.25166657e+00  -1.25211163e+01  -8.70146148e+00
  -1.74485417e+01  -2.14820575e+01  -2.15592104e+01  -1.52919120e+01
  -1.35138831e+01  -1.54828445e+01  -1.39343658e+01  -1.17354981e+01
  -1.11727695e+01  -1.20935856e+01  -1.33267098e+01  -1.81827072e+01
  -1.94821111e+01  -2.27021991e+01  -1.98073540e+01  -2.06114857e+01
  -2.44129629e+01  -2.61359542e+01  -2.62285095e+01  -2.60487900e+01
  -2.55849057e+01  -2.53707335e+01  -2.13668922e+01  -1.68737899e+01
  -1.24912239e+01  -1.38367121e+01  -1.70510909e+01  -1.81722681e+01
  -2.28256867e+01  -2.26046751e+01  -1.75967900e+01  -1.33028061e+01
  -1.32918099e+01  -1.64842235e+01  -1.36764250e+01  -1.32743306e+01
  -9.74395936e+00  -7.19231651e+00  -9.44937216e+00  -1.66817046e+01
  -1.02233636e+01  -3.99257897e+00  -1.89758333e+00  -1.04958825e+01
  -1.18776244e+01  -1.36247223e+01  -1.35883222e+01  -1.26283997e+01
  -9.41307483e+00  -1.99875164e+00  -1.06155250e+00   7.19717395e-01
  -1.89238830e+00  -1.46463595e+00   2.36946445e+00   2.09978778e+00
  -3.04462202e+00  -1.26774316e+01  -1.56758206e+01  -1.82390263e+01
  -2.04759986e+01  -1.81764688e+01  -2.17402393e+01  -2.51211529e+01
  -2.39435911e+01  -2.01138502e+01  -1.17960681e+01  -1.26453128e+01
  -1.33429802e+01  -1.04878456e+01  -1.04103942e+01  -1.46293690e+01
  -1.63079702e+01  -1.34012891e+01  -8.03081748e+00  -9.91697864e+00
  -1.04133764e+01  -1.18464526e+01  -1.36986449e+01  -1.42760442e+01
  -2.05555206e+01  -2.06305339e+01  -2.20118940e+01  -2.63443550e+01
  -2.55800109e+01  -2.52636326e+01  -2.00878187e+01  -9.68693054e+00
  -6.39875892e+00  -3.42409035e+00   2.64893629e+00   7.60050227e+00
   1.67045747e+01   2.07052205e+01   1.69241319e+01   2.56028443e+01
   3.77386559e+01   4.36716232e+01   3.70513957e+01   3.68742057e+01
   4.04614384e+01   4.48861148e+01   4.36626019e+01   4.10953142e+01
   2.93202248e+01   2.97440353e+01   2.46763585e+01   1.16630050e+01
  -5.55941877e+00  -8.74084038e+00  -6.11291546e+00  -1.81323917e+00
   5.71651658e+00   1.40183220e+01   2.05741713e+01   2.37614319e+01
   2.11868594e+01   1.63954529e+01   1.28739713e+01   2.03822408e+00
  -6.92979436e+00  -1.59612623e+01  -1.67508534e+01  -1.71062264e+01
  -2.65581050e+01  -3.08758531e+01  -2.40992878e+01  -2.03588899e+01
  -2.37930408e+01  -3.12782246e+01  -3.62108561e+01  -2.95872728e+01
  -2.10565556e+01  -1.61414013e+01  -1.06979830e+01  -1.03754188e+01
  -1.29241046e+01  -1.61391881e+01  -1.30509261e+01  -1.01376606e+01
  -1.68015428e+01  -2.44120845e+01  -2.72871851e+01  -2.47483999e+01
  -2.32347128e+01  -2.66195718e+01  -2.50348634e+01  -2.26563988e+01
  -2.10221108e+01  -2.02758125e+01  -2.68056169e+01  -2.88419883e+01
  -2.42311280e+01  -2.18332182e+01  -2.15823722e+01  -1.82529567e+01
  -1.33710534e+01  -1.82717683e+01  -2.04672966e+01  -1.44480920e+01
  -1.01382524e+01  -7.53278789e+00  -8.94331592e+00  -1.18437776e+01
  -1.01685887e+01  -8.04548965e+00  -1.39561800e+00  -3.59140796e+00
  -7.49437089e+00  -5.53031033e+00  -2.54689064e+00  -1.00166961e+01
  -1.74713782e+01  -1.67447081e+01  -1.94384550e+01  -1.21792444e+01
  -1.06906378e+01],[  3.64153152e-14   3.64153152e-14   3.64153152e-14  -2.09665798e+00
   7.16321748e-01  -1.14785874e+00  -9.10953766e+00  -5.73996274e+00
  -6.14933603e-01   6.88498415e-01   5.48958716e+00   7.14236656e+00
   8.24137243e+00   7.44778725e+00   7.60944360e-01   2.26819809e+00
   1.40604048e+00   2.89161984e-01   2.14163346e+00   1.34202448e+00
  -4.89485248e-01   4.00711658e+00   4.35824668e-02   3.10813340e-01
   1.69702681e+00  -5.25611336e+00  -9.88937881e+00  -7.71902917e+00
  -8.56011351e+00  -5.77083088e+00  -1.15752219e+00   1.29310884e+00
   1.64186377e-01   1.72428655e+00  -1.76799899e+00  -4.37888177e+00
  -7.92345595e+00  -6.34602773e+00  -8.03690655e+00  -3.51572887e+00
  -4.34710771e+00  -4.99158436e+00  -2.17086711e+00  -7.99195643e+00
  -1.30068002e+01  -7.68792143e+00  -7.14673718e-01   6.24546768e-01
   5.52017943e+00   4.02069075e+00   6.66566232e-01   1.24867799e-01
   4.90247859e+00   1.56066201e+01   1.11545432e+01   1.03173983e+01
  -7.57581266e-01  -1.06850058e+01  -1.28751074e+01  -1.56523146e+01
  -2.03666737e+01  -2.03411334e+01  -2.11516196e+01  -1.63692929e+01
  -1.79301936e+01  -1.83422035e+01  -2.13439830e+01  -2.58663278e+01
  -2.59242045e+01  -2.44583171e+01  -1.88597162e+01  -1.20073405e+01
  -1.22942169e+01  -1.58765057e+01  -1.78316689e+01  -1.71336999e+01
  -2.01238116e+01  -1.32310484e+01  -8.94747634e+00  -9.41926042e+00
  -1.61283395e+01  -2.22413222e+01  -2.12374907e+01  -1.49858895e+01
  -1.81621602e+01  -2.03439717e+01  -1.56730366e+01  -1.29398437e+01
  -1.51692886e+01  -1.88529565e+01  -2.04999036e+01  -2.27662878e+01
  -2.26133899e+01  -2.09873941e+01  -1.72166530e+01  -1.94019004e+01
  -1.81280584e+01  -1.83495460e+01  -1.30064210e+01  -1.31085864e+01
  -1.40807186e+01  -1.47562314e+01  -1.13116385e+01  -1.25074285e+01
  -1.37029543e+01  -1.25700043e+01  -1.39069718e+01  -5.58184502e+00
   4.30277125e+00   1.66582549e+00  -5.04251694e+00  -1.08818794e+01
  -1.47786044e+01  -1.50613437e+01  -1.01115954e+01  -6.30244310e+00
  -7.83411600e+00  -1.04094172e+01  -1.50189205e+01  -2.05613912e+01
  -2.00834897e+01  -1.85898586e+01  -1.99158492e+01  -2.19771547e+01
  -1.23248063e+01  -7.30756973e+00   5.86510985e-02  -1.23451848e+00
  -3.11084531e+00  -4.94677247e+00  -6.24673220e+00  -9.99230657e+00
  -7.71266193e+00  -4.04019232e+00  -5.33476608e+00  -1.90384760e+00
   5.35247800e-01  -4.70714201e-01  -1.04580854e+00  -7.58791688e-03
  -2.42940370e+00  -7.71702477e+00  -1.12796682e+01  -9.79542085e+00
  -1.31891634e+01  -1.12019846e+01  -1.63165290e+01  -1.52962784e+01
  -1.46262495e+01  -1.77796568e+01  -2.04147507e+01  -2.11450024e+01
  -2.02261540e+01  -1.72648369e+01  -1.31205019e+01  -9.91173560e+00
  -1.46689906e+01  -1.72610810e+01  -1.53438257e+01  -1.26998252e+01
  -4.76759929e+00  -6.14482763e+00  -6.19798511e+00  -6.95715080e+00
  -1.42277549e+01  -1.75964253e+01  -1.53634590e+01  -1.29415705e+01
  -1.11764381e+01  -1.45751606e+01  -1.29513429e+01  -3.65494561e+00
   8.91781157e-03   4.90688648e+00   8.60617918e+00   9.16643403e+00
   6.88253846e+00   5.09476528e+00   1.07828422e+01   1.86448679e+01
   2.70044494e+01   3.32586507e+01   2.59728257e+01   1.97472534e+01
   1.73371641e+01   1.99979663e+01   1.91778837e+01   3.05416446e+01
   3.43969885e+01   3.39334272e+01   3.08826268e+01   2.83062839e+01
   1.17347074e+01   2.28786081e+00   3.84060781e+00   6.90621321e+00
   1.13101851e+01   1.25003199e+01   1.62744644e+01   1.70763151e+01
   1.68801874e+01   1.56543339e+01   1.24393399e+01   1.16341069e+01
   8.56833046e+00  -1.68091494e+00  -8.63511655e+00  -1.10915628e+01
  -1.58850782e+01  -2.06503712e+01  -2.25822151e+01  -2.07051555e+01
  -1.89540922e+01  -1.91232380e+01  -2.22017573e+01  -1.66056349e+01
  -1.21459369e+01  -1.03348765e+01  -1.32299174e+01  -1.07652150e+01
  -7.37216405e+00  -7.43804682e+00  -7.98708574e+00  -7.98062453e+00
  -1.82619064e+01  -3.21137758e+01  -3.58892574e+01  -3.09230104e+01
  -2.70915603e+01  -2.71856475e+01  -3.11393187e+01  -3.44847676e+01
  -2.75960270e+01  -2.20366200e+01  -2.44313099e+01  -2.47398406e+01
  -2.42749113e+01  -2.29700911e+01  -2.61671807e+01  -2.54280385e+01
  -2.19429901e+01  -2.46036311e+01  -2.13090975e+01  -1.41108984e+01
  -6.39266449e+00  -8.65876826e+00  -1.07121763e+01  -5.14534111e+00
  -2.36390654e+00  -6.68114030e+00  -3.20187751e+00  -2.78840040e+00
  -5.43252798e+00  -4.22730453e+00   1.97235434e+00  -2.42022139e+00
  -1.02397785e+01  -1.57272631e+01  -2.10840785e+01  -1.70360937e+01
  -1.49870527e+01]