[-712.15568541 -712.15568541 -711.74109748 -650.98347452 -577.03671404
 -538.58532399 -504.37133833 -469.30475741 -454.31378404 -449.24418415
 -448.62067479 -446.48911745 -455.34297908 -476.88799235 -489.34227251
 -492.19035828 -483.47999308 -476.48006909 -462.10887825 -447.45489476
 -447.25512037 -467.78900163 -480.60901551 -466.45176261 -436.91190173
 -424.90073249 -430.48525791 -433.69468908 -433.15893069 -424.95029907
 -426.33962065 -422.44046053 -413.29338412 -416.98919592 -420.16810641
 -429.63296936 -468.72974912 -502.84381954 -525.16794979 -530.61899433
 -489.30844567 -459.17255548 -441.80869576 -427.33170761 -422.37302298
 -427.30674078 -425.67451396 -412.77138551 -408.5521924  -425.77483289
 -440.52507049 -438.7628902  -432.48199389 -426.73570467 -428.14698426
 -432.27068748 -432.029421   -429.68110198 -427.00341074 -456.35512844
 -480.59722827 -461.03791912 -434.16537124 -430.06877256 -435.14109872
 -439.35484047 -430.27582754 -436.81667602 -472.65070516 -500.49519389
 -501.06869366 -485.78840417 -435.41717927 -412.14191933 -422.21735254
 -427.93490189 -417.17671014 -415.37858175 -413.05318951 -409.1868664
 -421.10914802 -439.42518061 -448.26786836 -456.17655219 -454.10760797
 -439.48581429 -425.21279356 -414.89891689 -408.72061841 -410.99090717
 -422.67899229 -422.28524893 -432.84659669 -458.88646402 -496.60280803
 -521.00318522 -522.70126837 -490.03967754 -459.52901534 -426.81641872
 -408.50261607 -411.07080139 -428.15004196 -423.77507722 -429.53571598
 -424.03897115 -413.25669071 -420.56815219 -431.09847187 -428.34206058
 -432.40212224 -439.01802636 -438.18983583 -446.5594107  -458.73789829
 -453.42271035 -449.31485879 -441.01234365 -437.18909733 -429.93717916
 -413.14144622 -397.1603495  -388.39427404 -391.05159426 -388.27997598
 -382.13758688 -384.43689412 -396.64945015 -406.69013416 -420.7594088
 -429.32358975 -444.00994294 -477.04048058 -514.84270319 -536.01014715
 -551.03158159 -558.41662293 -553.92695624 -546.94440151 -526.28653043
 -492.5169211  -484.83015431 -494.72668789 -516.44026572 -537.88840371
 -540.71772235 -522.30086041 -500.45880819 -487.06543589 -480.2071619
 -481.36849668 -477.76481962 -494.39929303 -522.37687964 -540.95524352
 -537.67121185 -522.14042311 -516.05572328 -506.36910979 -500.21127264
 -505.39871298 -512.21948586 -515.18665774 -511.43643178 -485.40656377
 -452.21227603 -429.94144409 -430.08067898 -437.64272536 -441.60087984
 -446.00759388 -451.64317066 -461.46366683 -469.61237677 -480.72686938
 -488.4176515  -496.62556285 -505.70181927 -506.57233301 -492.84689217
 -460.30677819 -444.03003813 -441.79660661 -442.84637426 -438.00634476
 -438.52855036 -438.54618668 -437.02669819 -436.81933682 -435.4589568
 -435.68424925 -440.23763054 -437.07493381 -433.27827466 -427.91900424
 -425.34970597 -423.35733271 -434.27866422 -445.52485536 -452.34761437
 -456.17775915 -459.22867454 -464.53246627 -486.00085974 -518.07888997
 -549.3132065  -558.91567318 -543.45064722 -540.17540747 -534.04716346
 -532.89705539 -551.63420996 -577.70892554 -597.52133942 -613.34620441
 -624.32051932 -607.39593047 -584.15906357 -584.77645771 -563.88192445
 -507.5003528  -437.166858   -404.84033196 -416.03513879 -425.47548025
 -420.2003503  -405.83647528 -403.15991212 -399.52022431 -397.50193783
 -404.75710981 -414.59477713 -428.60227479 -453.66900784 -454.78230323
 -457.12022934 -463.31650291 -467.36486548 -459.87345068 -455.70610381
 -446.2242056  -432.02706259 -422.8701883  -419.98275813 -422.29204318
 -436.4410942  -466.98645503 -490.84657361 -496.26791587 -499.89263973
 -491.75071676 -435.56801078 -390.87870559 -384.65852659 -386.43013973
 -383.16842244 -385.31745882 -384.98228017 -394.37116923 -385.70046076
 -389.34614918],[ -2.75335310e-14  -2.75335310e-14   2.61508055e-01   6.37026747e+01
   8.81031986e+01   8.74653215e+01   9.76603772e+01   1.10664622e+02
   1.09474053e+02   1.17240585e+02   1.26445935e+02   1.39817985e+02
   1.45401190e+02   1.39074997e+02   1.41775188e+02   1.38520541e+02
   1.42523677e+02   1.39519213e+02   1.38923076e+02   1.48641047e+02
   1.59270978e+02   1.48439051e+02   1.23719581e+02   8.59374880e+01
   3.94995759e+01   1.73774107e+01   9.53110007e+00   1.59691555e+01
   4.42851695e+01   7.95969038e+01   9.75035599e+01   1.03922786e+02
   1.16749185e+02   1.20521558e+02   1.35695615e+02   1.50203527e+02
   1.43085248e+02   1.34032358e+02   1.19644579e+02   1.17331675e+02
   1.32066985e+02   1.38973956e+02   1.32311714e+02   1.16526018e+02
   1.03441358e+02   8.77573461e+01   8.18211699e+01   7.86782610e+01
   7.03432528e+01   5.56709519e+01   3.93423452e+01   2.04625125e+01
   2.15121401e+01   3.62102984e+01   5.87920658e+01   7.17700660e+01
   8.75718265e+01   1.00859727e+02   1.23843677e+02   1.32028097e+02
   1.22111640e+02   1.12103167e+02   1.17762141e+02   1.18831825e+02
   1.20462444e+02   1.22098116e+02   1.32676089e+02   1.35430424e+02
   1.34695015e+02   1.16130351e+02   8.47688050e+01   4.75472430e+01
   2.14954507e+01   1.26568175e+01   1.75130337e+01   4.80770707e+01
   8.62779795e+01   1.13815802e+02   1.37558013e+02   1.50824125e+02
   1.59587604e+02   1.53319048e+02   1.56236786e+02   1.58391409e+02
   1.67947424e+02   1.75602780e+02   1.79638273e+02   1.81610655e+02
   1.84684039e+02   1.82772518e+02   1.74548104e+02   1.75213049e+02
   1.63230719e+02   1.52590351e+02   1.43972771e+02   1.32555925e+02
   1.14185881e+02   1.02003640e+02   8.50569109e+01   6.40778538e+01
   5.69833301e+01   5.84801397e+01   6.88213336e+01   1.14824234e+02
   1.47221941e+02   1.69720939e+02   1.91057118e+02   1.95304502e+02
   1.92978396e+02   1.85580873e+02   1.63765608e+02   1.29449821e+02
   9.94430358e+01   8.13844530e+01   6.91904074e+01   7.31647551e+01
   7.43319653e+01   1.05656730e+02   1.52546337e+02   1.75034478e+02
   2.00576384e+02   2.11885321e+02   2.19935158e+02   2.20236196e+02
   2.25292755e+02   2.26096808e+02   2.16061617e+02   2.05248109e+02
   2.02946866e+02   1.98899241e+02   1.98775525e+02   2.02657467e+02
   1.97890518e+02   1.79768843e+02   1.65786406e+02   1.54425792e+02
   1.47926840e+02   1.46055957e+02   1.48205261e+02   1.60819756e+02
   1.75765733e+02   1.74846678e+02   1.70345120e+02   1.63496166e+02
   1.47043918e+02   1.41461010e+02   1.46934591e+02   1.48638022e+02
   1.46597230e+02   1.50744820e+02   1.59039744e+02   1.69995715e+02
   1.69108152e+02   1.60077281e+02   1.31291986e+02   9.94942209e+01
   6.13838468e+01   2.14524141e+01   7.16649277e+00   2.81985949e+00
   3.94341096e+00  -2.81463239e-01  -1.31907636e+00   5.80867943e+00
   6.24200872e+01   1.23626047e+02   1.55943801e+02   1.65846927e+02
   1.66571190e+02   1.68511990e+02   1.77072635e+02   1.87309735e+02
   1.92496137e+02   1.90776819e+02   1.90689395e+02   1.89236844e+02
   1.86281605e+02   1.81157384e+02   1.87643708e+02   1.94641032e+02
   2.09052987e+02   2.16175298e+02   2.18947540e+02   2.13303644e+02
   2.13425705e+02   2.14779619e+02   2.15195947e+02   2.15093149e+02
   2.13986623e+02   2.09540093e+02   2.10091647e+02   2.06354967e+02
   2.01096931e+02   1.95177943e+02   1.88494692e+02   1.80986125e+02
   1.84735267e+02   1.76907093e+02   1.72479157e+02   1.70601698e+02
   1.69365621e+02   1.69868592e+02   1.64056059e+02   1.49491235e+02
   1.46621062e+02   1.46181764e+02   1.49663397e+02   1.64325840e+02
   1.67501429e+02   1.72977921e+02   1.68363460e+02   1.53657518e+02
   1.31677111e+02   1.17445299e+02   1.08069061e+02   9.95802323e+01
   1.08441388e+02   1.22313826e+02   1.07638590e+02   1.04238359e+02
   1.15378745e+02   1.27240406e+02   1.50560154e+02   1.68099405e+02
   1.86349255e+02   1.93791387e+02   2.09568087e+02   2.15390197e+02
   2.13559280e+02   2.03110431e+02   1.93829564e+02   1.89391301e+02
   1.98302779e+02   2.00589204e+02   1.97163234e+02   1.98383470e+02
   2.01806081e+02   1.93773647e+02   1.99611884e+02   1.98695686e+02
   2.03096785e+02   2.04523455e+02   2.02531789e+02   2.03466464e+02
   2.01937307e+02   1.96538995e+02   1.86630215e+02   1.72131753e+02
   1.72617256e+02   1.62231305e+02   1.56419072e+02   1.73742568e+02
   1.81488148e+02   1.68163715e+02   1.54675879e+02   1.51218232e+02
   1.50567113e+02   1.53055249e+02   1.43806357e+02   1.60937911e+02
   1.67079530e+02],[  2.84217094e-14   2.84217094e-14   6.94540768e-02   3.33277653e+01
   2.22656370e+01   5.16054260e+00  -8.65832510e+00  -2.22851136e+01
  -3.90570371e+01  -4.04592553e+01  -3.53542375e+01  -2.68730681e+01
  -1.47915978e+01  -4.25504746e+00   7.80065598e+00   3.56103507e+00
  -4.87967178e+00  -1.91391190e+01  -3.35423132e+01  -3.51822436e+01
  -2.26670548e+01  -9.41261271e-03   1.55600201e+01  -1.69857996e+00
  -2.51140637e+01  -3.26337935e+01  -3.98853429e+01  -5.17787179e+01
  -4.93663435e+01  -4.05481884e+01  -3.72829502e+01  -5.00111538e+01
  -5.03151528e+01  -4.37172602e+01  -2.74316308e+01  -1.53297020e+01
  -9.41059009e+00  -2.70175588e+00  -2.30044558e+00   3.97330105e+00
  -7.92802086e+00  -1.65583912e+01  -2.86887919e+01  -4.86150952e+01
  -5.23334898e+01  -5.02830804e+01  -5.36044347e+01  -4.49312370e+01
  -1.99395491e+01   6.28092885e-01   1.28348499e+01   1.06733638e+01
   1.88710816e+00  -2.65666599e+01  -4.52906565e+01  -5.40643536e+01
  -5.94275887e+01  -6.19190903e+01  -5.18525257e+01  -2.91128555e+01
  -1.36295734e+01  -3.02444051e+01  -5.20577782e+01  -6.17463924e+01
  -6.15758011e+01  -6.25920703e+01  -6.38514611e+01  -5.74964172e+01
  -3.11678218e+01  -5.74332612e+00  -7.13960447e+00  -9.30636338e+00
  -2.18055707e+01  -2.65918537e+01  -3.60715609e+01  -4.63493716e+01
  -5.40906186e+01  -4.72549834e+01  -3.94517725e+01  -5.31351972e+01
  -5.64713399e+01  -5.72381536e+01  -5.82277573e+01  -6.21383050e+01
  -7.14453013e+01  -7.77149994e+01  -8.25860868e+01  -8.97542449e+01
  -8.85377857e+01  -8.19671168e+01  -6.59968045e+01  -5.53773770e+01
  -5.03940277e+01  -3.50531562e+01  -1.70425431e+01  -5.49241657e+00
  -9.58625054e-02   8.21281512e+00   1.22734496e+01  -2.01332502e+00
  -1.47448967e+01  -2.05307378e+01  -1.37857626e+01   5.68095744e+00
   9.10139072e+00  -3.44569021e+00  -2.66405275e+00  -1.93265144e+00
  -1.28305910e+00   7.91006189e-01   1.32040480e+01   1.84688774e+01
   6.06891031e+00   4.31712053e-01  -8.37253876e+00  -1.55870079e+01
  -2.34606283e+01  -1.20049447e+01  -1.53948371e+00  -1.75804991e+01
  -4.48474804e+01  -6.38051556e+01  -6.58191644e+01  -6.65837947e+01
  -6.62322638e+01  -7.15367528e+01  -7.60354731e+01  -7.36308727e+01
  -5.70247215e+01  -4.24821630e+01  -3.18096190e+01  -1.02252293e+01
   1.35076525e+01   2.64256391e+01   3.09918926e+01   3.78454833e+01
   4.04098618e+01   3.33395369e+01   2.78833585e+01   2.23854115e+01
   6.42831479e+00  -4.84933042e+00  -2.63706948e+00   1.48448002e+01
   1.75329143e+01   1.28957254e+01   5.53221303e+00  -4.90322524e+00
  -1.49339819e+01  -1.07162332e+01  -1.55411911e+00   3.77833870e+00
   1.38569265e+01   3.73128523e+01   5.63906504e+01   5.82391117e+01
   5.86323943e+01   5.38421142e+01   3.61597870e+01   2.68013836e+01
   2.21173100e+01   7.43922494e+00   5.46397128e+00  -4.12939968e+00
   1.52600901e+01   1.28164601e+01  -1.25552432e+01  -3.25771788e+01
  -4.19853678e+01  -4.07208333e+01  -2.99759658e+01  -1.82291028e+01
  -5.61571115e+00   4.52886177e-01   2.08798656e+01   3.08352339e+01
   3.22658527e+01   3.74009088e+01   4.86816581e+01   3.68630868e+01
   9.53385178e+00  -6.18002831e+00  -1.33778477e+01  -2.64703612e+01
  -3.49501326e+01  -3.77853869e+01  -3.83518970e+01  -3.95790076e+01
  -4.40178648e+01  -5.15557390e+01  -4.73034196e+01  -4.28211721e+01
  -4.79912995e+01  -5.87755145e+01  -6.50202404e+01  -6.70944355e+01
  -5.74572216e+01  -5.00148157e+01  -4.17603350e+01  -4.00791964e+01
  -3.70695499e+01  -3.33345984e+01  -2.86988115e+01  -1.92044500e+01
   7.73498452e+00   3.29939590e+01   4.56959692e+01   4.41971762e+01
   4.57247456e+01   4.52199920e+01   3.56340304e+01   4.01575117e+01
   4.53802537e+01   4.98576318e+01   5.59813879e+01   5.67718982e+01
   5.09771644e+01   5.38108406e+01   4.92791483e+01   2.60752094e+01
  -5.12962920e+00  -2.96655017e+01  -1.98765636e+01  -7.89991711e+00
  -6.24661829e+00  -2.48463009e+01  -4.31720432e+01  -4.86082255e+01
  -6.05903613e+01  -6.73282867e+01  -6.07450898e+01  -4.97114860e+01
  -2.53033175e+01  -3.73306874e+00  -1.44662432e+01  -2.09488262e+01
  -1.49120520e+01  -1.18311733e+01  -1.88005915e+00  -3.08500612e+00
  -1.81334730e+00  -1.46776992e+01  -2.75963166e+01  -2.79606461e+01
  -2.68606106e+01  -1.52696476e+01   6.00142444e+00   5.82619985e+00
   5.11840344e+00   3.75048111e+00   5.65182129e+00  -2.04601054e+01
  -4.37861982e+01  -5.23224681e+01  -5.73575322e+01  -6.26605814e+01
  -6.43438640e+01  -6.19201624e+01  -5.87599303e+01  -3.11389602e+01
  -1.41425423e+01],[ -4.17443857e-14  -4.17443857e-14   3.38450533e-01   2.24254590e+01
   4.47598866e+01   6.28042530e+01   6.60592818e+01   6.13598264e+01
   4.99443760e+01   4.47618774e+01   3.61723220e+01   1.89452921e+01
   1.29265168e+01   1.37765514e+01   1.21238183e+01   8.16863589e+00
   1.62518673e+00  -5.68988324e+00  -1.05789955e+01  -1.22053354e+01
  -7.62832574e+00   5.03731533e+00   2.65666705e+01   5.51895505e+01
   9.71531536e+01   1.09728500e+02   1.09614368e+02   1.02037382e+02
   9.07133210e+01   7.74010573e+01   6.61809776e+01   5.59374467e+01
   5.94723943e+01   5.36937625e+01   5.01413000e+01   3.66272595e+01
   1.80709143e+01   1.14623685e+01   1.32340298e+01   2.53036262e+01
   2.89407979e+01   2.34374455e+01   2.38902452e+01   2.54888756e+01
   2.76413822e+01   2.67511212e+01   2.39630666e+01   2.49154955e+01
   3.32137002e+01   4.26803026e+01   5.28771735e+01   6.63017761e+01
   7.62089041e+01   7.13752913e+01   6.78411044e+01   6.90196111e+01
   7.22267624e+01   6.50235244e+01   5.40538964e+01   4.69659304e+01
   5.91030592e+01   6.09245285e+01   4.79919242e+01   3.88393007e+01
   3.11933850e+01   1.84748836e+01   1.31160159e+01   1.42241179e+01
   1.40907980e+01   2.15200726e+01   3.21498773e+01   5.38341239e+01
   7.98027156e+01   8.83380926e+01   8.10155400e+01   5.02552521e+01
   1.73116401e+01   4.73004076e+00  -1.32201247e+01  -2.40073892e+01
  -2.54986090e+01  -2.75230663e+01  -2.92810722e+01  -3.97143172e+01
  -6.34988865e+01  -6.33089647e+01  -5.70119980e+01  -5.50642698e+01
  -5.09286740e+01  -4.37365524e+01  -3.48728778e+01  -3.62276636e+01
  -2.95748034e+01  -2.08069215e+01  -2.64284988e+01  -2.21169213e+01
  -1.03448957e+01   1.38362956e+01   3.99066807e+01   5.45748565e+01
   5.55805702e+01   4.81879737e+01   4.14512726e+01   2.15715175e+01
  -2.25942519e-01  -2.43632136e+01  -3.54495640e+01  -4.11911399e+01
  -4.16215918e+01  -3.44608296e+01  -1.19985964e+01   1.41355843e+01
   1.88534064e+01   1.66968320e+01   1.99500604e+01   2.36089036e+01
   2.88544566e+01   2.65309360e+01  -4.55306147e-01  -2.30040233e+01
  -4.61130293e+01  -6.32706230e+01  -6.50465677e+01  -6.66294035e+01
  -7.00174362e+01  -7.02337909e+01  -6.02083018e+01  -5.42819239e+01
  -3.92079945e+01  -3.09928376e+01  -2.70610694e+01  -1.69536472e+01
  -1.44830242e+01  -1.34171472e+01  -9.17429808e+00   2.69641290e+00
   1.04354045e+01   1.53516332e+01   1.68470185e+01   1.41549562e+01
   1.10475955e+01   7.21940595e+00   5.26762914e+00   1.42629568e+01
   1.92008812e+01   1.18187517e+01   1.55266320e+01   2.27555289e+01
   2.39012595e+01   2.92037028e+01   2.65563789e+01   2.33348218e+01
   1.67627473e+01   1.47229684e+01   2.59488077e+01   3.22007379e+01
   3.68978667e+01   4.52801897e+01   3.62170062e+01   3.67241965e+01
   4.80401141e+01   5.21299930e+01   6.01385176e+01   6.03492781e+01
   6.58292768e+01   4.32909035e+01   1.75661910e+01   4.82335053e+00
  -1.40799272e+00  -5.88274115e+00  -8.90345933e+00  -1.22150332e+01
  -1.63231774e+01  -1.67443715e+01  -1.99687015e+00   3.27513626e+00
  -2.67242877e-01   4.03559412e+00   6.37690454e+00  -3.52009078e-01
  -2.71987549e+01  -4.68086581e+01  -5.99238977e+01  -6.95994264e+01
  -7.40354790e+01  -8.15980268e+01  -8.13303014e+01  -8.29867661e+01
  -8.76558621e+01  -8.54491345e+01  -7.96598286e+01  -7.34603050e+01
  -6.45536779e+01  -6.46391806e+01  -6.03886278e+01  -5.12962300e+01
  -4.01224609e+01  -2.74789577e+01  -1.77686921e+01  -1.58748323e+01
  -1.34933928e+01  -1.34898852e+01  -2.97412783e+00   1.01020701e+01
   1.83096217e+01   1.64331005e+01   1.52598422e+01   6.37480541e+00
   8.53845174e+00   4.95179527e+00   1.34012081e+00   7.90839876e+00
   1.81219525e+01   2.26413273e+01   2.82182212e+01   3.03367578e+01
   2.67181994e+01   4.06075227e+01   5.03854722e+01   3.80068341e+01
   2.57126842e+01   2.92671792e+01   3.99944030e+01   2.96203170e+01
   2.30794716e+00  -1.81448947e+01  -3.86890110e+01  -3.90353836e+01
  -3.84380075e+01  -2.84606628e+01  -2.12061294e+01  -1.33665579e+01
  -1.08383615e+01  -1.77897104e+01  -2.55667618e+01  -3.76829990e+01
  -4.43283900e+01  -3.76009607e+01  -3.35562990e+01  -3.43098851e+01
  -2.78919673e+01  -3.39754540e+01  -4.32269423e+01  -4.28108745e+01
  -3.74680348e+01  -2.46590714e+01  -7.36274038e+00   1.94727709e+00
   8.35292500e+00   1.37645002e+01   1.61538926e+01   1.10197943e+01
   1.53496946e+01   2.73598671e+01   4.02932318e+01   4.48902537e+01
   4.71859307e+01   4.82772337e+01   5.26475286e+01   7.30809392e+01
   8.11577277e+01],[ -7.99360578e-15  -7.99360578e-15   1.78774200e-01   1.17495798e+01
   9.65918711e+00   1.64519622e+01   2.78515131e+01   3.08584991e+01
   2.62473173e+01   3.36249673e+01   3.30594397e+01   1.48611639e+01
  -3.76192086e+00  -1.47409588e+01  -2.12718035e+01  -2.99225391e+01
  -3.19469488e+01  -2.89934576e+01  -2.00056615e+01  -1.01164405e+01
  -4.32497079e+00  -4.23308988e+00  -1.24265017e+01  -2.13784997e+01
  -2.77780083e+01  -3.82779640e+01  -3.29948129e+01  -2.33324162e+01
  -9.70425973e+00  -2.68856097e+00   2.70767339e+00   1.70180135e+00
  -2.95368397e-01  -1.00013810e+01  -1.03955763e+01  -1.72886505e+01
  -2.08996563e+01  -1.18410862e+01  -6.54080283e+00   8.37478766e+00
   6.87316377e+00   4.45911365e+00   1.47712093e+01   1.72435297e+01
   1.05939867e+01   1.65279257e-01   4.55261292e+00   7.60687060e+00
  -4.81692350e-01  -3.04829037e+00  -8.20440901e-01  -1.10952701e+01
  -1.31194204e+01  -1.34204438e+00   1.88994071e+01   3.52321351e+01
   4.68760555e+01   4.73944263e+01   4.02635799e+01   3.44808355e+01
   3.55024664e+01   2.76497711e+01   2.90214612e+01   3.68980229e+01
   3.57746252e+01   2.84590330e+01   2.51859515e+01   1.59870773e+01
   1.29638910e+01   1.39590693e+01   6.35496117e+00  -8.43170329e+00
  -3.26771225e+01  -4.37087715e+01  -3.31011093e+01  -2.18053683e+01
  -2.22075763e+01  -2.85100483e+01  -4.86173762e+01  -4.41834544e+01
  -3.37350060e+01  -2.96470443e+01  -1.75324371e+01  -1.57207102e+01
  -1.73059881e+01  -1.50076103e+01  -1.44447399e+01  -1.37256958e+01
  -1.61193727e+01  -1.59336807e+01  -1.82288419e+01  -2.88469572e+01
  -3.32303570e+01  -2.73280928e+01  -2.41228396e+01  -2.01514469e+01
  -2.80839143e+01  -3.35685570e+01  -3.04140379e+01  -2.97382085e+01
  -3.20382481e+01  -3.25258267e+01  -3.48998240e+01  -4.88340019e+01
  -4.34003274e+01  -4.03756784e+01  -3.89592797e+01  -3.07269866e+01
  -2.21598943e+01  -2.95667310e+01  -2.59187589e+01  -1.44738001e+01
  -2.76596794e+00   9.55530420e-01   2.91107161e+00  -2.91907838e+00
  -9.50374299e+00  -1.72562446e+01  -2.13054539e+01  -1.98265865e+01
  -1.84038948e+01  -1.87004566e+01  -1.62387221e+01  -1.45430477e+01
  -1.18300405e+01  -1.24636880e+01  -1.01594877e+01  -7.25419223e+00
  -5.66065856e+00  -6.38544553e+00  -1.09777400e+00   7.85553477e+00
   1.04077578e+01   9.09820374e+00   1.20216740e+01   1.52891367e+01
   1.97101692e+01   3.01336713e+01   4.01492822e+01   3.68119216e+01
   3.53327963e+01   3.83682239e+01   4.03323208e+01   4.12783094e+01
   4.38847250e+01   2.92087452e+01   2.41498577e+01   1.94477684e+01
   1.12131170e+01   9.35612360e+00   8.27930269e+00   1.66883458e+01
   1.90979037e+01   1.03551029e+01   5.40467778e+00   3.94809805e+00
  -1.23530955e+01  -1.83166904e+01  -3.46554006e+01  -4.10656908e+01
  -3.43764363e+01  -2.69259904e+01  -2.86625407e+01  -3.44438114e+01
  -3.23152540e+01  -2.00758751e+01  -2.13886130e+00   1.53192907e+01
   1.56646047e+01   1.18350800e+01   2.67301310e+00   1.52848850e+00
  -2.90625197e+00  -7.24011687e+00  -8.98894712e+00  -1.43000336e+01
  -1.74521687e+01  -1.89356664e+01  -2.19383765e+01  -1.63848311e+01
  -2.68443268e+01  -3.57361774e+01  -3.25164098e+01  -2.54891662e+01
  -2.05046930e+01  -2.04718237e+01  -1.49298043e+01  -1.64203542e+01
  -1.72044758e+01  -9.44822652e+00  -8.57283723e+00  -1.25536903e+01
  -7.84278788e+00  -2.90196809e+00  -4.11336096e+00  -5.72535837e+00
  -4.82451556e+00  -3.19851231e+00   3.98721491e+00   1.47640639e+01
   1.97371026e+01   1.97691575e+01   2.08933573e+01   2.03583039e+01
   2.26894795e+01   2.10644733e+01   1.81966315e+01   1.80176902e+01
   2.13563106e+01   1.99636266e+01   1.86044801e+01   1.59005339e+01
   1.29493341e+01   1.19579325e+01   1.49260943e+01   1.58631654e+01
   9.38065592e+00   2.19612913e+01   2.38349652e+01   1.31517604e+01
  -2.14405588e-02  -2.15254599e+01  -3.00776982e+01  -2.75069567e+01
  -2.41941254e+01  -2.23908078e+01  -1.98223488e+01  -1.32448110e+01
   2.15576217e+00   9.62900970e+00   4.55324570e+00   3.48772134e+00
   4.65455367e+00  -8.58613024e-01   8.34374580e+00   1.17243301e+01
   8.89615319e+00   5.22489803e+00  -4.51246533e+00  -5.28758378e+00
  -3.08889652e+00  -3.86055550e+00  -1.69698483e+00   2.43492648e+00
   7.36954195e+00   8.79404995e+00   1.32116657e+01   2.30043067e+01
   3.25360640e+01   3.42852830e+01   2.13354886e+01   1.38465618e+01
   1.51242325e+01   1.35802746e+01   1.31312184e+01   1.80075607e+01
   2.21422761e+01   2.28081691e+01   2.12072196e+01   2.82714382e+01
   3.26958513e+01],[ -3.46389584e-14  -3.46389584e-14  -1.01661082e-01   4.41862667e+00
   8.10377112e+00   4.74948272e+00  -8.36958452e-01   2.90412146e+00
   9.51078797e+00   2.33062852e+01   3.79336834e+01   4.10274494e+01
   3.14358180e+01   1.82669294e+01   4.44463425e+00  -8.67046484e+00
  -1.22805732e+01  -8.55154231e+00   8.66529171e+00   2.41816570e+01
   3.09451151e+01   3.23111495e+01   3.12091979e+01   2.47516387e+01
   1.97700801e+01   2.17842121e+01   2.91657044e+01   2.88596830e+01
   2.14797836e+01   1.54960652e+01   1.97988848e+01   1.58067469e+01
   1.68570211e+01   2.07707732e+01   2.82733388e+01   1.55208399e+01
  -1.20521026e+00  -3.54312847e-01   3.97940981e+00   1.32222236e+01
   1.07345346e+01   1.88380453e+01   3.26967188e+01   2.99506345e+01
   2.66963118e+01   1.43418275e+01   1.95572554e+01   3.54896838e+01
   4.67097269e+01   4.40018315e+01   4.38994472e+01   5.26375219e+01
   5.40537040e+01   2.79894685e+01   3.94171668e+00   6.99753755e+00
   1.10122257e+01   9.59253724e+00  -5.65396711e+00  -1.32529521e+01
  -8.88913155e+00  -3.86994366e+00  -9.56813433e+00  -5.90040262e+00
  -1.34465684e+00   5.61228449e+00   7.67949116e+00  -1.30079737e+00
  -4.27847983e+00   5.17367972e+00   1.70505052e+01   1.90624618e+01
   1.06071825e+01   8.08984189e+00   1.47718901e+01   1.33522377e+01
   1.16667029e+01  -5.29235541e-01  -1.36442228e+01  -1.05307897e+01
  -1.74048736e+01  -2.19389294e+01  -1.76873553e+01  -1.82929452e+01
  -1.95664105e+01  -2.44524164e+01  -2.86686728e+01  -3.49150171e+01
  -4.03095828e+01  -3.46182901e+01  -1.98453665e+01  -1.33515754e+01
  -1.06485357e+01  -5.43283566e+00   9.45947244e-02   4.53877174e+00
   5.69902286e+00   1.42501565e+01   3.59021795e+01   4.59902033e+01
   4.42899587e+01   4.47040785e+01   3.85518397e+01   2.54344211e+01
   1.89746735e+01   1.26951466e+01   1.69864995e+01   2.49029527e+01
   2.77692091e+01   2.01474594e+01   1.84055112e+01   1.74506803e+01
   3.06240612e+01   4.21164237e+01   4.01695942e+01   3.19393410e+01
   2.78117688e+01   1.50503038e+01   1.08883592e+01   7.42434202e+00
  -9.36808534e+00  -1.46591036e+01  -1.42224823e+01  -1.28876985e+01
  -9.74858169e+00  -1.25811033e+01  -1.61078850e+01  -1.12249130e+01
  -1.35725132e+01  -1.48301483e+01  -1.16692650e+01  -7.53601889e+00
   9.87541207e-01   5.58079275e+00   9.64764545e+00   1.16437828e+01
   1.29867918e+01   1.09457805e+01   1.72255331e+01   1.07418029e+01
  -1.96453234e+00  -9.68143350e-01   3.22340723e+00   6.32595747e+00
   1.36187119e+01   4.99098727e+00  -8.05133372e+00  -1.89512067e+01
  -2.80266747e+01  -2.49791041e+01  -1.88365103e+01  -8.21612826e+00
   5.14889941e+00   1.44246970e+01   1.97865144e+01   3.39510470e+01
   4.02286945e+01   4.19435243e+01   3.88311638e+01   4.13335371e+01
   4.66010275e+01   4.86850919e+01   4.45868547e+01   3.78718319e+01
   1.63883755e+01   1.04694956e+01   1.18507910e+01   1.23968402e+01
   7.67305963e+00   6.81155185e+00  -2.41043043e+00  -8.46796471e+00
  -1.38929828e+01  -1.65716559e+01  -2.14617819e+01  -2.79795659e+01
  -3.19681554e+01  -3.51771691e+01  -3.87965239e+01  -4.35391024e+01
  -4.53460135e+01  -4.20451448e+01  -2.85899296e+01  -1.27486536e+01
  -6.10004103e+00  -2.63425772e+00   3.35051148e+00   9.05966323e+00
   1.15356566e+01   1.50821351e+01   1.32595278e+01   5.31442775e+00
   1.75459616e-01   3.07522115e+00   7.17329506e+00   5.78600140e+00
  -2.35410509e+00  -1.00154295e+01  -1.17558077e+01  -6.58269925e+00
  -3.24971707e+00  -6.02869631e+00  -8.75144911e+00  -1.27897308e+01
  -6.81202015e+00   3.11183466e-01   1.57737744e+00   7.49383188e+00
   1.07504047e+01   1.45547191e+01   9.48173551e+00   9.27035396e+00
   1.05895244e+01   8.95275909e+00   1.01237040e+01   9.94442821e+00
   2.06761868e+00   1.12486676e+01   2.36762247e+01   2.32982977e+01
   2.77895638e+01   2.70091532e+01   1.51947000e+01   3.86320755e-01
  -6.89150976e+00  -9.62483022e+00  -1.58407274e+01  -2.88875323e+01
  -2.85691007e+01  -2.54791237e+01  -2.33447525e+01  -2.40185418e+01
  -1.75184312e+01  -8.22183557e+00   2.28074326e-01   1.01480621e+00
   2.60500731e+00   4.32431407e+00   2.17766626e-01   2.44957972e+00
  -2.07704847e+00  -2.70045614e+00   5.17068552e+00   9.30094292e+00
   9.59997923e+00   6.36896266e+00   7.28960857e+00   8.32196218e+00
   8.87009532e+00   1.24087544e+01   9.81312435e+00   2.69497223e+00
  -3.70484087e+00  -1.50941884e+01  -2.81818592e+01  -2.76882012e+01
  -2.61283617e+01  -2.43941573e+01  -2.02718484e+01  -1.25600960e+01
  -8.89665924e+00],[  3.55271368e-14   3.55271368e-14   1.74683596e-01   4.79317595e+00
   1.06848705e+01   1.36952314e+00  -2.08151295e+01  -3.66706201e+01
  -4.39259054e+01  -4.12928265e+01  -2.71346620e+01  -1.32967801e+01
   1.54304184e+00   9.50507223e+00   1.99830045e-01  -1.77997720e+00
  -2.33959003e+00  -6.93562090e+00  -5.97567957e+00  -6.12882436e+00
  -4.99450776e+00  -3.26023483e+00  -1.70278318e+00  -2.65616407e+00
  -1.08012099e+01  -1.05269610e+01  -6.23232958e+00  -7.76477753e+00
  -1.45928994e+01  -2.21035745e+01  -2.51025516e+01  -2.53737378e+01
  -1.76580342e+01  -8.26673212e+00   7.43865241e+00   4.77357947e+00
  -7.75148202e+00  -7.53619063e+00   1.98216370e+00   9.82711171e+00
  -1.76129620e+00  -1.60612897e+01  -3.07259108e+01  -4.28582698e+01
  -5.12656104e+01  -5.65669788e+01  -5.42463816e+01  -5.42405890e+01
  -6.12125621e+01  -5.89416339e+01  -5.62715610e+01  -4.61507115e+01
  -3.79954585e+01  -4.52493809e+01  -4.65662646e+01  -4.49456127e+01
  -5.01322827e+01  -5.14077335e+01  -5.40133502e+01  -4.68676975e+01
  -2.70493413e+01  -1.62382190e+01  -3.83803603e+01  -5.46515188e+01
  -6.11688289e+01  -5.09061428e+01  -3.81425073e+01  -3.32521409e+01
  -3.14676947e+01  -3.07735321e+01  -1.95895974e+01  -1.03568316e+01
  -2.95565727e+00  -1.84191478e+00  -1.16210135e+00  -7.58462442e+00
  -1.41314515e+01  -1.60964055e+01  -9.60772567e+00  -4.14071029e+00
  -4.67303942e+00  -4.35732505e+00  -1.86334492e+00  -4.28084447e+00
  -1.11485187e+01  -1.06555111e+01  -6.65372696e+00  -6.39471217e+00
  -7.91058644e+00  -6.18474261e-01   6.35012113e+00   7.02634055e+00
   1.31499599e+01   1.71915547e+01   1.77749628e+01   1.75422803e+01
   1.47671180e+01   5.06581306e+00   8.28576813e+00   2.20750033e+00
  -9.43019641e+00  -1.01274986e+01  -6.49076226e+00  -6.82652178e+00
  -8.81928993e+00  -1.14421606e+01  -1.23288176e+01  -1.22881894e+01
  -1.08822257e+01  -1.05250218e+01  -1.17970669e+01  -2.50357065e+01
  -2.81826400e+01  -2.65588865e+01  -2.80608884e+01  -2.59123918e+01
  -1.78527496e+01  -1.97146488e+01  -2.00384680e+01  -2.19254767e+01
  -1.76411893e+01  -1.77495919e+01  -1.55315160e+01  -1.34728133e+01
  -1.26244911e+01  -1.12654256e+01  -1.07758587e+01  -1.01301895e+01
  -1.59376958e+01  -1.57448926e+01  -1.83387920e+01  -2.03003717e+01
  -1.91164886e+01  -1.36720957e+01  -9.93219733e+00  -7.92240094e-01
   2.56433793e+00  -8.17169082e+00  -1.13350032e+01  -9.90201854e+00
  -1.52133569e+01  -1.87151413e+01  -2.01717640e+01  -1.72922247e+01
  -7.33182220e+00  -6.58343497e+00  -8.53560416e+00  -1.40406791e+01
  -1.78574566e+01  -1.25054849e+01  -7.20154052e+00  -1.05643019e+01
  -8.51482391e+00  -2.34714683e+00  -2.56006368e+00  -3.67916120e+00
  -1.07422500e+01  -1.58534949e+01  -7.48089802e+00  -6.05832473e-01
   4.12705706e+00   7.05031540e+00   8.13970165e+00   1.00185640e+01
   6.37773701e-01  -3.32978943e+00  -1.10300033e+01  -2.06302889e+01
  -2.01929598e+01  -1.41658096e+01  -1.16285559e+01  -1.22074585e+01
  -1.39924410e+01  -1.21153031e+01  -1.37537045e+01  -1.38128938e+01
  -1.32974905e+01  -1.36835461e+01  -2.02443594e+01  -2.89031022e+01
  -2.62862447e+01  -2.57705548e+01  -2.31410101e+01  -1.64821374e+01
  -1.19737705e+01  -1.08217428e+01  -1.01132247e+01  -2.49951638e+00
   1.40943803e+00   4.47990440e-01   8.97701180e-01  -9.17104992e-01
  -7.98729541e+00  -1.07150155e+01  -8.08519295e+00  -7.99399320e+00
  -1.40373462e+01  -1.73315006e+01  -2.04541573e+01  -2.95280728e+01
  -3.56418932e+01  -4.16796608e+01  -3.72772374e+01  -3.31739707e+01
  -2.46731799e+01  -1.70948722e+01  -1.15396573e+01  -9.25603140e+00
  -8.64880853e+00  -4.16793224e+00  -4.11869105e+00   5.34206227e+00
   1.94532565e+01   1.54584972e+01   1.23750295e+01   1.13961546e+01
   1.05965792e+01   1.58839505e+01   2.70583643e+01   3.01741306e+01
   3.72427605e+01   4.47400484e+01   3.56279367e+01   1.82302514e+01
   6.45046866e+00   1.12605198e+01   1.37786301e+01   1.25913072e+01
   2.42539392e+00  -5.92693079e+00  -5.80206222e+00  -1.32758452e+01
  -1.72650407e+01  -1.10861203e+01  -1.18595736e+01  -1.87790834e+01
  -2.11386568e+01  -1.84867847e+01  -1.76791030e+01  -1.80979078e+01
  -2.07785701e+01  -1.79908621e+01  -1.74328649e+01  -1.92161370e+01
  -1.74623342e+01  -1.16792094e+01  -1.66289994e+00   3.16273398e+00
   1.02211696e+01   5.66176189e+00  -7.10946105e+00  -1.56143534e+01
  -2.15684239e+01  -2.67621926e+01  -3.54033575e+01  -4.11329013e+01
  -3.56222328e+01  -3.09887767e+01  -2.84657303e+01  -1.87647537e+01
  -1.70148094e+01],[ -4.61852778e-14  -4.61852778e-14   2.40816176e-01   2.32104583e+00
   3.26835562e+00   6.96834297e+00   9.34011504e+00   5.77077102e-01
  -2.01765677e+01  -3.12752647e+01  -2.33767004e+01  -1.51238234e+01
  -2.68958922e+00   5.53499645e+00   3.72155847e+00   7.85170217e+00
   2.50359882e+00  -3.24584739e+00  -1.06383473e+01  -1.82524500e+01
  -2.72024597e+01  -2.30985874e+01  -1.55829848e+01  -7.25066358e+00
  -1.76290419e+00   2.31063011e+00   4.37654657e+00  -6.23864141e-02
  -1.33100322e+01  -2.13189046e+01  -2.70788638e+01  -2.63816533e+01
  -3.07719902e+01  -3.23964856e+01  -2.36336248e+01  -1.62143239e+01
  -1.44632046e+01  -1.61559989e+01  -1.15819693e+01  -3.82628472e+00
  -1.75431444e+01  -2.65729733e+01  -3.45036240e+01  -3.17988604e+01
  -2.52400784e+01  -1.64889886e+01  -1.60563315e+01  -1.93944609e+01
  -2.57657364e+01  -2.31079701e+01  -1.47737046e+01  -1.47858347e+01
  -1.52220548e+01  -1.03388516e+01  -6.17613169e-01   4.96192328e-01
  -5.46349189e+00  -9.43253846e+00  -1.71931663e+01  -2.04290092e+01
  -1.62775195e+01  -1.33832758e+01  -1.32711918e+01  -1.01345388e+01
  -1.60586442e+01  -1.27990070e+01  -1.03287945e+01  -1.87994473e+01
  -2.20314944e+01  -1.81237369e+01  -7.15403720e+00  -1.42711190e+00
   5.10041652e+00   1.06086927e+01   1.01613178e+01   7.96498083e+00
   7.64291285e+00   1.19359129e+01   1.95407164e+01   1.34267925e+01
   1.08958291e+01   1.25130789e+01   6.96672903e+00   5.32629878e+00
   1.06460804e+01   1.36934192e+01   1.42841234e+01   1.98388436e+01
   1.75013330e+01   1.94249492e+01   2.22518906e+01   2.19397256e+01
   2.07370955e+01   2.33584207e+01   3.23588737e+01   3.23056345e+01
   2.85531307e+01   2.45877212e+01   2.63614509e+01   2.48472498e+01
   1.94793847e+01   1.66915715e+01   1.19297738e+01   3.63682447e+00
  -1.95638574e+00  -1.18738163e+01  -1.78743940e+01  -1.79955828e+01
  -1.24297960e+01  -1.50601385e+01  -2.96932800e+00   4.32379396e+00
   1.18497541e+01   1.69007523e+01   1.34837088e+01   1.06788846e+01
   9.10539994e+00   2.18305224e+00  -5.91860619e+00  -8.24956101e+00
  -6.37454621e+00  -4.17628126e+00  -2.92956299e+00  -3.52039372e+00
  -1.46393178e+00  -2.23947011e+00  -7.54607724e+00  -1.10420490e+01
  -1.88697380e+01  -1.87855279e+01  -2.21618671e+01  -2.51068603e+01
  -2.56822602e+01  -1.58477623e+01  -1.26862220e+01  -4.90236205e+00
  -1.52970618e+00  -7.05067988e+00  -1.23697496e+01  -7.96158748e+00
  -1.83425992e+00  -2.78737323e+00  -2.83732806e+00  -4.07570172e+00
  -5.71379546e-01  -1.53879117e+00  -1.18710322e+00  -5.72293783e+00
  -7.57879703e+00  -8.24910492e+00  -1.42032654e+01  -2.38282497e+01
  -2.63300424e+01  -1.79180135e+01  -1.12539704e+01  -1.56354812e+00
  -3.88371998e+00  -4.92488907e+00  -5.37177024e-02  -8.81493316e-02
  -1.87772597e+00   1.88959021e+00  -5.74734716e-01  -1.36136360e+00
  -1.12990775e+01  -1.79610976e+01  -2.05356648e+01  -2.10713660e+01
  -2.60783960e+01  -2.53776562e+01  -2.50708879e+01  -1.69718133e+01
  -5.30070791e+00   6.76474740e-01  -6.91022056e-02   4.46476540e+00
   1.00671877e+01   1.20045232e+01   7.96814085e+00   1.42981467e+01
   1.80664556e+01   8.52291791e+00   1.01452938e+00   6.50772092e-01
   6.82921931e+00   8.71172457e+00   6.41407029e+00   7.14135950e+00
   7.29277249e+00   7.01581497e+00   6.95836841e+00   6.72805354e+00
   2.15750834e-01  -3.78352352e+00  -9.48214988e+00  -1.53293504e+01
  -1.52970063e+01  -1.23139759e+01  -8.91801876e+00  -1.42051051e+01
  -1.89842907e+01  -2.07600100e+01  -1.59700104e+01  -1.72002518e+01
  -1.76157923e+01  -1.40819037e+01  -3.90214608e+00  -2.75064476e+00
  -7.38009573e+00  -9.57025630e+00  -9.82573251e-01   7.91636480e+00
   1.70908408e+01   1.48797328e+01   1.12137902e+01   9.00301668e+00
   1.08331439e+01   1.23999691e+01   1.56207476e+01   2.23953680e+01
   1.97023897e+01   1.66904665e+01  -2.01831777e-01  -6.65633246e+00
  -5.87636747e-01   6.38584141e+00   1.14106708e+01   2.00856163e+01
   1.54491598e+01   2.51862210e+00  -8.45950383e-01  -6.53751225e+00
  -1.12628823e+01  -1.27856405e+01  -1.14831922e+01  -1.28881558e+01
  -1.87688073e+01  -1.90965289e+01  -1.41311986e+01  -1.13231837e+01
  -9.49039243e+00  -5.27238403e+00  -5.43390485e+00  -7.75018933e+00
  -7.04923590e+00  -6.32941542e+00  -5.08051648e+00  -8.40860889e+00
  -4.86978081e+00   3.67136044e-01  -5.18703810e+00  -1.81480758e+01
  -1.85989387e+01  -1.09443099e+01  -7.77644771e+00  -1.69560851e+01
  -2.19157274e+01  -2.32353975e+01  -1.90848670e+01  -7.19651278e+00
  -3.88330857e+00],[  2.39808173e-14   2.39808173e-14  -6.64861657e-02  -3.28861944e+00
  -8.40328728e-01   6.00446034e+00   1.65760237e+01   2.15406171e+01
   1.59417011e+01   1.32182970e+01   9.99108825e+00   9.12687137e+00
   9.42684835e+00   9.69545149e+00   8.71030987e+00   1.08090786e+01
   1.14390465e+00  -5.25232159e+00  -1.70068746e+01  -2.29894475e+01
  -2.15624650e+01  -2.30433014e+01  -2.05218459e+01  -6.14481498e+00
   4.81681288e+00   7.60665722e+00   1.37755703e+01   2.04644345e+01
   9.32488761e+00   3.43947212e+00  -2.88623375e-03   2.98430989e+00
   2.36131291e+00   2.45662351e+00   1.49213271e+00   2.09136413e+00
   2.64322788e-01  -1.04719563e+01  -1.29650642e+01  -1.04391149e+01
  -8.10453277e+00  -6.77113669e+00  -8.29818849e+00  -1.15333600e+01
  -1.34826090e+01  -1.76766896e+01  -1.47570680e+01  -1.32783098e+01
  -1.82169834e+01  -2.51284145e+01  -2.12147269e+01  -1.71539697e+01
  -1.25406199e+01  -7.84404620e+00  -3.61154163e-01   4.52356906e+00
   1.50179442e+01   2.16700092e+01   7.28668904e+00  -3.84040634e+00
  -8.60510541e+00  -1.20749190e+01  -7.31864550e+00  -8.59055999e-01
   6.11507063e+00   7.73528795e+00   5.27113992e+00  -2.73141878e-01
  -3.50428311e+00  -3.94482370e+00   6.90766181e+00   5.31462837e+00
   1.51349997e+00   1.95402250e+00   4.53075596e+00   3.87659805e+00
   6.51380301e-01  -1.40505032e+00   4.37523475e-01   3.68000031e+00
   1.12923682e+01   1.30395242e+01   1.11098475e+01   1.70613431e+01
   2.47864056e+01   2.25209750e+01   1.85093607e+01   1.96420231e+01
   1.57614284e+01   1.73798159e+01   2.32498419e+01   2.29864085e+01
   8.15739975e+00   4.36791307e+00   1.62083903e+01   1.78124008e+01
   1.45338210e+01   8.28676343e+00   3.24393494e+00  -2.18344148e+00
  -4.28839104e+00  -3.19214931e+00  -3.85621690e+00  -7.20748733e+00
  -1.01983497e+01  -2.53616521e+01  -3.02350581e+01  -3.65386960e+01
  -4.08015737e+01  -4.20546442e+01  -3.15075245e+01  -2.80109870e+01
  -3.50545797e+01  -3.68081716e+01  -3.33895970e+01  -2.32867406e+01
  -6.81126373e+00  -2.18242936e+00  -3.99381746e+00   4.70114164e+00
   1.35292088e+01   1.76092482e+01   1.53958965e+01   1.35177381e+01
   1.32809853e+01   9.42178242e+00   4.22389060e+00   6.60862019e+00
   7.14558963e+00   2.00402535e+00  -7.26325287e+00  -1.59805252e+01
  -1.30259589e+01  -2.71284555e+00  -1.76477113e+00  -1.10035907e+00
  -2.06146917e+00  -1.77784069e+00  -2.96722308e+00  -3.70653608e+00
  -2.92523065e+00  -1.57636243e+00   1.62822730e+00   3.89612593e-01
   1.40411188e+00  -1.05285021e+00  -9.37013338e+00  -1.21024220e+01
  -1.31166981e+01  -1.12796441e+01  -1.57111271e+01  -1.39323043e+01
  -6.38705862e+00  -2.87538435e+00  -4.32386588e+00  -1.12843515e+00
  -2.39806367e+00  -9.35868632e+00  -4.40686432e+00   4.97868425e+00
   9.99831383e+00   1.19315954e+01   5.53672816e+00  -4.52108444e-01
  -7.52727261e+00  -1.58043807e+01  -1.52800535e+01  -6.93497351e+00
  -9.95721143e-01  -2.48208122e+00  -5.56430954e+00  -3.78921498e+00
   2.86089328e+00   7.98382352e+00   1.02164762e+01   1.53449417e+01
   1.43268182e+01   1.48192946e+01   1.71864365e+01   2.38555289e+01
   2.55672066e+01   2.08868133e+01   1.68373165e+01   2.30960367e+01
   3.14828844e+01   3.08902149e+01   2.81397066e+01   2.70672487e+01
   2.22218954e+01   2.64197478e+01   2.44479740e+01   2.14152660e+01
   2.01510748e+01   1.83233102e+01   1.35824528e+01   5.56054304e+00
   2.25505431e+00   2.92401319e+00   5.13257958e+00   6.78811859e+00
   6.88755218e+00   5.96279787e+00   1.27417013e+00  -7.90608588e+00
  -1.89066855e+00   2.74310931e+00   9.03618804e+00   8.71572515e+00
   1.10165308e+00  -4.87458807e+00   2.73888263e-01   4.36643737e+00
   3.68375312e+00   1.03741004e+01   1.05114236e+01   4.36552292e+00
   3.31616990e+00   6.93190857e+00   9.29450701e+00   1.44285039e+01
   1.01753436e+00  -4.55027966e+00  -2.02244350e+01  -1.93162323e+01
  -1.35649534e+01  -5.94706572e+00  -7.07629139e+00  -1.33218356e+01
  -1.72274858e+01  -2.16856755e+01  -2.46461577e+01  -2.28973875e+01
  -1.52908299e+01  -8.19404509e+00  -7.78714333e+00  -1.06843425e+01
  -2.06193623e+01  -2.32875017e+01  -2.09001200e+01  -2.15975611e+01
  -2.73073781e+01  -3.70768930e+01  -4.06116826e+01  -4.30987152e+01
  -4.44211006e+01  -4.82893039e+01  -4.99791706e+01  -4.78011496e+01
  -3.92808673e+01  -2.59836406e+01  -2.32026900e+01  -3.32529739e+01
  -3.27577948e+01  -2.76207897e+01  -1.22803890e+01  -2.16677915e+00
  -5.82683413e+00  -1.10191356e+01  -4.62914483e+00  -3.28354054e+00
  -4.51243168e+00],[ -8.88178420e-15  -8.88178420e-15   1.35260299e-01  -4.26998471e+00
  -1.14966681e+01  -1.41959494e+01  -1.78850489e+01  -2.18096288e+01
  -2.21587631e+01  -1.28194428e+01  -1.31749281e+01  -2.04617096e+01
  -2.88416076e+01  -2.15805434e+01  -1.24488438e+01  -1.29153067e+01
  -1.49180287e+01  -1.96690537e+01  -3.15471515e+01  -3.29438279e+01
  -2.59588556e+01  -1.74458476e+01  -1.50878342e+01  -1.38218424e+01
  -1.25209352e+01  -7.87337712e+00  -3.22627216e+00   7.22004043e-01
  -8.62663407e+00  -1.14253726e+01  -1.84745225e+01  -2.97826945e+01
  -5.04452265e+01  -5.40841549e+01  -5.41185478e+01  -5.10612754e+01
  -4.44250080e+01  -3.76883670e+01  -3.18762870e+01  -2.65550689e+01
  -1.70519808e+01  -1.49005938e+01  -1.28617788e+01  -1.54230472e+01
  -1.83243078e+01  -2.22236915e+01  -1.73002953e+01  -1.29938135e+01
  -6.91654356e+00  -1.46450615e+00   5.87501173e+00   3.75920251e+00
  -1.33155216e+00  -1.71705913e+01  -2.10652079e+01  -2.37829164e+01
  -2.49778131e+01  -1.88500789e+01  -1.53630629e+01  -1.23378434e+01
  -4.35661917e+00  -3.95473486e+00  -1.06065627e+01  -1.93061923e+01
  -1.69916754e+01  -1.62674304e+01  -1.73533875e+01  -1.62996867e+01
  -1.31679224e+01  -5.17128726e+00   9.05735678e+00   1.29440311e+01
   7.52576257e+00   7.39818040e+00   1.11114426e+01   1.23916819e+01
   3.35392590e+00  -4.29437171e+00  -1.02322424e+01  -1.23206999e+01
  -1.21771430e+01  -1.54097431e+01  -1.51238217e+01  -1.45695406e+01
  -1.61387596e+01  -1.06642217e+01  -8.98268602e+00  -1.02004937e+01
  -1.31179101e+01  -1.06554607e+01  -8.24041392e+00  -1.41907997e+01
  -2.33039565e+01  -1.39543315e+01  -1.33467568e+00   1.59211551e+00
   1.33426811e+00   4.31749925e+00   8.53235729e+00   1.12921335e+01
   1.06286517e+01   1.18274263e+01   1.05514924e+01  -4.69200171e+00
  -8.82508599e+00  -1.60538383e+01  -1.62751465e+01  -2.25090944e+01
  -3.04014340e+01  -2.87833355e+01  -1.65704071e+01  -7.78800819e+00
  -1.06901510e+01  -1.38870664e+01  -8.99137244e+00  -2.53271942e+00
   8.45766959e+00   5.06767779e+00  -4.42201013e+00  -1.11504581e+01
  -1.17724564e+01  -7.98123056e+00  -6.86033814e+00  -3.91989779e+00
  -3.26506150e+00   4.21882628e-01   4.75386158e+00   9.59942630e+00
   1.39966556e+01   9.21405962e+00   9.35344996e+00   5.79444288e+00
   3.58430183e+00   5.23619317e+00   7.06408228e+00   4.79883372e+00
  -2.90077768e-01   4.43326891e-01   2.59613218e+00   1.78559164e+00
  -3.66597108e+00  -6.92008851e+00  -8.43496043e+00  -6.13780579e+00
   6.41094879e-01   4.53744564e+00  -1.38720733e+00  -3.97267090e-02
  -4.38200261e+00  -4.37549413e+00  -2.56941532e-01   5.79192821e+00
   1.20660496e+01   1.04564308e+01   7.60976417e+00   9.14806958e+00
   1.12464101e+01   9.27757391e+00   9.81811399e+00   1.44679705e+01
   1.49657592e+01   1.59960197e+01   1.59728980e+01   1.18986464e+01
   4.85548050e+00   1.83855597e+00  -3.25109047e+00  -7.82056417e+00
  -8.01591853e+00  -1.04329049e+01  -1.34313704e+01  -1.65017358e+01
  -1.70803755e+01  -1.40571917e+01  -1.19347973e+01  -8.88880679e+00
  -1.06236715e+01  -1.16786476e+01  -9.68169154e+00  -1.27440649e+01
  -1.44689982e+01  -9.60547352e+00  -6.43764971e+00  -3.00072051e-01
   5.85505042e+00   5.32417268e+00   2.57521495e+00   7.21777003e-01
   3.07826552e-01   6.78135622e+00   7.46136365e+00   8.14468224e+00
   8.80566484e+00   9.86200578e+00   8.16330084e+00   6.91965435e+00
   3.20887305e+00   1.39895754e+00   3.88496835e+00   1.05544722e+00
  -1.60375471e+00  -7.42405164e-01  -7.22323646e+00  -1.33835916e+01
   8.73368523e-01   7.26302107e+00   8.68294169e+00   3.27741329e+00
  -1.78773287e+00  -3.12196513e+00  -4.06956594e+00   1.14602142e+00
  -6.63767893e-01   7.70749454e+00   1.15281553e+01   4.53940427e+00
   2.64924434e+00   5.93874831e+00   4.47347371e+00   4.38370782e+00
   6.45377121e-01   1.15918164e+00  -7.88587301e+00  -8.24359175e+00
  -3.89707652e+00   3.84870195e+00   2.94008507e+00  -1.24462829e+00
  -3.20322580e+00   1.96683789e+00  -9.70455808e-01  -9.64653558e+00
  -1.38527274e+01  -7.06589065e+00  -7.10759851e+00  -7.80321144e+00
  -1.48582952e+01  -2.14559173e+01  -2.19576972e+01  -2.19861482e+01
  -2.63591810e+01  -3.06779850e+01  -2.49079469e+01  -2.22136511e+01
  -2.05169633e+01  -2.19103233e+01  -2.24171129e+01  -2.28583713e+01
  -1.69846675e+01  -1.95910475e+01  -2.35839277e+01  -2.58041962e+01
  -2.09457107e+01  -1.64367969e+01  -1.00329698e+01  -2.31506539e+00
   6.89772890e-02  -1.53972600e+00  -6.11037648e+00  -1.58676394e+01
  -1.32004037e+01],[  2.57571742e-14   2.57571742e-14   3.86205883e-01   1.47716264e+00
   4.68910898e+00   5.13066204e+00  -8.44867434e+00  -1.88488728e+01
  -2.26251866e+01  -8.44234126e+00   5.23807406e+00   7.31441903e-01
  -1.20315266e+01  -1.19658420e+01  -5.53758438e+00  -1.31225582e+01
  -1.09600926e+01  -3.34815934e+00   2.81232884e+00   8.78354060e+00
   1.11452417e+00  -3.12776958e+00  -2.44239389e+00  -5.74409406e+00
  -9.65988656e+00  -5.97771755e+00  -5.33438305e-01  -3.67516573e-01
  -1.46758448e+01  -1.08085715e+01  -4.93928295e+00  -7.65901290e+00
  -1.60393649e+01  -2.02127941e+01  -1.97806891e+01  -1.98125929e+01
  -1.77124632e+01  -1.57234051e+01  -1.57448995e+01  -1.37823151e+01
  -3.59392649e+00  -6.84271474e-01   3.18723556e+00   4.79139772e+00
   7.51193414e+00  -4.21420496e+00  -1.10840533e+01  -1.80631541e+01
  -1.70269982e+01  -2.19580072e+01  -2.65839177e+01  -3.26439494e+01
  -3.44316756e+01  -4.55588481e+01  -3.93451133e+01  -2.42971316e+01
  -1.48135334e+01  -1.06218904e+01  -8.63716288e+00  -1.16642780e+01
  -1.31990208e+01  -1.66903346e+01  -1.31543361e+01  -4.20286311e+00
   5.01861970e+00   4.20706896e+00   3.86489680e+00   1.46707202e+00
  -5.58009824e+00  -4.16078073e+00  -3.55905569e-01  -2.90842635e+00
  -1.37160416e+01  -8.42396751e+00   3.85471495e+00   6.97381497e+00
   1.44515236e+00  -3.03552118e+00  -1.02000641e+01  -1.37674865e+01
  -1.69553630e+01  -2.32060691e+01  -2.57176419e+01  -2.90820181e+01
  -3.42793764e+01  -2.79321250e+01  -2.50531789e+01  -2.56822115e+01
  -2.78004923e+01  -2.49343790e+01  -2.13779167e+01  -2.34940208e+01
  -1.89858895e+01   1.25113791e+00   4.64331168e+00   3.22721425e+00
   4.80799016e-01  -2.11755250e-01  -5.75769832e+00  -4.41232601e+00
  -8.69622950e-01   4.51012737e+00   3.54494084e+00  -1.07430751e+01
  -1.02528010e+01  -4.17933212e+00   4.33622666e+00   1.08193464e+01
   5.45509285e+00  -4.65314743e+00  -1.04387067e+01  -1.09067771e+01
  -1.62328413e+01  -2.22403046e+01  -1.33104540e+01  -5.43630907e+00
   2.62150647e+00  -4.34949228e-01  -7.33891234e+00  -9.52039064e+00
  -1.39430564e+01  -1.28598202e+01  -9.41850758e+00  -4.30116620e+00
  -3.21841095e+00   1.68378768e+00   3.57446167e+00   6.69037164e+00
   8.54757026e+00   4.84259341e+00   2.17843531e+00   2.97404405e-01
  -9.14850548e-01   2.29248681e+00   7.52411508e+00   2.56091314e+00
  -4.14046117e+00  -2.66972086e+00   1.20264126e+00   4.23648935e-02
   2.05784648e+00  -8.37687880e-02  -4.66113376e+00  -5.96126247e+00
  -1.74436412e+00   6.94091132e+00   9.01167817e+00   1.58284981e+01
   1.67427673e+01   1.60381242e+01   1.25517682e+01   4.93653665e+00
   1.67609373e+00   1.99820200e+00   5.21582021e-01  -1.53637149e+00
  -7.65795642e+00  -1.48405854e+01  -1.70636180e+01  -1.06268691e+01
  -9.35042136e+00  -6.73976054e+00  -5.72105906e+00  -1.13414926e+01
  -1.60021567e+01  -7.23932026e+00   1.28665086e-01   5.59937536e+00
   3.86741137e+00  -2.26743432e+00  -9.97950327e+00  -1.36672539e+01
  -1.54417497e+01  -1.60518977e+01  -1.96529771e+01  -2.03754431e+01
  -1.69728006e+01  -1.60402807e+01  -1.68451645e+01  -1.63359029e+01
  -1.59325097e+01  -1.32862229e+01  -1.47007175e+01  -1.80613147e+01
  -1.67028667e+01  -1.36969964e+01  -1.72975424e+01  -1.97587136e+01
  -1.53221611e+01  -1.02741577e+01  -7.31216250e+00  -3.35476551e+00
  -7.26346603e+00  -8.09335978e+00  -8.74215890e+00  -4.55728378e+00
  -1.31634592e+00   3.53830469e-01   6.13036473e+00   5.75663195e+00
   3.98714170e+00   1.68130254e+00  -3.03154441e+00  -6.70870669e+00
  -4.52314111e+00  -7.58667451e+00  -8.70325029e+00  -1.04174732e+01
  -1.24978845e+01  -1.24501778e+01  -8.32858955e+00   6.82951219e-01
   1.64857120e+00   3.72051038e+00   5.53911493e+00   4.03906165e+00
   5.31178707e+00   9.41294563e+00   5.57098775e+00   1.04398348e+01
   2.28306003e+01   2.59176658e+01   1.79478040e+01   1.19363656e+01
   1.50771666e+01   1.47219233e+01   1.14146688e+01   1.55581094e+01
   1.51111911e+01   2.16949683e+01   2.02149941e+01   1.06458087e+01
   2.32406334e+00  -1.96595353e+00  -4.54165218e+00  -2.61632651e+00
   2.05019759e-01   1.17757848e+00   1.30373951e+00   2.69634736e+00
   7.30425802e+00   1.46619555e+01   2.35365919e+01   2.45214578e+01
   2.37522553e+01   1.73820789e+01   1.10807492e+01   4.83710138e+00
   6.04033867e+00   6.21814362e-01  -1.80402169e+00  -1.42068444e+00
   3.72597103e-01   6.71999850e+00   4.94314458e+00  -4.86641185e+00
  -8.10034947e+00  -1.19419489e+01  -1.42718416e+01  -1.74185321e+01
  -1.55023195e+01],[ -5.32907052e-15  -5.32907052e-15   1.62830843e-02   3.57295314e+00
   2.30402236e+00   4.34570138e-01  -1.12756226e+01  -1.66632597e+01
  -1.58525273e+01  -9.89883118e+00  -1.16943410e+01  -9.33315104e+00
  -1.02737223e+01  -1.45074043e+01  -1.52312478e+01  -2.09374021e+01
  -2.25905721e+01  -1.63426768e+01  -1.27192021e+01  -3.29378427e+00
  -5.73783264e+00  -1.29134338e+01  -1.61878276e+01  -1.62086759e+01
  -2.10036361e+01  -2.15393578e+01  -1.45609615e+01  -9.36785766e+00
  -1.30169190e+01  -1.54968971e+01  -1.50720345e+01  -1.78803628e+01
  -1.45466368e+01  -3.69394200e+00   1.28827754e+00   2.30002039e+00
  -1.03810133e+00  -5.41167375e+00  -9.57241054e+00  -5.58563682e+00
   3.89852525e+00   2.99288678e+00  -3.55928491e+00  -7.74074059e+00
  -8.44768236e+00  -1.45869955e+01  -1.14299865e+01  -3.95634477e+00
   1.99541164e+00   6.19501811e+00   3.38872913e+00  -2.04142253e+00
  -9.63944106e+00  -2.07429832e+01  -1.68651817e+01  -1.14084777e+01
  -1.32483953e+01  -1.57329332e+01  -1.88738206e+01  -1.88132786e+01
  -1.95934301e+01  -2.57393306e+01  -1.91839376e+01  -1.51299586e+01
  -6.03343402e+00  -5.08411000e+00   1.44914339e+00   8.00690019e-01
  -1.06384126e+01  -6.56950059e+00  -4.26902098e+00   2.45615382e+00
  -2.62581281e+00   1.97920970e+00   7.84345607e+00   8.48492432e+00
   5.38789279e+00   3.38518100e+00  -3.63131938e+00  -2.90066393e+00
   4.11690161e-02   4.88551574e+00   1.43813988e+01   1.87836021e+01
   1.31623758e+01   9.99290778e+00   1.24626679e+01   1.13343079e+01
   9.71212025e+00   1.04879533e+01   6.97872751e+00  -3.20466437e+00
  -5.89908648e+00   4.55156204e+00   4.24776305e+00   4.80640414e+00
   5.96755660e+00   1.73509587e+00  -4.98789081e+00  -2.43869344e+00
   2.82804396e+00   7.15815721e+00   6.53646105e+00   9.49843482e-01
   9.44027407e-01   5.33274690e+00   3.80300757e+00   3.02765982e+00
  -3.52782200e+00  -9.04848346e+00  -6.69037132e+00   3.08005607e-01
  -8.29126736e-01  -6.64450125e+00  -4.10451975e+00   9.37620057e-01
   9.38292447e+00   6.55614437e+00   4.73603757e+00   1.03007791e+01
   1.97130723e+01   2.44232883e+01   1.93809888e+01   1.39496541e+01
   1.19192072e+01   1.03526780e+01   1.65698164e+00   7.43111410e-01
   4.34104755e+00   2.53992981e+00  -5.46353544e+00  -1.23730526e+01
  -8.37907267e+00  -6.61635731e-01   2.07533325e+00  -4.51659937e+00
  -9.36660014e+00  -6.17920784e+00  -2.09103303e+00  -5.91118864e+00
  -2.60121349e+00  -2.14486139e+00  -2.66920923e+00  -6.42380679e+00
  -1.13313776e+01  -7.60364512e+00  -1.24767860e+01  -1.63909380e+01
  -1.46356637e+01  -9.59119819e+00  -1.49990173e+01  -1.83899093e+01
  -1.46890707e+01  -1.38699761e+01  -6.11610545e+00  -2.11273072e+00
   7.36400307e+00   9.28628577e+00   2.16514180e+00   1.74833991e+00
   5.01794926e+00   4.00611486e+00   4.70521729e+00   3.54649061e+00
   1.65169789e+00  -3.78781369e+00  -4.92893133e+00   6.37725958e+00
   1.74042424e+01   1.93669099e+01   1.92622622e+01   1.42782058e+01
   7.84739334e+00   4.49451004e+00  -6.84309296e-01  -2.83706043e+00
   5.07742522e-01   3.92789126e+00   3.33067782e+00   1.20083557e+01
   1.59196138e+01   1.04913799e+01   5.23588152e+00   6.43397814e+00
   4.91266763e+00   6.86004547e+00   2.39556258e+00   4.78282883e+00
   5.55094414e+00   7.21657836e+00   7.23493518e+00   6.64660162e+00
   1.36049400e+00  -2.01248622e+00  -4.41311762e+00  -4.39174868e+00
  -5.28138342e+00  -6.23161435e+00  -3.05115262e+00  -1.81746359e-01
  -6.37477813e-01  -7.54569217e+00  -1.53736343e+01  -2.12308024e+01
  -2.09710766e+01  -1.59569558e+01  -1.73162119e+01  -1.09879940e+01
  -1.37632423e+01  -2.01254019e+01  -1.17110816e+01  -3.01841568e-01
   4.48329473e+00   3.10553817e+00  -1.41346926e+00   8.86183483e-01
   2.46477682e+00   3.29796390e+00   1.43432555e+00   7.31365134e+00
   1.40247278e+01   1.09086896e+01   1.63873700e+00   7.73369383e-01
   1.87630721e+00   2.80357964e+00   7.00479062e-01   1.84458496e+00
  -8.87447804e-01  -2.29683121e+00  -7.02762758e+00  -6.87368826e+00
   9.97058669e-01   4.82542582e-01  -5.19626055e+00  -5.46147537e+00
   1.91735703e+00   7.15339469e+00   2.36083895e+00   1.98604477e+00
   5.61107358e+00   7.07457261e+00   7.01114467e+00   1.51106389e+00
  -4.99535865e+00  -1.55038705e+01  -2.32951478e+01  -2.23299172e+01
  -1.85879255e+01  -1.79485765e+01  -2.19629418e+01  -2.48856302e+01
  -3.02841013e+01  -2.72087839e+01  -1.37221354e+01  -1.09984196e+01
  -6.30184343e+00  -6.58024318e+00  -4.42420723e+00  -3.81492257e+00
  -6.45765414e+00],[  6.75015599e-14   6.75015599e-14  -1.27449000e-01   2.39212378e+00
  -5.25433823e+00  -5.14259404e+00  -7.12456341e+00  -4.98800605e+00
  -5.69878353e+00  -1.68829321e+01  -2.41803226e+01  -1.46558504e+01
  -6.69351743e+00  -7.02105416e+00  -4.97973045e+00  -4.48429909e+00
  -1.39241097e+01  -1.90506858e+01  -2.46888419e+01  -1.92812987e+01
  -1.74373661e+01  -1.45010655e+01  -1.71632684e+01  -2.19792200e+01
  -2.26108675e+01  -1.90876568e+01  -1.42219177e+01  -1.14523840e+01
  -1.43789272e+01  -2.25674298e+01  -2.76399416e+01  -3.21818431e+01
  -3.49627817e+01  -3.17576510e+01  -3.07558036e+01  -3.02313719e+01
  -3.26550901e+01  -2.45965680e+01  -2.16114831e+01  -1.31109685e+01
  -7.19009772e+00  -5.72219589e+00  -1.84411463e+01  -2.88006533e+01
  -2.56277548e+01  -2.39751912e+01  -2.51810179e+01  -2.05644316e+01
  -1.52679037e+01  -1.00696781e+01  -1.12874066e+01  -1.41690076e+01
  -1.58051241e+01  -2.28590837e+01  -2.29517150e+01  -2.38059088e+01
  -2.53875409e+01  -2.66423321e+01  -2.23048618e+01  -1.30386453e+01
  -3.98220700e+00  -8.88596079e+00  -7.83252699e+00  -1.23371300e+01
  -1.32523140e+01  -1.22282793e+01  -1.23629671e+01  -2.25981842e+01
  -2.36292910e+01  -1.25588235e+01  -1.69292794e+01  -1.96183981e+01
  -2.61478300e+01  -2.97431230e+01  -2.37635983e+01  -1.48969542e+01
  -8.44669059e+00  -4.89428422e+00  -7.01652869e+00  -2.58602570e+00
   3.30286795e-01   2.74566471e+00   6.57552216e+00   5.86273224e+00
  -1.93119699e+00   1.48305475e+00   9.34947980e+00   8.57185356e+00
   8.62847011e+00   8.08829327e+00   3.78803189e+00  -6.86772384e+00
  -1.01693899e+01  -7.12626500e+00  -9.69889992e-01   3.76075598e+00
   3.12318696e+00   1.34521355e+00   2.54589831e+00   2.13405574e+00
   3.56454398e+00   2.58315146e+00   4.39027969e+00   6.31347014e+00
   5.24203675e+00   9.59071374e-01   3.47223073e+00   8.16022672e+00
   7.79814105e+00  -6.60502399e-01   3.93727977e-01   9.23468873e+00
   1.15995307e+01   1.22956477e+01   1.19071230e+01   7.78806151e+00
   8.21250835e+00   3.23548891e+00   1.62511575e+00   4.42947523e-01
   2.12388417e+00   1.89577631e+00  -4.16137473e+00  -1.21092925e+01
  -8.24136352e+00  -6.44815103e+00  -1.63737538e+01  -2.10379060e+01
  -1.60021999e+01  -1.28468276e+01  -7.09772888e+00  -6.13969233e+00
  -1.76355648e+00  -1.35234076e+00  -4.33669924e+00  -6.66235877e+00
  -9.38796000e+00  -6.98608140e+00  -1.55734660e+00  -2.71234784e+00
  -5.89395727e+00  -6.92569835e+00  -4.15732042e+00  -4.42816410e+00
  -9.34242263e+00  -7.51190068e+00  -1.49720119e+01  -2.22726992e+01
  -2.35918824e+01  -2.22473972e+01  -2.49384571e+01  -1.87158672e+01
  -1.30303221e+01  -1.46846221e+01  -1.86247730e+01  -1.85693735e+01
  -1.70569074e+01  -1.27085416e+01  -1.02319131e+01  -1.19915324e+01
  -5.39482799e+00   1.39623129e+00   3.06214780e+00   1.26390303e+00
   2.91740839e+00  -7.95115114e+00  -8.43272623e+00  -4.83986458e+00
   2.01510130e-01   1.97406792e+00   4.63500760e+00   6.73255601e-02
  -1.61638044e-01  -1.49907530e+00  -4.75316947e+00  -7.16691454e+00
  -5.47546834e+00  -2.97035344e+00  -4.05846203e+00   3.63276430e+00
   2.21549666e+00  -6.24338404e+00  -2.84037058e+00   3.79188747e+00
   4.51955693e-01   3.28946565e+00   1.42062567e+00   3.48975105e+00
   2.50089658e+00  -4.16280538e-01  -1.46730075e+00  -3.34325644e+00
  -8.80183485e+00  -7.66733001e+00  -9.52115054e+00  -7.46331885e+00
  -1.20983164e+01  -1.38224403e+01  -1.32706091e+01  -1.30389461e+01
  -1.26610931e+01  -8.93434612e+00  -9.86612461e+00  -1.50905895e+01
  -1.66443814e+01  -3.87624443e+00  -3.56720279e+00   4.32276567e-01
  -2.29288071e+00  -8.23330216e+00  -9.04930933e+00  -1.66802333e+00
   6.00593096e+00   5.26248756e+00  -2.87802250e-02   1.39904603e+00
  -3.48721606e+00  -1.06648005e+01  -4.51188188e+00   4.61792900e+00
   1.24374828e+01   9.90316057e+00   6.58815758e+00   9.49026964e+00
   1.22153836e+01   1.42915797e+01   1.35802796e+01   9.65395123e+00
   5.87544457e+00   6.90314727e+00   6.29358599e+00   1.96210903e+00
  -2.50321173e-01  -5.67195060e-01   2.73029058e+00   3.23813860e+00
   6.55367639e+00   6.03154851e+00   1.00852844e+00   3.56856589e+00
   3.29662783e+00   6.21961498e-01   2.54231924e+00   1.10768718e+00
  -2.79304318e+00  -9.35305547e+00  -1.68986125e+01  -1.70073315e+01
  -1.95944008e+01  -2.08823970e+01  -2.31933962e+01  -2.38815205e+01
  -2.10121119e+01  -1.46611857e+01   5.10592278e-01  -1.26426136e-01
   2.56783650e+00   3.48193401e+00   1.31357005e+00  -2.73065162e-01
  -3.40491548e+00],[ -6.21724894e-14  -6.21724894e-14   1.05997625e-01   7.72040503e+00
   9.68927514e+00   3.00018991e+00  -3.00505862e+00  -3.48412450e+00
  -5.37441353e+00  -1.27228038e+01  -1.22175852e+01  -5.31049108e+00
   5.82210984e+00   8.70660202e+00   2.74344063e-01   2.83795402e+00
   1.90495196e+00   1.31634281e+00  -5.33231041e+00  -1.50903094e+01
  -1.84471194e+01  -1.64362541e+01  -1.44826807e+01  -1.56833053e+01
  -1.89648616e+01  -1.94402120e+01  -1.42999356e+01  -9.35095285e+00
  -1.33940855e+01  -1.43008777e+01  -1.15498688e+01  -1.20913506e+01
  -8.74725714e+00  -1.01797846e+01  -9.57305245e+00  -1.47364232e+01
  -1.59405453e+01  -1.13088298e+01  -1.23175801e+01  -1.09317515e+01
  -6.61083038e+00  -7.57292813e+00  -1.29292664e+01  -1.65258190e+01
  -1.52667587e+01  -1.20684432e+01  -1.68272287e+01  -1.26683621e+01
  -9.43285633e+00  -6.84255739e+00  -1.61300095e+00  -3.66400739e+00
  -4.88625815e+00  -3.98233952e+00   3.16177856e+00   4.08540580e+00
  -3.06054207e-01   6.39613541e-01   9.80547624e+00   1.41951819e+01
   1.60687882e+01   1.07503865e+01   3.76146188e+00   2.43528387e+00
   5.11792444e-01  -6.17680271e+00  -1.13734643e+01  -2.16779259e+01
  -1.55966157e+01  -3.80405732e-01  -4.31622185e+00  -9.64420291e-01
   8.31022438e+00   6.78387192e+00   8.63013394e+00   7.37403487e+00
  -2.01766397e+00  -9.02223720e+00  -1.14597765e+01  -1.24320139e+01
  -1.61315348e+01  -1.44166212e+01  -1.26025745e+01  -1.81696285e+01
  -2.72752558e+01  -2.30028342e+01  -1.59141597e+01  -1.69850599e+01
  -1.39753149e+01  -1.12075072e+01  -9.94102365e+00  -9.42659207e+00
  -1.15571277e+01  -1.52581412e+01  -1.06503293e+01  -3.55265678e+00
   1.74077108e+00   2.15608735e+00   3.97120512e+00   4.59552802e+00
   5.27113536e+00  -2.47727491e+00  -2.51659666e+00   3.92324560e+00
   2.97760311e+00  -3.15288443e+00  -4.73101226e+00  -2.03916426e+00
  -2.99152529e+00  -4.98771758e+00  -1.02857814e+01  -4.36768130e-01
   1.08308449e+00   1.20514234e+00   1.01057380e+00  -2.25890649e+00
  -3.32781755e-01  -5.03525758e+00  -9.06134626e+00  -1.26053178e+01
  -1.16731958e+01  -1.37810988e+01  -1.39190252e+01  -1.34126215e+01
  -7.41590121e+00  -3.22128900e+00  -6.20214188e+00  -6.37638777e+00
  -4.53668292e+00  -3.41634948e+00  -9.17066794e-01   6.53193269e-01
   7.67658184e-01  -7.17359631e+00  -8.01199031e+00  -6.81800563e+00
  -1.26478445e+01  -1.34195899e+01  -5.54080417e+00  -5.19626782e+00
  -6.84202917e+00  -5.61088440e+00  -4.06119310e+00  -5.32679801e+00
  -4.71697542e+00   2.75687191e+00   8.93293196e+00   1.25664311e+01
   1.31370563e+01   1.26431750e+01   9.72874630e+00   8.86286449e+00
   4.35800504e+00  -3.28161175e+00  -8.84376663e+00  -7.56632053e+00
  -1.10417866e+00   5.85821916e+00   5.98724017e+00   9.06841657e+00
   1.49762374e+01   1.76042058e+01   1.03253010e+01  -2.81940125e+00
  -5.24107516e+00  -1.11591794e+01  -8.73406411e+00  -8.87840880e+00
  -9.46092959e+00  -1.02460322e+01  -5.99858875e+00  -1.56304759e+00
   1.94003718e+00   9.70449935e-01  -9.91936450e-01  -3.04378375e+00
  -5.59099612e+00  -4.65247185e+00  -3.78353437e+00  -1.17688162e+00
  -1.83284337e+00  -4.92189478e+00  -3.44227074e+00  -6.87697683e+00
  -1.12514694e+01  -9.08525190e+00  -9.21294894e+00  -1.09677751e+01
  -9.69743972e+00  -1.27363805e+01  -1.10931153e+01  -1.10032860e+01
  -1.56451348e+01  -1.40877802e+01  -1.41785442e+01  -1.01453066e+01
  -1.16017260e+01  -6.16123426e+00  -7.49400055e+00  -7.03630717e+00
  -4.97149511e+00   1.40586084e+00   7.18228923e+00   9.03277230e-01
  -5.98572980e+00   5.74635208e-01   1.12565868e+00   1.53695566e-01
   1.47971848e+00   6.73728524e+00  -3.34367502e+00  -5.75630232e+00
   2.11157314e+00   5.10314610e+00   3.02104577e+00   4.24500871e+00
  -5.30507997e+00  -1.33910460e+01  -5.58043083e+00   3.20611328e+00
   9.71415542e+00  -1.46101963e+00  -3.54423000e+00  -3.12594765e+00
   6.15657785e+00   1.28511473e+01   1.60249480e+01   1.31050887e+01
   5.72493647e+00   6.73241471e+00   5.91220856e+00  -9.21633154e-03
  -8.90190290e+00  -6.14185570e+00   4.59840371e+00   7.49265866e+00
   1.06582812e+01   1.23175342e+01   1.26594302e+01   1.07348817e+01
   7.57643605e+00   5.12736872e+00   4.98854891e+00   4.87922491e+00
   5.11879831e+00   5.02747768e-01  -5.21074096e+00  -4.88433097e+00
  -2.46464213e+00  -7.33419933e+00  -1.35798874e+01  -1.51354524e+01
  -8.59631784e+00   3.66939168e+00   1.49680718e+01   1.53936471e+01
   1.55441234e+01   8.61245389e+00   6.85903949e+00   4.74031524e+00
   7.64268602e-01],[  2.39808173e-14   2.39808173e-14  -1.47044392e-01   1.10505370e+01
   1.03786665e+01  -2.55761911e+00  -1.00583968e+01  -9.54607119e+00
  -1.28656356e+01  -1.19548025e+01  -1.16282974e+01  -1.46650383e+01
  -6.97877716e+00  -9.84993932e-02  -9.09554454e+00  -5.66074690e+00
   5.72037706e+00   5.35847264e+00  -3.71960069e+00  -1.17625199e+01
  -8.56317345e+00  -2.11592655e+00  -3.72571086e+00  -9.01128378e+00
  -1.10234008e+01  -1.18256329e+01  -7.96280338e+00   2.92555181e+00
   4.46672130e+00   8.43935633e-01  -4.99484500e-01  -1.13006725e+01
  -1.40350376e+01  -1.41097030e+01  -1.42870228e+01  -1.83037628e+01
  -1.70605736e+01  -1.60942930e+01  -1.52517857e+01  -1.20639099e+01
  -4.06492770e+00  -3.05040065e+00   8.74496999e+00   2.13337004e+01
   2.31193295e+01   1.12885370e+01   1.12872061e+00   6.08523643e+00
   1.14571714e+01   1.24581810e+01   1.38770120e+01   1.16860712e+01
   1.01333816e+01   6.50956874e+00   2.09832070e+00   8.79963906e-01
  -6.25233941e-01   3.15527858e+00   1.00863493e+01   8.33516729e+00
   5.38257393e+00   1.27422380e+01   1.14379180e+01   1.31290619e+01
   1.29477905e+01   7.15997814e+00   2.66040559e+00  -5.84168694e+00
  -7.73551168e+00  -1.02845584e+01  -1.03116514e+01  -1.08861552e+01
  -9.27834239e+00  -6.58325971e+00   5.66711857e+00   1.28085354e+01
   4.09935065e+00   2.08824424e+00   4.53118777e+00   9.05300283e+00
   9.72409086e+00   1.44880919e+01   1.80582356e+01   1.54328103e+01
   1.14953067e+01   5.30814135e+00   3.31011774e+00   8.50725570e-01
   2.52820746e+00   4.65809996e+00   8.80255564e-01  -2.35274943e-01
  -4.12406564e+00  -6.33749663e+00  -1.15555963e+01  -9.66142108e+00
  -1.75854433e+00   5.77789661e+00   1.34814974e+01   1.68079644e+01
   2.17147509e+01   1.50809152e+01   1.19605364e+01   1.14837135e+01
   1.02475770e+01   1.15045278e+01   5.47745047e+00   5.09893940e+00
   9.66695359e+00   6.32763194e+00   1.78687456e-01   4.21368096e+00
   6.06916414e-01   6.09019500e+00   1.32344257e+01   1.09193670e+01
   7.20134702e+00  -1.17845922e+00  -8.91810423e+00  -9.39268625e+00
  -2.67536064e+00   3.81766743e-01  -2.20071255e+00  -2.70732953e+00
  -2.57263536e+00  -3.04016879e+00  -3.08932021e+00  -1.78025568e+00
  -2.77056005e+00  -1.75923179e+00  -1.29583280e+00  -2.80777484e+00
  -5.71924060e+00  -1.14475969e+01  -5.37524119e+00  -5.47841418e+00
  -1.45383759e+01  -1.84258787e+01  -1.35687011e+01  -1.51522331e+01
  -1.25309097e+01  -9.41879408e+00  -1.07075893e+01  -1.51291706e+01
  -1.60101213e+01  -1.05361012e+01  -4.71313138e+00  -7.41874217e+00
  -1.06877660e+01  -9.97600041e+00  -6.77036253e+00  -6.13250496e+00
  -6.33739903e+00  -4.40762450e+00  -5.66334225e+00  -4.22524988e+00
   6.46098892e-01   1.45513167e+00  -2.81523326e+00  -2.50328465e+00
   3.86422540e+00   7.82772969e+00   6.63727185e+00   3.90079996e-01
  -2.98220884e+00  -4.30881066e+00  -3.84861202e+00   2.44288583e+00
  -2.42249353e+00  -6.11695468e+00  -2.03698019e+00   3.19482073e+00
   1.33795923e+00   1.93070950e+00   4.08541802e+00   7.25745650e+00
   6.03937556e+00   7.46385870e+00   1.08153813e+01   1.23112498e+01
   1.60515615e+01   1.38179891e+01   5.73392631e+00   2.40708624e+00
   3.10494902e+00  -1.30473414e-01  -2.39205155e+00  -2.96164892e+00
  -1.46047891e+00  -1.06581421e+00   3.41019276e-01  -1.85610227e+00
  -1.45574455e+00   1.44202040e-01  -3.97222327e-01  -6.13505374e-01
  -3.90119184e+00  -3.23925653e+00  -6.84518088e+00  -1.03288455e+01
  -1.01933807e+01  -1.02400607e+01  -1.33326784e+01  -2.30696250e+01
  -2.41608380e+01  -1.38393992e+01  -1.36639298e+01  -1.38205477e+01
  -9.34802108e+00   1.16497029e+00  -2.80498951e+00  -7.17557573e+00
  -4.40300191e+00  -2.42272114e-01  -2.19284907e-01   2.65786304e+00
  -2.72783014e+00  -9.23019518e+00  -7.75209381e+00  -6.08671443e+00
  -6.35646322e+00  -8.91940562e+00  -6.60684665e+00  -1.10959350e+01
  -1.44846682e+01  -1.69730845e+01  -1.76946682e+01  -2.02115650e+01
  -2.77765054e+01  -3.17884305e+01  -3.52334291e+01  -3.32147958e+01
  -3.47010150e+01  -2.56658534e+01  -1.82889275e+01  -1.33886077e+01
  -5.47502941e+00   4.38136599e-02   4.82413859e+00   4.33559883e+00
   3.89177150e+00   7.50092904e+00   9.64240085e+00   1.12630572e+01
   9.84266964e+00  -5.75656904e-01  -1.06230132e+01  -1.99215160e+01
  -1.69952348e+01  -1.71421373e+01  -2.25476770e+01  -2.16819988e+01
  -2.14098938e+01  -1.71386423e+01  -1.58655575e+01  -1.04079988e+01
  -9.72477968e+00  -9.49889879e+00  -7.83243437e+00  -1.01070195e+01
  -8.85609365e+00],[  1.33226763e-13   1.33226763e-13  -4.04732799e-01   7.17208914e+00
   5.23876152e+00  -4.39262276e+00  -7.85801936e+00  -1.20623654e+01
  -1.68351111e+01  -1.68282688e+01  -1.19927678e+01  -1.01856257e+01
  -1.41218061e+01  -1.15695339e+01  -8.17166131e+00  -9.80919352e+00
  -2.95383032e+00  -6.41318065e+00  -7.87798207e+00  -6.81439671e+00
  -1.79322019e+00   1.96377425e+00  -1.70036159e+00  -1.01678420e+01
  -1.14908689e+01  -1.09338130e+01  -1.09412688e+01  -9.85651624e+00
  -5.87235073e+00  -6.83938569e+00  -9.09187507e+00  -6.91198259e+00
  -5.25662189e+00  -1.28146401e+01  -2.35805417e+01  -2.61465658e+01
  -2.51605389e+01  -2.22064709e+01  -1.40071353e+01  -1.14033372e+01
  -8.85610714e+00  -9.66537928e+00  -1.08111137e+01  -1.53771904e+01
  -2.10676025e+01  -2.54284172e+01  -2.54604811e+01  -1.62450108e+01
  -1.22720309e+01  -7.56744759e+00  -5.36485515e+00  -1.27568540e+01
  -1.66584191e+01  -2.24257869e+01  -2.69858521e+01  -2.59248211e+01
  -2.82744343e+01  -2.66686803e+01  -1.87846272e+01  -1.44784333e+01
  -1.56370732e+01  -1.39977578e+01  -1.17936111e+01  -1.07330765e+01
  -9.19009255e+00  -7.87358444e+00  -1.27345013e+01  -1.52417060e+01
  -1.25859651e+01  -1.95460399e+01  -1.60171883e+01  -1.33214227e+01
  -8.48475055e+00  -4.78085801e-01   1.00869660e+01   1.20170351e+01
   3.31685547e+00  -3.18272400e+00  -3.52433257e+00  -7.60080904e+00
  -6.73435032e+00  -3.49498851e+00  -5.73852462e+00  -4.03417935e+00
  -5.76674730e+00  -5.78243170e+00  -9.78051347e+00  -1.14587390e+01
  -1.16515604e+01  -1.28215292e+01  -1.97761729e+01  -2.32390019e+01
  -1.98270787e+01  -1.44885730e+01  -1.83407361e+01  -1.49631878e+01
  -1.03386334e+01  -6.99077392e+00  -1.44049333e+01  -1.55740084e+01
  -9.96674607e+00  -7.85988866e+00  -7.24181982e+00  -9.30490650e+00
  -7.26968068e+00  -7.88211633e-01   1.30889334e+00   4.08402149e+00
   9.14019423e+00   2.13955893e-01  -2.85460628e+00  -4.22292882e+00
  -5.77299170e+00  -1.89184046e+00   7.18289371e+00   5.02416005e+00
  -1.34536804e+00  -9.41836140e+00  -2.08522549e+01  -2.26531811e+01
  -2.18019953e+01  -2.08346452e+01  -2.08977161e+01  -1.99972218e+01
  -1.42442363e+01  -1.23358294e+01  -1.11457278e+01  -1.42642169e+01
  -1.61201891e+01  -1.25878460e+01  -5.58915886e+00  -3.46562485e+00
  -1.66181314e+00  -2.15766771e+00  -7.18704894e-03  -2.64496071e+00
  -6.96101252e+00  -1.14269608e+01  -1.19384806e+01  -8.94649225e+00
  -2.07844661e+00   2.03968942e+00  -1.18758760e+00  -5.37333688e+00
  -1.19111658e+01  -1.08728466e+01  -1.39335625e+01  -1.64125688e+01
  -1.80539986e+01  -1.97067667e+01  -1.85618639e+01  -1.56202189e+01
  -9.20134317e+00  -8.76536580e-01  -4.63768948e+00  -8.08704615e+00
  -9.21154428e+00  -8.38652651e+00  -8.03876989e+00  -5.36765302e+00
  -1.03313040e+00   5.16884124e+00   5.20021471e+00  -1.51030772e-01
  -1.47674090e+00  -1.33897056e+00   2.35809844e+00   6.79959221e+00
  -7.84103090e-01  -1.01911934e+01  -1.18081677e+01  -1.45403863e+01
  -1.35849572e+01  -8.05165240e+00  -1.48230120e+00   3.20811466e+00
   5.38345178e+00   5.08601231e+00   2.17099177e+00   9.49862279e-01
  -6.38062643e+00  -1.50520319e+01  -1.81296311e+01  -1.16198161e+01
  -3.03064955e+00  -3.83418300e+00  -5.51374764e+00  -5.99153221e+00
  -5.57909956e+00  -6.01872008e+00  -4.58129247e+00  -5.55391980e+00
  -2.47926462e+00  -2.51919051e+00  -6.31344729e+00  -8.40162215e+00
  -1.20157539e+01  -1.53335296e+01  -1.49048176e+01  -1.70219050e+01
  -1.32037229e+01  -8.00364106e+00  -1.30588996e+01  -1.86632609e+01
  -1.49730404e+01  -1.33713438e+01  -1.79237591e+01  -1.97596547e+01
  -1.71675732e+01  -1.31866627e+01  -5.44104788e+00  -2.72162850e+00
  -8.64416455e+00  -1.02350965e+01  -4.39612982e+00  -2.10718319e+00
  -5.64162225e-01  -3.80605114e+00  -6.34367099e+00  -5.28129932e+00
  -8.49499073e+00  -8.73978087e+00  -1.15567024e+00  -7.50222671e-01
  -1.38078535e+01  -2.64412722e+01  -2.12003287e+01  -1.90819404e+01
  -1.74379001e+01  -1.59210687e+01  -1.35057174e+01  -1.06752652e+01
  -1.40041260e+01  -1.14496854e+01  -1.07632399e+01  -1.46048406e+01
  -1.47687371e+01  -1.31676799e+01  -1.47512678e+01  -1.56398119e+01
  -1.41251344e+01  -1.24934256e+01  -1.32650824e+01  -1.19048057e+01
  -1.42772653e+01  -2.08049558e+01  -2.88568427e+01  -3.45165046e+01
  -2.47291312e+01  -2.10215802e+01  -2.26910615e+01  -1.73473100e+01
  -1.99175933e+01  -1.95863407e+01  -2.34750928e+01  -2.31687494e+01
  -2.33951202e+01  -2.17878020e+01  -1.93402323e+01  -1.85580470e+01
  -1.69367869e+01],[ -7.01660952e-14  -7.01660952e-14  -8.78391261e-02   4.07587109e+00
   5.61211832e+00  -2.02359595e+00  -5.14327256e+00  -7.56672644e+00
  -9.22177672e+00  -1.06125100e+01  -4.24072156e+00  -1.37977336e+00
  -9.47783580e+00  -1.33723506e+01  -1.07016042e+01  -1.18965232e+01
  -1.03984335e+01  -3.27589650e+00  -4.47274845e+00  -1.35378894e+01
  -1.39103006e+01  -9.34070391e+00  -7.53782224e+00  -5.15699840e+00
   2.82159513e+00   9.39529519e+00   1.40387726e+01   8.84163127e+00
   4.31697362e-02  -5.31819063e+00  -1.34296917e+01  -1.36973397e+01
  -1.28774781e+01  -1.40934382e+01  -1.78288768e+01  -1.68969647e+01
  -1.09585877e+01  -5.24348629e+00  -4.08946243e+00  -3.80589451e-01
   1.23323135e+00   3.14064350e+00  -1.77568569e+00  -1.02570748e+01
  -1.71343421e+01  -1.50334290e+01  -1.06566352e+01  -5.79327957e+00
  -1.13262380e+01  -1.29607448e+01  -1.20089668e+01  -1.57695720e+01
  -1.85254390e+01  -2.04560213e+01  -1.38695617e+01  -2.09886092e+00
   3.86893273e+00   3.38034739e+00   4.54771755e+00   1.97747070e+00
  -4.44107340e+00  -8.21757674e+00  -1.36319056e+01  -1.48550077e+01
  -1.31743842e+01  -1.56812808e+01  -2.42372981e+01  -2.65256898e+01
  -2.23092949e+01  -1.87251363e+01  -1.49970231e+01  -6.10055634e+00
   1.19476136e+01   1.54485619e+01   1.24632625e+01   8.77365332e+00
   5.96395184e+00   7.37647474e+00   2.61066286e+00  -1.01109647e+01
  -1.78061666e+01  -1.66142237e+01  -2.25078886e+01  -2.81832972e+01
  -3.48794437e+01  -3.12485984e+01  -3.09094211e+01  -3.05748132e+01
  -2.55667989e+01  -2.21803866e+01  -1.93370038e+01  -1.62820277e+01
  -8.80208893e+00  -5.11713520e+00  -9.32266670e+00  -4.84547428e+00
   1.66891524e+00   3.59725222e+00  -4.85180726e+00  -3.19713384e+00
   2.85196856e+00   7.54648516e+00   7.64580812e+00   2.99580245e-01
  -6.32347695e+00  -2.33711648e+00  -3.46974288e+00  -8.50723878e+00
  -1.31818248e+01  -1.29747577e+01  -9.49172172e+00  -3.97899721e+00
   6.17466709e+00   4.06719703e+00   4.32473778e+00   5.31583335e+00
   7.72345747e+00   3.68480484e+00   4.24311733e-01   2.93112395e+00
  -2.64453961e+00  -3.25035651e+00   1.36891685e+00   4.76875476e+00
   1.45959370e+01   1.71533651e+01   2.01741690e+01   1.47972616e+01
   7.64764389e+00   8.27186779e+00   9.90845529e+00   7.50256237e+00
   7.51498200e+00   4.26802314e+00   1.86571383e-01  -5.07169019e+00
  -1.67491440e+00  -2.12754539e+00  -3.52966696e+00   3.57443431e+00
   7.65695092e+00   1.04667964e+01   7.57567759e+00   9.58888898e+00
   5.81219545e+00   8.29702019e+00   7.42696574e+00   1.05909398e+01
   9.80841324e+00   9.74619195e+00   5.27211838e+00   5.75913559e+00
   9.85511440e+00   7.13461928e+00   2.22383151e-01  -5.91183336e+00
  -2.28939050e+00  -2.22726793e+00  -4.63297118e+00  -6.79816168e+00
   6.03332265e-01  -1.80824495e-01  -2.18889114e+00  -1.05003670e+00
   2.05255772e+00   5.67081871e+00   6.49460483e+00   4.12604453e+00
   1.19008416e+00   1.17965960e+00   4.90079957e+00   2.44471597e+00
   2.37936161e+00   5.71839245e+00   9.90278036e+00   8.78377544e+00
   5.94582373e+00   3.15848180e+00  -4.19380856e+00  -7.76097081e+00
  -1.73313399e+01  -2.03562443e+01  -1.59732057e+01  -9.80938227e+00
   8.01415021e-01   3.89189734e+00   3.82226191e+00   1.63772041e+00
   1.09280957e+00  -2.46799601e-01   3.05348100e+00   6.09749791e+00
   6.60059036e+00   9.31932404e-01  -4.78717574e-02   1.71329812e+00
  -5.40803564e-01  -3.15241620e+00  -1.86345419e+00  -7.15853255e-01
   6.31361992e+00   1.51100825e+01   1.88400474e+01   6.12465572e+00
  -1.49314821e+00  -7.21457776e+00  -1.08158792e+01  -1.65997885e+01
  -1.68849458e+01  -1.78132337e+01  -1.07103452e+01  -5.23557259e+00
  -1.10341263e+01  -1.31827212e+01  -2.90056864e+00  -4.19668323e+00
  -3.15093843e+00  -5.17474192e-02   2.61315046e+00   7.29855592e+00
   1.43635121e+01   1.05577148e+01   8.39283281e+00   4.91142502e+00
   5.02982580e+00  -1.29175079e+00   7.63016625e+00   1.17247065e+01
   1.57504041e+01   1.76919686e+01   2.27743350e+01   2.18714804e+01
   2.00419053e+01   1.56594726e+01   1.66629774e+01   1.38781009e+01
   5.78639097e+00   3.83837184e+00  -3.41908343e-01   5.58771721e-01
   4.24785569e+00   2.88569554e+00  -7.67678592e-01  -1.36605591e+00
  -4.68368807e+00  -6.65747612e+00  -1.21958325e+01  -1.42439852e+01
  -7.42628631e+00  -9.06992699e+00  -1.25042057e+01  -7.35119881e+00
  -7.97887541e-01   9.03024163e+00   1.01154507e+01   1.33666361e+01
   1.56107179e+01   1.28340393e+01   1.67044317e+01   2.33663304e+01
   2.71479590e+01],[ -8.61533067e-14  -8.61533067e-14  -6.11689004e-02   2.23772045e+00
   2.22435545e+00  -1.48645271e+00  -1.44264918e+00   1.68587366e+00
   4.76330439e+00   6.54505967e+00   7.56522214e+00   4.06423043e+00
  -1.02168944e+00  -8.72179504e+00  -1.64431639e+00  -2.66337840e+00
  -7.69326180e+00  -3.11372593e-01  -1.32795856e+00  -6.74316766e+00
  -1.01344666e+01  -1.19733413e+01  -1.21812282e+01  -7.43980158e+00
   1.64054618e+00   1.17307302e+01   1.27273970e+01   7.43323399e+00
   2.37646047e-01   1.81281614e+00  -5.97336842e+00  -1.75845765e+01
  -1.78013367e+01  -1.70111019e+01  -1.52141992e+01  -1.26870406e+01
  -9.72384523e+00  -5.13024248e+00  -7.65767456e+00   1.53746159e+00
   8.33259512e+00   1.04002253e+01   9.35187861e+00   1.19703100e+01
   8.06205766e+00  -2.48120850e+00  -6.34527004e+00  -7.30479958e+00
  -1.82155045e+01  -2.42734613e+01  -2.38542314e+01  -1.94925834e+01
  -1.78942137e+01  -1.83230692e+01  -1.63476441e+01  -1.32558301e+01
  -4.92445321e+00  -2.77040045e+00  -5.58571947e+00  -9.01524329e+00
  -1.30118185e+01  -1.27559805e+01  -1.46698615e+01  -1.02974432e+01
  -7.04488950e+00  -5.76043344e+00  -1.16201858e+01  -1.53845395e+01
  -1.87966009e+01  -1.76728554e+01  -1.54828581e+01  -7.26123071e+00
   1.26565525e+01   1.36658557e+01   2.11469524e+00  -2.12331279e+00
  -8.73433751e+00  -5.83395096e+00  -8.40369271e+00  -8.68128785e+00
  -3.45113628e+00  -7.65436293e-01  -3.95047105e+00  -4.88004260e+00
  -2.89930408e-01  -3.50925658e+00  -3.13494185e+00   6.83977711e-02
   9.56942252e+00   1.79872751e+01   2.23600198e+01   2.11738205e+01
   2.44793566e+01   2.39379694e+01   8.21286916e+00   3.29064144e+00
   1.11156601e+00  -7.83482295e+00  -2.07205905e+01  -2.30033573e+01
  -1.54179007e+01  -9.20377841e+00  -5.48639748e+00  -1.18797857e+01
  -1.56121549e+01  -5.49177941e+00  -2.29823426e+00   1.10342276e-01
  -3.13986071e-01  -5.44747173e+00  -9.31543801e+00  -1.06099216e+01
  -1.13080498e+00  -5.52547820e-01  -3.59512723e+00  -5.42747971e-01
   3.16434579e-01  -2.16606992e+00   1.49969744e+00   8.34942399e+00
   5.07590401e+00   8.84532358e+00   1.46885793e+01   1.71287168e+01
   1.95262708e+01   1.46872551e+01   1.20331393e+01   7.17581054e+00
  -1.21441412e+00  -2.00870740e+00  -6.44567573e+00  -7.85082192e+00
  -5.86768828e+00  -4.95330736e+00  -1.59804361e+00  -5.82282539e+00
   3.48634898e-02   5.69573247e+00   5.22935492e+00   6.10813939e+00
   7.39022251e-01  -3.31302940e+00  -7.70192298e+00  -2.74476452e+00
  -1.19176669e+00   2.38575796e+00   3.52884744e-01  -4.21308290e+00
  -9.14048153e+00  -1.23767202e+01  -1.52536475e+01  -1.18471815e+01
  -1.18106472e+01  -8.42174206e+00   1.57595926e+00  -1.63006992e-01
  -3.34755127e+00  -3.03428550e+00  -5.38987910e-01   4.17624547e-01
   1.00986297e+01   5.66873755e+00   3.83631307e-01  -3.71391591e+00
  -3.21813363e+00   2.67729550e+00   2.01146196e+00   9.11493383e-01
  -5.04893543e-01   2.40621797e+00   5.06338042e+00   3.57752830e+00
   1.06698440e+00  -1.09993425e+00  -4.76718241e+00  -5.31048863e+00
  -5.39978717e+00  -5.02846042e+00  -8.50540133e+00  -9.67085293e+00
  -7.26510618e+00   2.08026234e+00   9.86547980e+00   1.63121634e+01
   2.42064458e+01   2.50195403e+01   2.17820118e+01   1.68465354e+01
   1.63717082e+01   1.67612356e+01   1.64592643e+01   1.61066558e+01
   1.08606831e+01   3.73422745e+00   4.77910600e+00   9.65895581e+00
   9.62323088e+00   4.46377805e+00   1.42846270e+00  -1.09149264e+00
   2.30042676e+00   3.56026354e+00   2.24873923e+00  -1.47245712e+01
  -2.42523475e+01  -1.67134421e+01  -1.15176930e+01  -1.45455939e+01
  -1.44036572e+01  -1.37631058e+01  -1.75743887e+01  -1.40200700e+01
  -1.04782432e+01  -6.12101460e+00  -1.22244248e+00  -4.56270635e+00
  -5.56469081e+00  -2.03101661e+00   2.91540503e+00   3.07083349e+00
   6.63747914e+00   5.90847014e+00   7.78881775e+00   4.15856984e+00
   4.72239891e+00   5.86234780e+00   5.35541480e+00   4.92122597e+00
   1.26496808e+00  -3.32399246e+00   2.63598510e+00   6.04642003e+00
   9.84544352e+00   5.23709944e+00   4.01306903e+00   1.19738238e+01
   1.04582064e+01   3.87933038e+00   3.42298804e+00   7.02523731e+00
   9.50379205e+00   7.83674274e+00   6.59773960e+00   7.27770468e+00
   4.78922727e+00   2.06903930e+00   2.19082582e+00  -2.47398714e+00
  -4.20775560e+00  -8.47322066e+00  -1.49714564e+01  -1.95364070e+01
  -1.55385269e+01  -1.14664574e+01  -1.29108178e+01  -1.47238113e+01
  -1.73686715e+01  -1.01822326e+01  -6.43053203e+00  -3.64949894e+00
  -6.39063082e-01],[  3.10862447e-14   3.10862447e-14  -3.63358454e-01   1.53327764e+00
  -7.27380782e-01  -4.56590777e+00  -6.84515626e+00  -6.70343441e+00
  -6.13450681e+00  -5.85061344e+00  -3.29836510e+00  -6.81770365e+00
  -1.58266140e+01  -2.13153489e+01  -1.11457321e+01  -1.35496402e+01
  -1.79489643e+01  -1.68956024e+01  -1.17713273e+01  -4.48457279e+00
  -5.78166338e+00  -1.13975630e+01  -1.47538128e+01  -1.13339206e+01
  -6.36780553e+00   4.91444463e+00   3.49243394e+00   7.77933019e-01
  -3.51548676e+00   2.81268010e+00   6.42381925e-01  -1.15158638e+01
  -1.46693553e+01  -1.42750849e+01  -1.10652536e+01  -2.87118651e+00
  -1.73204682e+00  -3.39850302e+00  -1.71940444e+00   3.19276054e+00
   4.04021992e+00   2.44749899e+00  -2.99695211e+00   1.04101679e+00
  -7.90100861e-01  -6.95845334e+00  -8.95526574e+00  -1.15863967e+01
  -1.64208503e+01  -1.70669531e+01  -1.54018554e+01  -9.03510062e+00
  -3.39466227e+00  -8.86934546e+00  -1.51568648e+01  -1.89829854e+01
  -1.70246574e+01  -1.95441847e+01  -1.62921818e+01  -1.12616563e+01
  -9.21206854e+00  -7.19715366e+00  -6.52204497e+00  -9.52663834e+00
  -1.13895796e+01  -1.12915394e+01  -1.83651260e+01  -1.89248722e+01
  -2.18661493e+01  -1.51975839e+01  -1.01445409e+01  -2.14116519e+00
   1.11637230e+01   1.65318136e+01   9.91581537e+00   3.17018012e+00
  -1.67224687e+00  -6.76556121e+00  -9.06304302e+00  -1.50138535e+01
  -1.75085295e+01  -1.27834521e+01  -1.00211374e+01  -7.10161902e+00
   1.39646809e-01   1.90686496e+00   5.41248900e+00   1.26065903e+01
   2.20419033e+01   3.03814725e+01   3.34280740e+01   2.48974586e+01
   1.95531352e+01   1.94863650e+01   1.46145523e+01   1.50163657e+01
   1.47891709e+01   5.18429145e+00  -6.82208517e+00  -3.87756344e+00
   2.50005050e+00   6.57834367e+00   8.90850329e+00   3.82313544e+00
  -3.34344843e-01  -4.58709617e-02   1.44481777e+00   4.34228810e+00
   4.33640843e+00  -1.80550961e+00  -6.41746956e+00  -4.92877108e+00
   3.54358875e+00   4.29919608e+00  -2.91237387e+00  -6.56091177e+00
  -8.12156232e+00  -2.81413027e+00  -1.92922737e+00  -4.80220384e+00
  -1.21687346e+01  -1.35373972e+01  -1.01310060e+01  -1.06987334e+01
  -9.50832849e+00  -1.39706303e+01  -1.86883169e+01  -1.59045494e+01
  -1.27700359e+01  -8.77857554e+00  -8.57048999e+00  -4.58603833e+00
  -9.40808961e+00  -8.35381634e+00  -1.08872357e+00   2.31199177e-01
   2.83704280e+00   9.45027326e+00   9.70479610e+00   7.42033361e+00
   6.01860933e+00   2.57314818e+00  -4.77219123e+00  -8.60795504e+00
  -9.65789254e+00  -5.23973589e+00  -1.04054987e+01  -1.17228117e+01
  -9.78179133e+00  -1.47702089e+01  -1.62491336e+01  -1.55181112e+01
  -1.79280501e+01  -1.35033651e+01  -3.43820763e+00  -4.72092185e+00
  -7.55525986e+00  -1.07077063e+01  -9.39370092e+00  -6.72535123e+00
   1.26194677e+00   5.55424227e+00   6.03016857e+00   6.32251115e+00
   4.46405861e+00  -3.14464542e+00  -1.06489324e+01  -1.25208197e+01
  -1.12902839e+01  -1.37499188e+01  -1.72061626e+01  -1.53141207e+01
  -1.14218212e+01  -1.32165980e+01  -1.92389856e+01  -1.49386082e+01
  -1.04066387e+01  -7.05870939e+00  -1.08085022e+01  -1.67695161e+01
  -1.67882505e+01  -7.57296026e+00   3.72314767e+00   9.78739106e+00
   1.25480298e+01   1.24951274e+01   7.18853916e+00   1.66439747e-01
   2.55984810e-01  -9.50475321e-01  -5.95135531e+00  -8.25835508e+00
  -1.33066354e+01  -1.86333564e+01  -2.21856735e+01  -1.98499297e+01
  -1.53622047e+01  -1.26126906e+01  -1.07811265e+01  -1.28887531e+01
  -8.59268639e+00  -9.91475249e+00  -1.73704514e+01  -1.81097393e+01
  -1.64039102e+01  -1.50022517e+01  -1.11390627e+01  -7.71725366e+00
  -7.10868801e+00  -7.67141654e+00  -1.55837012e+01  -1.37071633e+01
  -5.86125315e+00  -1.08668396e+00  -3.46399119e+00  -6.06916865e+00
  -2.07213337e+00  -1.43314450e+00  -4.51402158e-04  -2.40875450e+00
  -1.00973268e+01  -1.65133231e+01  -1.04096023e+01  -1.24985559e+01
  -1.63330576e+01  -1.20166001e+01  -1.29006754e+01  -1.20075877e+01
  -1.52228176e+01  -1.83131156e+01  -1.09097842e+01  -2.58489823e+00
   9.08421789e-02  -2.74942272e-01  -9.82156135e+00  -8.04293432e+00
  -6.67367124e+00  -4.99550004e+00  -1.33073480e-01  -1.06176155e+00
  -3.12304712e+00  -6.75971380e+00  -1.35117657e+01  -1.53550344e+01
  -1.59544558e+01  -1.70553164e+01  -1.39574061e+01  -1.32841783e+01
  -1.05632932e+01  -1.13938081e+01  -1.67701395e+01  -2.45089651e+01
  -2.19429009e+01  -1.46142057e+01  -9.13690923e+00  -7.79994360e+00
  -7.01450632e+00  -5.25146835e+00  -9.77388618e+00  -1.63675800e+01
  -1.95632641e+01],[  3.64153152e-14   3.64153152e-14  -1.29909998e-01   3.38544878e+00
   4.72583950e+00   1.42888472e+00  -9.22459659e+00  -7.07390266e+00
  -1.02712174e+01  -1.25514645e+01  -9.58758991e+00  -1.24628603e+01
  -1.87229467e+01  -1.87474758e+01  -1.50700348e+01  -7.04474579e+00
  -3.31102372e+00  -8.42778525e+00  -9.03596671e+00  -1.01059850e+00
   2.59833357e+00   1.28430739e+00  -6.44749649e+00  -1.02353295e+01
  -9.26430726e+00   2.29298273e+00   9.24215400e+00   9.20637533e+00
   2.99386077e+00   5.93887197e+00   2.77470600e+00   2.83124453e+00
   1.16235016e-01   2.44192681e+00   9.50101732e+00   2.15163338e+01
   2.76045065e+01   2.20288525e+01   1.56336572e+01   1.52089495e+01
   1.85454731e+01   2.11047514e+01   2.84475021e+01   3.46762655e+01
   3.07665598e+01   1.86802591e+01   1.53354692e+01   1.11597767e+01
   4.06410323e+00   6.44499821e-01   3.35201994e+00   8.25623460e+00
   1.05444645e+01   5.88993488e+00   6.20982508e+00   9.09702810e+00
   1.16035111e+01   1.31899672e+01   1.04940324e+01   4.73041344e+00
   4.94432608e+00   1.26620885e+01   1.03975895e+01   1.07425568e+01
   1.23468596e+01   7.69683449e+00  -3.21379793e+00  -1.02013450e+01
  -1.58246602e+01  -1.28253895e+01  -5.38527054e+00   3.15992096e+00
   6.82870748e+00   9.38976812e+00   8.13272613e+00   3.77902242e+00
  -1.63307210e+00  -1.06818466e+00  -2.21722823e+00  -3.50469978e+00
   2.26332015e+00   2.61663223e+00  -2.43680042e+00  -9.89809556e+00
  -8.39230917e+00  -1.86534621e+00   9.78946700e+00   1.82257830e+01
   2.42646580e+01   3.19193914e+01   4.00518358e+01   3.50353937e+01
   2.67714225e+01   2.53514215e+01   2.62567887e+01   2.52973416e+01
   2.48033657e+01   1.26446483e+01   6.71410171e+00   7.89660651e+00
   1.37538916e+01   1.16718830e+01   6.83383381e+00   9.66825695e-01
  -5.16051098e+00  -1.39205130e+01  -1.27873281e+01  -7.59224733e+00
  -1.22080484e+01  -1.40308978e+01  -1.27308515e+01  -1.13365044e+01
  -9.27719186e+00  -5.45839666e+00  -9.71233736e+00  -1.15597230e+01
  -7.87223887e+00  -7.90141356e-01  -2.49076425e-01  -1.21959104e+00
  -2.46475617e+00  -4.21878478e+00  -4.81452928e+00  -5.59728480e+00
  -2.80254653e+00  -9.71918941e-01   1.49721731e+00   7.85425888e+00
   1.25235787e+01   1.25527743e+01   9.20351315e+00   1.06089699e+01
   6.53798967e-01  -3.12129664e+00  -2.52157807e+00   7.59178029e-01
  -2.43007143e+00  -1.50526950e+00  -3.99350658e-01   1.42534074e+00
   7.49690876e+00   1.10371288e+01   8.31056448e+00   3.58230703e+00
   3.28280268e+00   7.37885220e+00   6.27790792e+00   1.09679838e+01
   1.33416582e+01   1.26369367e+01   1.14584495e+01   1.41246212e+01
   1.66501174e+01   9.97929882e+00   5.70929809e+00   3.60547162e+00
   5.88721571e-01   2.23233328e+00   3.35672797e+00   7.26844911e+00
   9.51954979e+00   7.96932847e+00   8.25013341e+00   4.95715697e+00
  -9.65952617e-01  -2.34719492e+00  -2.65849988e+00  -6.01710832e+00
  -3.50462575e+00  -2.91379198e+00  -4.21613498e+00   2.77500627e-01
   3.58385573e+00   3.94232967e+00   2.59823020e+00   5.96896139e+00
   3.73175355e+00   3.45384511e+00   1.45873222e+00  -5.04022035e+00
  -6.89396930e+00  -5.56589184e+00   1.88454221e+00   7.04520718e-01
  -2.10772984e+00  -4.99136101e+00  -7.54075213e+00  -7.51948227e+00
  -5.15797022e+00  -7.71097425e+00  -1.15677627e+01  -1.12606770e+01
  -8.76677305e+00  -7.44373409e+00  -5.05248059e+00  -2.34542926e+00
  -3.43161510e+00  -1.99289714e+00  -1.11915821e+00  -2.60341659e+00
   5.44664172e-01  -3.52035118e-01  -1.58484675e+00  -5.38146354e-01
  -1.49308486e+00  -7.43678194e+00  -5.20560909e+00  -5.25045545e-01
  -1.92287293e+00  -7.45939396e+00  -8.19562883e+00  -9.00157250e+00
  -2.99675994e+00  -1.23694331e-01  -3.70543633e+00  -4.87713759e+00
  -3.52136531e-01   2.16994507e+00   1.38353033e+00   3.39576573e+00
   7.31696674e+00   4.49885228e+00   4.97467972e+00  -1.61526708e+00
  -3.39234942e+00  -6.51342963e+00  -1.08962728e+01  -1.06112625e+01
  -9.43156589e+00  -6.37100635e+00   2.21195717e+00   4.86225620e+00
  -1.97844316e-01  -1.08783954e+00  -7.53230377e+00  -5.67299779e+00
  -4.52140709e+00   3.89215239e+00   9.98920563e+00   1.00462292e+01
   1.06712183e+01   1.41024458e+01   8.82612343e+00   7.20055566e+00
   6.22027184e+00   5.22899312e+00  -2.27081064e-02  -5.23460385e+00
  -1.00543912e+01  -9.04269899e+00  -9.33951507e+00  -5.73135125e+00
   3.77048238e+00   8.82316100e+00   9.62495283e+00   7.25008190e+00
   3.90729788e+00  -1.79688270e+00  -5.43337589e+00  -2.01483844e+00
  -1.01793512e+00]