[-761.53303835 -761.53303835 -761.53303835 -679.34628168 -625.90785867
 -617.09691359 -628.26107108 -638.68467666 -653.26875394 -667.67254336
 -672.15622582 -678.5371209  -679.43629529 -690.91173353 -698.03030399
 -701.59994662 -702.04485441 -696.51456846 -695.97874424 -699.77582924
 -697.85390362 -696.58609523 -698.27148183 -694.94864928 -686.32866724
 -696.15107422 -695.73404647 -701.15130319 -693.42010567 -689.02182766
 -683.45872477 -685.69985607 -695.45242463 -697.59445432 -694.98844539
 -696.1222969  -692.06204787 -688.79289945 -682.79388407 -689.45612455
 -691.23633258 -697.09181893 -694.69944157 -691.69179464 -683.29232137
 -678.98197615 -675.0298684  -656.8566643  -642.0085475  -630.97176814
 -627.63752379 -616.1615527  -610.07814648 -601.72350407 -589.48258102
 -581.76965055 -584.34400707 -592.38864181 -585.29093998 -581.761357
 -585.86649692 -586.96209343 -586.42423286 -587.26475259 -587.42481143
 -585.96844239 -587.37731009 -590.42688361 -584.67829815 -583.61184464
 -584.34096927 -582.6429376  -583.64373989 -584.68087605 -580.48683417
 -582.25446226 -580.73418434 -579.27380428 -585.42718998 -603.2838614
 -605.64293646 -611.87848455 -623.08362782 -638.09168779 -651.32575287
 -655.82404143 -666.09193791 -679.65202037 -691.08589622 -693.28825871
 -697.00871981 -704.40442072 -713.37541837 -711.38273993 -704.77537705
 -702.98191385 -706.11376216 -672.75185113 -636.08359654 -609.04070916
 -600.79318751 -595.94072806 -582.94763852 -565.88460231 -536.46580149
 -491.55873124 -473.47242816 -461.7377686  -461.10782754 -450.82540884
 -452.99800779 -451.70086043 -456.23553111 -458.33174929 -482.96413854
 -526.75239083 -568.44605387 -567.1435948  -517.41009432 -483.69929765
 -487.1065492  -497.71051067 -511.70678276 -520.31605052 -525.70411561
 -530.48472846 -535.87936813 -531.42794003 -518.60545568 -493.52650369
 -481.43300311 -477.93730912 -460.61794373 -433.59588794 -414.015648
 -387.99831482 -373.56207459 -382.62589103 -393.49413391 -394.6348915
 -381.99487838 -370.78422932 -363.42805473 -365.24062456 -365.14886209
 -377.0656902  -389.90794701 -407.98922497 -445.75993513 -442.99001239
 -406.47981405 -387.03952809 -375.26504792 -364.28362466 -361.95555635
 -358.375733   -347.42382344 -329.33869405 -334.47281278 -358.39665746
 -375.44750019 -377.55707134 -390.16463215 -402.51142561 -407.87082194
 -394.0691841  -384.23608434 -374.65074754 -370.80868782 -364.78617465
 -358.64166264 -365.717825   -383.9170198  -393.02160195 -384.62586869
 -368.60929668 -344.51492564 -357.10584234 -418.22684805 -508.22673535
 -456.33433886 -412.24820045 -404.84519693 -416.6735104  -428.51090822
 -441.99376979 -465.26932047 -481.74134605 -513.86606939 -536.82732187
 -556.9247814  -566.85876025 -576.21724096 -562.6054928  -536.8827344
 -507.94038533 -491.78871234 -472.57303986 -462.93784241 -472.16773562
 -496.18629638 -503.16105483 -502.50610907 -446.45433029 -396.98454699
 -389.2332466  -389.78507188 -394.41518598 -403.48045533 -409.95942173
 -413.74124746 -414.94644899 -412.21575887 -410.45790293 -416.4247464
 -423.38227135 -448.5753173  -477.38026515 -486.11112968 -489.19566377
 -500.99140341 -519.87030615 -544.55386664 -566.94687293 -587.4386694
 -605.22089636 -615.51894256 -609.71057194 -584.43208809 -556.32859465
 -538.88265004 -521.14154678 -499.12576907 -478.04230541 -461.83636299
 -443.854314   -429.54141021 -419.24150444 -423.6688023  -427.43670217
 -432.1925671  -432.73049267 -442.92060537 -450.70928959 -454.03914275
 -436.33590688 -427.22254687 -415.64133201 -404.05198427 -391.32623196
 -386.95425173 -386.20676301 -395.14316123 -415.91322863 -447.39373161
 -498.58244286 -530.47300451 -525.89235824 -528.21249184 -492.1269902
 -467.44591289],[  3.55271368e-15   3.55271368e-15   3.55271368e-15   9.44227844e+01
   1.39987136e+02   1.46619731e+02   1.35914914e+02   1.28184778e+02
   1.14520952e+02   1.00355297e+02   9.80332125e+01   9.51502452e+01
   9.36909383e+01   8.07623530e+01   7.70364240e+01   7.32002784e+01
   7.17515533e+01   7.91540055e+01   7.83860058e+01   7.41602383e+01
   7.59653943e+01   7.71039175e+01   7.58122388e+01   7.70081372e+01
   8.66338997e+01   7.66853819e+01   7.69060264e+01   6.92204278e+01
   7.67013839e+01   7.87266921e+01   8.44723218e+01   8.23708953e+01
   7.29954150e+01   6.94083370e+01   7.11900327e+01   7.17753927e+01
   7.65138532e+01   8.06891514e+01   8.82676388e+01   8.32587056e+01
   8.18779566e+01   7.51903049e+01   7.68251359e+01   7.93958243e+01
   8.36229344e+01   8.10277232e+01   7.70846872e+01   8.76779884e+01
   9.09338370e+01   9.03646220e+01   8.36760739e+01   9.12899454e+01
   9.14045464e+01   9.08532079e+01   9.49672382e+01   9.95091279e+01
   9.82004161e+01   9.19331472e+01   9.63447866e+01   1.00075335e+02
   9.70280037e+01   9.62611650e+01   9.57463416e+01   9.53513271e+01
   9.60981813e+01   9.72565317e+01   9.64510363e+01   9.34650368e+01
   9.65875121e+01   9.68729446e+01   9.58903895e+01   9.79606617e+01
   9.63581501e+01   9.41813338e+01   1.00189559e+02   9.96750349e+01
   1.04374259e+02   1.09354680e+02   1.12876597e+02   1.02736294e+02
   1.04904251e+02   1.04551334e+02   1.02860677e+02   9.74044274e+01
   9.28571666e+01   9.34423722e+01   8.80681961e+01   8.17854727e+01
   7.82129757e+01   7.67768064e+01   7.37327207e+01   6.57542161e+01
   5.67701950e+01   5.98947232e+01   6.56669420e+01   6.82042565e+01
   6.66098741e+01   1.03039225e+02   1.34272944e+02   1.52872815e+02
   1.56086157e+02   1.52416360e+02   1.56204000e+02   1.63741818e+02
   1.68293206e+02   1.65179448e+02   1.50754009e+02   1.44809325e+02
   1.39081432e+02   1.47329716e+02   1.44830694e+02   1.47228128e+02
   1.53910700e+02   1.62826187e+02   1.71365551e+02   1.71463487e+02
   1.54568402e+02   1.41862210e+02   1.44197983e+02   1.52833612e+02
   1.34620725e+02   1.15592125e+02   1.04564770e+02   1.04350267e+02
   1.08844648e+02   1.15077345e+02   1.18002324e+02   1.19134732e+02
   1.17599925e+02   1.07952952e+02   9.68273040e+01   9.24878419e+01
   1.02214999e+02   1.10367932e+02   9.86913878e+01   7.35460487e+01
   4.84257470e+01   2.73855232e+01   1.76266570e+01   1.24339179e+01
   1.80026296e+01   1.90570387e+01   2.86911646e+01   4.67798871e+01
   8.94047920e+01   1.26441757e+02   1.44047931e+02   1.56460496e+02
   1.60237967e+02   1.70622612e+02   1.98953421e+02   2.19742034e+02
   2.33985705e+02   2.34151449e+02   2.29818822e+02   2.28185586e+02
   2.25489178e+02   2.19167659e+02   1.97814458e+02   1.78140663e+02
   1.65647457e+02   1.67892520e+02   1.70299188e+02   1.75223545e+02
   1.81170174e+02   1.77385153e+02   1.69411755e+02   1.67528326e+02
   1.52192024e+02   1.27001508e+02   9.23253349e+01   5.22310379e+01
   1.75223638e+01  -1.13942246e+00  -7.69739418e+00   4.37530341e+00
   5.20669155e+01   9.10350894e+01   9.79384317e+01   6.05130118e+01
   9.53627441e+01   1.20123813e+02   1.38067355e+02   1.61437689e+02
   1.81041217e+02   1.91180056e+02   1.98360751e+02   2.08547834e+02
   2.13333216e+02   2.04760801e+02   1.95314211e+02   1.94989895e+02
   1.91052271e+02   1.95355588e+02   2.04914940e+02   2.10964935e+02
   2.07416159e+02   1.96740324e+02   1.86342326e+02   1.84732624e+02
   1.67772816e+02   1.32496580e+02   1.01627621e+02   6.54942089e+01
   4.68738545e+01   3.70191988e+01   2.10493731e+01   5.87425311e+00
  -4.37384611e+00  -6.64540707e+00  -1.02423314e+01  -7.80886134e+00
   3.49192514e+00   1.63707216e+01   3.50969534e+01   7.28671337e+01
   9.81762040e+01   1.12235876e+02   1.25174523e+02   1.39046675e+02
   1.50881932e+02   1.59112747e+02   1.66070111e+02   1.70659173e+02
   1.70859219e+02   1.63922479e+02   1.54663380e+02   1.52786346e+02
   1.71817037e+02   1.86775839e+02   1.85585763e+02   1.92893757e+02
   2.07492521e+02   2.12618918e+02   2.07376902e+02   2.11079269e+02
   2.12045727e+02   2.10515976e+02   2.02970544e+02   2.02321766e+02
   1.97085551e+02   1.95576470e+02   1.82442555e+02   1.75549885e+02
   1.73753323e+02   1.88579590e+02   1.99064373e+02   2.13348915e+02
   2.32996733e+02   2.44729221e+02   2.42231925e+02   2.40610042e+02
   2.37931698e+02   2.26487065e+02   2.09506225e+02   1.86396215e+02
   1.69167835e+02   1.39251818e+02   1.06166632e+02   7.45822504e+01
   6.10628520e+01],[  5.32907052e-14   5.32907052e-14   5.32907052e-14   4.94451944e+01
   4.60314681e+01   4.43499532e+01   4.18900020e+01   4.44465113e+01
   4.32209606e+01   4.01394928e+01   4.32995979e+01   5.05875944e+01
   4.88192032e+01   4.36122371e+01   5.00427125e+01   4.91236755e+01
   4.63616434e+01   5.30516316e+01   4.98464656e+01   4.67203988e+01
   4.63087293e+01   4.71898459e+01   4.71061450e+01   4.24564092e+01
   4.76507807e+01   4.57192132e+01   4.36199763e+01   3.72952170e+01
   3.99756314e+01   3.54458469e+01   3.58386016e+01   3.59052175e+01
   3.36313995e+01   3.00293292e+01   2.94623895e+01   3.20419829e+01
   3.53288247e+01   3.90522275e+01   4.44765177e+01   4.61756981e+01
   4.69811478e+01   4.35330091e+01   4.18307191e+01   4.13793375e+01
   3.57479720e+01   2.62603189e+01   1.90290527e+01   1.78193885e+01
   1.04824567e+01  -1.41371511e+00  -1.29297922e+01  -1.23325534e+01
  -1.49784047e+01  -2.27247079e+01  -2.46234492e+01  -1.88192367e+01
  -1.29892429e+01  -1.48545661e+01  -1.68682715e+01  -1.45802576e+01
  -1.44831051e+01  -1.65634454e+01  -1.73237347e+01  -2.05063051e+01
  -1.79204260e+01  -1.69863769e+01  -1.97098989e+01  -2.25557406e+01
  -1.93602093e+01  -1.85059853e+01  -2.06001530e+01  -2.31449020e+01
  -2.25669026e+01  -2.55555083e+01  -2.24505443e+01  -1.93436254e+01
  -1.71990951e+01  -1.30849162e+01  -3.81224403e+00  -3.13553486e+00
   1.48626677e-01   1.52495181e+00   7.08777297e+00   1.02368128e+01
   1.54785878e+01   2.05556461e+01   2.14869857e+01   2.69700245e+01
   3.90954490e+01   4.08393556e+01   4.05771491e+01   3.91833499e+01
   3.59550959e+01   3.93875998e+01   3.96062857e+01   4.18947873e+01
   4.33931047e+01   6.32613675e+01   6.26997532e+01   5.44524943e+01
   5.07114519e+01   4.10432543e+01   3.02934455e+01   2.32048099e+01
   5.73896340e+00  -5.94532161e+00  -1.50941847e+01  -1.75887639e+01
  -2.78352688e+01  -3.19408281e+01  -3.89331436e+01  -4.89714531e+01
  -4.87647792e+01  -4.75322688e+01  -3.30370597e+01   5.30256597e+00
   2.78359718e+01   2.67274081e+01  -8.44516086e+00  -2.51889080e+01
  -3.92657864e+01  -4.48319505e+01  -4.78431520e+01  -4.56259599e+01
  -3.54981134e+01  -2.02288499e+01  -1.16423969e+01  -1.37441660e+01
  -2.53699788e+01  -3.99376926e+01  -5.35505083e+01  -5.33355188e+01
  -4.15415236e+01  -3.43332674e+01  -4.15576605e+01  -6.73407513e+01
  -8.28319102e+01  -8.40162257e+01  -8.76250071e+01  -8.83707199e+01
  -8.89086797e+01  -9.18115977e+01  -9.49743304e+01  -9.14319677e+01
  -7.26683294e+01  -6.11822962e+01  -5.23038897e+01  -4.33724221e+01
  -2.28468581e+01  -3.16931796e+01  -4.96737163e+01  -6.45271614e+01
  -7.94219816e+01  -9.23421172e+01  -1.01501898e+02  -1.10811583e+02
  -1.20318521e+02  -1.32564986e+02  -1.42178955e+02  -1.32627599e+02
  -1.29559274e+02  -1.31399591e+02  -1.27711038e+02  -1.19745284e+02
  -1.09038110e+02  -9.26350101e+01  -8.87845333e+01  -8.12581102e+01
  -6.23452066e+01  -4.26815942e+01  -2.22779084e+01  -1.39383350e+01
  -2.51005723e+01  -3.57158129e+01  -4.64097761e+01  -6.10123533e+01
  -7.04994752e+01  -6.67079450e+01  -4.61720761e+01  -3.35963401e+01
  -7.30157596e+01  -7.76860443e+01  -5.05749587e+01  -2.24978910e+01
  -1.49989337e+01  -4.99630813e+00   5.37688683e+00   1.59611959e+01
   2.87206471e+01   3.79681020e+01   5.38635467e+01   6.21004013e+01
   6.26696760e+01   6.12792214e+01   4.54872880e+01   2.07073849e+01
  -1.11339767e+00  -1.88407663e+01  -2.39251586e+01  -1.12984171e+01
   1.75476762e+01   2.92375922e+01   1.34912274e+01  -3.86660793e+01
  -6.29511760e+01  -6.93132353e+01  -8.41412648e+01  -9.01581443e+01
  -8.54747598e+01  -8.34521869e+01  -9.11223629e+01  -9.34024579e+01
  -9.33235353e+01  -9.49591541e+01  -8.93694411e+01  -6.41026290e+01
  -4.24681717e+01  -2.99430723e+01  -2.39024414e+01  -1.58197237e+01
  -7.46172836e+00   8.29513236e+00   3.37013278e+01   5.35889860e+01
   5.86513470e+01   7.12931429e+01   7.03690888e+01   6.05823112e+01
   6.09508734e+01   5.66892013e+01   3.61497572e+01   2.44627788e+01
   1.99411483e+01   1.09322907e+01  -6.41281629e+00  -1.65349309e+01
  -2.86574743e+01  -3.41680500e+01  -3.81643118e+01  -3.83471712e+01
  -4.98192407e+01  -4.77368288e+01  -4.74811599e+01  -4.43722647e+01
  -4.86058105e+01  -5.55819383e+01  -6.25984103e+01  -6.90092999e+01
  -7.53242810e+01  -7.36259143e+01  -7.62851045e+01  -7.23259751e+01
  -6.03624317e+01  -4.54868083e+01  -2.59427395e+01   1.49460899e+00
   3.33282447e+01   4.62262261e+01   4.64163188e+01   1.99530556e+01
   2.80530496e+00],[ -7.81597009e-14  -7.81597009e-14  -7.81597009e-14   1.80076601e+01
   2.81139798e+00   1.70534016e+00   1.38445669e+00   3.01817235e+00
   7.95852818e+00   1.01436949e+01   1.17805797e+01   2.02706143e+01
   1.93665774e+01   1.98345941e+01   2.84129457e+01   3.06098367e+01
   2.74053273e+01   3.29170101e+01   2.96666621e+01   2.56778757e+01
   2.31080650e+01   2.35605770e+01   2.45165309e+01   1.93880800e+01
   2.28997819e+01   2.54168581e+01   1.91482871e+01   1.62194007e+01
   1.82945655e+01   1.48854889e+01   9.80591559e+00   1.03655890e+01
   1.09960023e+01   8.81125772e+00   9.10168354e+00   9.53760195e+00
   1.17906626e+01   1.61811653e+01   1.88729947e+01   2.14650565e+01
   2.33752018e+01   2.27617459e+01   1.88188372e+01   1.65122458e+01
   1.36708463e+01   1.24865966e+01   1.64208306e+01   2.36720903e+01
   2.77650306e+01   2.65446217e+01   2.21901483e+01   2.08185619e+01
   2.76451763e+01   2.64726168e+01   3.25808974e+01   4.40944164e+01
   4.87423616e+01   4.01466641e+01   3.91613824e+01   4.37302283e+01
   4.46017348e+01   3.72724018e+01   3.30727070e+01   3.25218244e+01
   3.31289585e+01   3.39500401e+01   3.49977938e+01   3.64634940e+01
   4.10419456e+01   4.04368853e+01   3.86266672e+01   3.36477187e+01
   3.35177765e+01   3.15470956e+01   3.09979691e+01   3.31270124e+01
   3.26041463e+01   3.16544383e+01   3.11319440e+01   3.03536179e+01
   2.69027843e+01   2.55728970e+01   2.65853876e+01   1.83001653e+01
   1.71737584e+01   1.44030322e+01   9.26706467e+00   9.11211701e+00
   1.80420711e+01   2.21654484e+01   2.11456053e+01   2.54961162e+01
   2.37716084e+01   2.51213498e+01   2.40121417e+01   2.55778573e+01
   2.66352819e+01   4.21151965e+01   3.61033520e+01   2.86350445e+01
   2.97214643e+01   3.17378929e+01   2.96153192e+01   2.77855028e+01
   2.10396566e+01   2.73691175e+01   4.07333887e+01   4.94919714e+01
   4.28550196e+01   3.38311951e+01   3.00135073e+01   2.34455700e+01
   2.73176359e+01   2.49573066e+01   1.48555319e+01   2.24388596e+01
   4.42660394e+01   5.03120056e+01   5.04430668e+01   5.35671327e+01
   5.92482765e+01   6.87576105e+01   6.79211369e+01   6.81567652e+01
   7.47365239e+01   8.26644674e+01   8.55149973e+01   8.61122171e+01
   7.64973600e+01   7.25657653e+01   6.26774643e+01   5.36618754e+01
   5.54243472e+01   6.41981583e+01   7.70588710e+01   1.01269000e+02
   1.18558095e+02   1.28802764e+02   1.24582730e+02   1.23987130e+02
   1.23543118e+02   1.23202672e+02   1.20349209e+02   1.13325641e+02
   9.75693165e+01   6.90584605e+01   5.35839533e+01   4.39304185e+01
   4.68273177e+01   4.24215879e+01   2.65890279e+01   9.91869213e+00
  -5.89259469e+00  -8.86036687e+00  -1.39892883e+01  -2.03819909e+01
  -2.14635139e+01  -2.35576618e+01  -1.70420142e+01  -4.20465857e+00
  -8.07739365e-02  -5.56411866e+00  -1.79547054e+01  -2.38250417e+01
  -2.53044234e+01  -2.77178173e+01  -3.55202007e+01  -3.94142915e+01
  -3.63896257e+01  -1.55501377e+01   1.62814349e+01   3.63545909e+01
   4.15988185e+01   3.71442921e+01   4.91080394e+01   4.94497460e+01
   3.28386694e+01   1.81732208e+01   1.11479328e+01   1.77529059e+01
   7.05827858e+00   1.62043366e+01   2.29734490e+01   1.72161730e+01
   1.78973781e-01  -7.44071624e+00  -1.88882152e+01  -2.52694743e+01
  -3.30071879e+01  -2.80774130e+01  -9.70800589e+00  -6.11543509e+00
  -7.95996264e+00  -7.95999533e+00  -2.15392978e+01  -3.49592528e+01
  -3.61316965e+01  -2.39717552e+01  -7.85748077e+00   4.06905883e+00
   2.30175064e+01   5.59955361e+01   6.72791146e+01   8.90789046e+01
   1.06086568e+02   1.09761025e+02   1.07452964e+02   1.08682887e+02
   1.18579209e+02   1.17333949e+02   1.10295406e+02   1.06497660e+02
   1.06768018e+02   1.02712287e+02   9.56443820e+01   9.05380183e+01
   8.15659550e+01   7.01132036e+01   5.58680815e+01   4.31781475e+01
   1.47989654e+01  -2.55936215e+00   1.01908066e+01   2.12248389e+01
   1.48139543e+01   2.45697017e+01   3.12158199e+01   3.09296455e+01
   3.22652768e+01   2.85835342e+01   1.32744335e+01   7.44726027e+00
   1.08836149e-01  -3.43884398e+00  -1.16886245e+01  -1.34263800e+01
  -2.01170990e+01  -2.17509693e+01  -2.20848376e+01  -2.35600653e+01
  -3.48249031e+01  -3.13508975e+01  -2.23097434e+01  -1.52102647e+01
  -1.50814216e+01  -2.33482894e+01  -3.57809419e+01  -4.41559135e+01
  -4.97121300e+01  -4.71333599e+01  -3.91896958e+01  -2.84987484e+01
  -1.75841305e+01  -5.81984158e+00   8.12030266e+00   1.79653559e+01
   2.15657595e+01   3.43431775e+01   4.55531945e+01   4.34895959e+01
   3.51748632e+01],[  1.95399252e-14   1.95399252e-14   1.95399252e-14   1.19841735e+01
   1.33611437e+01   1.71350645e+01   1.50667005e+01   9.00531783e+00
   1.42800974e+01   1.60096926e+01   1.17811170e+01   1.24840792e+01
   1.47183312e+01   1.45867321e+01   1.90105016e+01   2.30473526e+01
   1.99180982e+01   2.22257312e+01   2.18594197e+01   1.75888242e+01
   1.44891557e+01   1.49711406e+01   1.72462544e+01   1.59849537e+01
   1.94461129e+01   2.01791886e+01   1.16744314e+01   1.13373286e+01
   1.39653550e+01   1.85503413e+01   1.07534912e+01   9.45422025e+00
   1.15451314e+01   9.60194145e+00   1.18771794e+01   1.08008399e+01
   1.14950997e+01   1.56943474e+01   1.55561861e+01   1.60091690e+01
   1.77298271e+01   1.95633126e+01   1.52550992e+01   1.18879891e+01
   1.61112194e+01   2.08699695e+01   2.09878835e+01   2.55645148e+01
   2.81155701e+01   2.77540895e+01   2.17577460e+01   1.38518491e+01
   1.91626280e+01   1.88916371e+01   1.72424626e+01   1.98842606e+01
   2.34306229e+01   1.50657829e+01   1.28583846e+01   1.84215868e+01
   2.24803808e+01   1.38095010e+01   4.32406677e+00   1.00446166e+01
   1.06331055e+01   1.25236730e+01   1.69018369e+01   2.31433809e+01
   2.32739728e+01   2.04841974e+01   1.95648749e+01   1.82020098e+01
   1.70896799e+01   1.72256178e+01   1.60385155e+01   1.51420595e+01
   1.38984687e+01   1.34939540e+01   1.40775226e+01   2.21376405e+01
   2.06351514e+01   2.20536020e+01   2.46447384e+01   2.09906733e+01
   2.47351837e+01   1.95570352e+01   1.56562502e+01   1.44920146e+01
   1.56661534e+01   2.00461027e+01   1.80882529e+01   2.28206067e+01
   2.03218013e+01   1.72342545e+01   1.68609790e+01   1.80979258e+01
   1.87294338e+01   3.45842530e+01   3.65871160e+01   3.92618206e+01
   3.96997889e+01   4.23433240e+01   4.92376838e+01   5.35189091e+01
   5.35620077e+01   4.32361890e+01   4.10672094e+01   3.52937236e+01
   2.92056225e+01   2.07329749e+01   2.40161984e+01   2.55359592e+01
   4.09268661e+01   5.24240411e+01   5.40220733e+01   3.82706910e+01
   4.25082877e+01   3.18234955e+01   3.27940164e+01   4.27358545e+01
   4.89132772e+01   4.86295106e+01   4.43997086e+01   4.38956579e+01
   4.49521917e+01   4.93098739e+01   4.91235082e+01   5.21483786e+01
   4.93917497e+01   4.08754044e+01   2.70530171e+01   1.37096046e+01
   7.58674486e+00  -1.01855077e-01  -1.23955207e+01  -1.13870650e+01
  -1.54222919e+01  -2.25299948e+01  -2.73914480e+01  -3.09445011e+01
  -3.62156973e+01  -4.25870439e+01  -4.27825817e+01  -3.46297553e+01
  -2.87351131e+01  -1.75166196e+01  -1.18398426e+00   8.29688336e+00
   9.57288885e+00   9.01599862e+00   5.69155958e+00   7.28251708e+00
   8.51371564e+00   8.61249601e+00   3.48148125e+00   2.85724778e+00
  -1.01851474e+00  -9.39273704e+00  -1.37915071e+01  -1.46694652e+01
  -1.28307362e+01  -1.07762486e+01  -1.02377521e+01  -8.43120390e+00
  -6.48850156e+00  -2.01949111e+01  -3.27955695e+01  -4.42949793e+01
  -4.38419120e+01  -4.98248210e+01  -6.72371197e+01  -7.51616406e+01
  -6.59222196e+01  -6.34064132e+01  -5.32424504e+01  -4.79069654e+01
  -3.80251041e+01  -2.67186364e+01  -1.83694447e+01  -1.51351642e+01
  -2.27058976e+01  -2.90682610e+01  -3.41368183e+01  -4.12604542e+01
  -3.63834618e+01  -3.67804856e+01  -4.31394755e+01  -4.53256463e+01
  -3.99493215e+01  -3.47920698e+01  -2.51730976e+01  -2.00144750e+01
  -1.68603952e+01  -2.63869189e+01  -3.52097223e+01  -3.72183324e+01
  -2.11349288e+01  -7.21736824e+00   3.89364328e+00   9.97747914e+00
   4.04527554e+00   1.34494202e+00   1.26108249e+00  -9.87120618e+00
  -2.24938967e+01  -2.57847373e+01  -2.87573390e+01  -3.00438573e+01
  -2.89521471e+01  -3.34076752e+01  -3.31804786e+01  -3.05244115e+01
  -2.04063085e+01  -9.42897554e+00   6.56427047e+00   1.96230107e+01
   2.42656957e+01   3.37904260e+01   4.34372202e+01   4.92770043e+01
   4.00224761e+01   1.40204478e+01   7.94271825e+00   8.48218546e+00
   2.61143994e+00   3.81872795e+00   1.18819120e+01   1.82724819e+01
   1.58983195e+01   9.50124612e+00  -2.01728141e+00   9.10946597e-01
  -1.15185753e+00  -7.24830336e+00  -1.46020682e+01  -1.64498036e+01
  -2.37467402e+01  -3.04276588e+01  -3.37879780e+01  -3.41397055e+01
  -4.33393342e+01  -3.55797974e+01  -2.62170644e+01  -2.17866219e+01
  -1.93345152e+01  -2.21715434e+01  -2.78609562e+01  -3.18275684e+01
  -2.28488318e+01  -8.33321710e+00  -1.39955521e+00   1.62223079e+00
   7.22550515e+00   1.04465525e+01   1.76285051e+01   1.98684811e+01
   1.03139345e+01   6.73896145e-01  -5.16370896e+00  -1.78551792e+01
  -3.04603388e+01],[ -3.73034936e-14  -3.73034936e-14  -3.73034936e-14   1.31063551e+01
   2.10080904e+01   2.55407853e+01   2.49585477e+01   1.71810151e+01
   2.18614475e+01   2.29991740e+01   1.57656532e+01   1.09441798e+01
   1.67219748e+01   1.43658408e+01   1.56662925e+01   1.96492530e+01
   1.69511463e+01   1.48815929e+01   1.81305278e+01   1.60140779e+01
   1.40589783e+01   1.66433417e+01   1.95276772e+01   1.97304510e+01
   2.05325862e+01   1.87915497e+01   1.19839615e+01   1.18510782e+01
   1.43197441e+01   2.24125652e+01   1.44347398e+01   1.32958160e+01
   1.84041940e+01   1.46057487e+01   1.69518973e+01   1.81533512e+01
   1.83789337e+01   1.88562408e+01   1.67234445e+01   1.73985006e+01
   1.95567065e+01   2.33061542e+01   2.02979558e+01   1.66756826e+01
   1.92362551e+01   2.19267805e+01   1.22143073e+01   7.32950634e+00
   9.01255246e+00   8.03621888e+00   6.06182933e+00   1.06506881e+00
   2.78135061e+00   5.51600625e+00  -3.70699505e+00  -5.13281307e+00
   1.87051260e+00   4.45210561e+00   3.00933727e+00   3.60090702e+00
   6.74319770e+00   3.95168369e+00  -4.21732635e+00  -3.05741889e+00
   9.92285618e-01   3.72675313e+00   6.82280357e-01   4.48034246e+00
   5.66892637e+00   5.88674228e+00   4.76607379e+00   5.04457964e+00
   4.09527645e+00   6.51809210e+00   5.04669060e+00   4.34097606e+00
   1.07633975e-01  -6.41638036e-01   5.35619679e+00   1.44543233e+01
   1.49325164e+01   7.29550720e+00   1.41362042e+00   5.17822428e+00
   1.19015388e+01   1.37352255e+01   1.44187595e+01   1.48592991e+01
   1.59610280e+01   1.71644686e+01   1.82188198e+01   2.12831512e+01
   1.94533852e+01   1.50390893e+01   1.36587222e+01   1.43737144e+01
   1.38193766e+01   2.46161065e+01   2.31227611e+01   2.34990962e+01
   2.02627739e+01   1.54878303e+01   1.79071109e+01   1.84862329e+01
   2.65955806e+01   2.81126868e+01   1.69241914e+01   6.97468020e+00
   2.35241205e-01  -6.56958044e+00  -3.23435891e+00  -4.66152555e+00
   4.46691642e+00   1.75223137e+01   2.94524725e+01   1.80811645e+01
   5.38405844e+00   1.23027920e+01   1.85585134e+01   2.39278439e+01
   2.03850729e+01   1.23428301e+01   3.39719045e+00  -2.37040205e+00
  -1.17004879e+01  -8.91337096e+00  -1.20058831e+01  -1.10052180e+01
  -1.90874203e+00   1.10618703e+01   1.53028181e+01   2.28430360e+01
   3.17205880e+01   3.42289688e+01   2.78454401e+01   2.54917122e+01
   2.69043423e+01   2.40932129e+01   2.27620007e+01   1.88740739e+01
   1.44492020e+01   1.64458973e+01   1.53446290e+01   1.53723497e+01
   7.07484059e+00   6.87447881e+00   1.95968275e+01   2.54224882e+01
   1.53207132e+01  -1.09595752e+00  -2.10212851e+01  -3.70558004e+01
  -5.16609368e+01  -5.36705589e+01  -5.14845978e+01  -4.32396645e+01
  -3.46222865e+01  -1.92408357e+01  -1.37717681e+01  -1.28044206e+01
  -9.85592469e+00  -1.45285545e+01  -1.15875134e+01  -1.15354516e+01
  -1.08135538e+01   9.21253140e-01   5.27627249e+00   5.52347235e+00
   2.38313873e+00  -6.71311662e+00   3.16070085e+00   1.77473105e+01
   2.70435751e+01   2.92930890e+01   3.39116133e+01   2.61526873e+01
   2.51598782e+01   2.72452750e+01   2.87536956e+01   2.60025560e+01
   1.50445798e+01   2.35170105e+01   2.25187832e+01   1.46922095e+01
   1.96427248e+01   2.19851801e+01   1.78859169e+01   3.26975353e+00
  -6.41790703e+00  -1.06407585e+01  -8.62847371e+00  -6.12392641e+00
  -8.56850895e+00  -2.08123786e+01  -2.45172324e+01  -2.08580932e+01
  -3.15793768e+00   1.30736384e+01   2.36011047e+01   2.29422238e+01
   2.96409911e+01   2.89978127e+01   2.87487978e+01   2.04874723e+01
   1.88699306e+01   1.56398048e+01   1.77022368e+01   2.00549191e+01
   2.33830553e+01   1.83504089e+01   1.33378840e+01   1.27350541e+01
   1.57028978e+01   1.98419795e+01   2.95749550e+01   2.96347530e+01
   1.85994862e+01   1.16562366e+01   2.00831425e+01   2.64599210e+01
   2.97457619e+01   1.77663699e+01   1.92261955e+00  -5.44392651e+00
  -4.54576357e+00  -8.99287753e+00  -5.28245063e+00  -1.82312799e+00
  -1.28557117e+01  -2.33005958e+01  -3.59085659e+01  -3.58927816e+01
  -3.08488109e+01  -2.44722142e+01  -1.87692441e+01  -1.66197710e+01
  -1.77526008e+01  -2.14651149e+01  -2.87988986e+01  -3.09602112e+01
  -4.22847497e+01  -3.71342086e+01  -3.29806929e+01  -2.78010719e+01
  -2.76133493e+01  -2.94594591e+01  -3.08639450e+01  -3.57931408e+01
  -3.94616547e+01  -2.84376157e+01  -2.73565118e+01  -3.08392416e+01
  -2.25226583e+01  -1.58867379e+01  -4.82488079e+00   1.04654299e+01
   2.84211094e+01   2.88337205e+01   3.23287050e+01   3.75628772e+01
   3.64402216e+01],[  3.73034936e-14   3.73034936e-14   3.73034936e-14   4.29534183e+00
   4.78082507e+00   9.09193819e+00   1.28782365e+01   8.40817767e+00
   1.08040525e+01   1.32804562e+01   7.24666833e+00   5.12019417e+00
   1.18295918e+01   1.04714162e+01   1.15208096e+01   1.46649415e+01
   1.38970802e+01   1.03557403e+01   1.47260461e+01   1.56402391e+01
   1.49439165e+01   1.63986389e+01   1.99710409e+01   1.91137957e+01
   1.51008883e+01   1.48208513e+01   1.12225535e+01   1.12480455e+01
   1.45091757e+01   1.77888547e+01   1.09050973e+01   1.47015542e+01
   2.19265198e+01   1.67701757e+01   1.70106833e+01   1.98847956e+01
   2.19266052e+01   1.92357213e+01   1.58062560e+01   1.73033740e+01
   2.08719132e+01   2.41562293e+01   2.36084967e+01   2.19113878e+01
   1.73729398e+01   1.88684921e+01   1.22901377e+01   7.86800159e+00
   1.40720388e+01   1.82089962e+01   1.73519354e+01   1.60755225e+01
   2.24269457e+01   2.62288708e+01   2.10494340e+01   2.02439585e+01
   1.89388371e+01   1.84237856e+01   2.16264270e+01   2.02652391e+01
   1.94773624e+01   2.30103213e+01   1.91105807e+01   1.67293546e+01
   1.91769653e+01   1.90077383e+01   1.77133185e+01   2.50625362e+01
   2.10558712e+01   1.87535528e+01   2.01615753e+01   2.04819315e+01
   1.66295826e+01   2.07305912e+01   2.16766842e+01   1.98359143e+01
   1.93386320e+01   1.39435339e+01   2.02749409e+01   2.49346806e+01
   2.25084520e+01   1.54360007e+01   8.78670384e+00   8.74387949e+00
   1.10273748e+01   1.66362173e+01   1.67560696e+01   1.30506329e+01
   1.47304874e+01   1.25798127e+01   1.77426800e+01   2.04888541e+01
   2.11671820e+01   1.94995671e+01   1.57528995e+01   1.36700168e+01
   9.76162640e+00   1.44055662e+01   7.90246606e+00   2.68973567e+00
   1.87509802e+00   3.28965534e+00   4.02361185e+00   1.77846054e+00
  -5.98856347e+00  -2.93592634e+01  -4.52715489e+01  -4.91293216e+01
  -5.16358542e+01  -5.23531915e+01  -5.38801413e+01  -6.23738114e+01
  -5.46108373e+01  -4.52564793e+01  -2.51721537e+01  -1.13616063e+01
  -7.67962056e+00  -1.37728446e+00   6.62964771e+00   2.89705208e+00
  -1.47509566e+01  -2.69747667e+01  -3.12580451e+01  -2.25369353e+01
  -2.38637782e+01  -1.98521625e+01  -1.55440569e+01  -1.37621567e+01
  -1.54636992e+01  -2.56991078e+01  -3.52908717e+01  -3.54423405e+01
  -2.55756827e+01  -2.56384337e+01  -3.02337904e+01  -3.20067838e+01
  -2.74035204e+01  -2.75776615e+01  -2.28661674e+01  -2.14704766e+01
  -2.22409231e+01  -2.15186501e+01  -1.73277917e+01  -1.89705345e+01
  -2.70783551e+01  -2.71519219e+01  -2.59512767e+01  -1.68677441e+01
  -1.17049784e+01  -7.34412999e+00  -2.12795890e+01  -3.33374655e+01
  -4.20403065e+01  -3.77064947e+01  -2.57541670e+01  -1.20486238e+01
   7.76853015e-01   7.37923092e+00   1.34934517e+01   1.54524186e+01
   1.97461915e+01   1.26120487e+01   1.26129007e+01   1.54120121e+01
   1.81628719e+01   7.96662798e+00   2.36160338e-03  -8.22001911e+00
  -1.05397134e+01  -1.57076777e+01  -1.35597649e+01  -1.07548685e+01
  -1.16001690e+01  -1.21448325e+01  -1.20876695e+01  -1.67082055e+01
  -2.33948910e+01  -2.90523797e+01  -2.36652086e+01  -6.66368462e+00
   3.36180569e+00   2.05429260e+00  -4.34671175e+00  -8.22392409e+00
  -6.43687218e+00   2.71378272e+00   1.00446316e+01   1.04790852e+01
   1.18148864e+01   1.06903776e+00   1.34659510e+00   4.11773800e+00
  -3.83337377e+00  -1.61077188e+01  -2.05078802e+01  -1.14387252e+01
  -1.13122358e-01  -1.01283426e+00  -8.75198282e+00  -1.51827075e+01
  -7.75868116e+00  -8.62362442e+00  -8.22900456e+00  -1.23896943e+01
  -1.64840411e+01  -1.21661118e+01  -8.67845165e+00  -9.38575617e+00
  -5.67061230e+00  -9.58059835e+00  -1.83649258e+01  -2.26790547e+01
  -2.12002650e+01  -1.90947946e+01  -1.95993259e+01  -1.83856195e+01
  -1.52495083e+01  -2.15333844e+01  -2.36475704e+01  -2.24702940e+01
  -1.74643159e+01  -9.52333834e+00  -6.15654351e+00  -9.47543553e+00
   1.68178008e+00  -3.97248587e+00  -1.37906187e+00  -1.56456972e+00
  -1.40192554e+01  -2.52260863e+01  -3.03377898e+01  -2.92386372e+01
  -2.24054826e+01  -1.50873755e+01  -1.29474199e+01  -1.45821502e+01
  -1.59862622e+01  -1.81687345e+01  -2.11698011e+01  -1.76802541e+01
  -1.86143498e+01  -1.64151605e+01  -1.59163738e+01  -9.57179426e+00
  -3.65635490e+00  -2.40590074e-02   3.64874446e+00   6.35283523e+00
  -1.51624541e+00  -6.70940241e+00  -6.44991196e+00  -9.43874630e+00
  -6.17682627e+00  -9.09825278e+00  -1.69755304e+01  -9.57676513e+00
  -1.58150355e-01  -6.87206168e+00  -4.48191589e+00  -1.10520102e+00
  -5.32281705e+00],[ -7.99360578e-14  -7.99360578e-14  -7.99360578e-14  -8.50039064e+00
  -1.07563645e+01  -4.09225902e+00   2.62008515e-01  -4.22705854e+00
  -6.08697007e+00  -1.11997194e+00  -4.16499973e+00  -1.46927839e+00
   3.62227700e+00   3.93775934e+00   5.55353261e+00   8.30509095e+00
   1.07897134e+01   9.86704480e+00   1.17517907e+01   1.50478741e+01
   1.53659353e+01   1.28470035e+01   1.42560807e+01   1.33949373e+01
   7.51404567e+00   9.24403649e+00   8.22880753e+00   9.98507853e+00
   1.32373089e+01   1.25261577e+01   7.86105475e+00   1.65070437e+01
   2.34004296e+01   1.86213803e+01   1.56330320e+01   1.69587833e+01
   2.03159821e+01   2.10556206e+01   1.58758346e+01   1.59147870e+01
   1.89154766e+01   1.90946710e+01   2.06991601e+01   2.20252000e+01
   1.55668275e+01   1.78745888e+01   1.48151524e+01   1.01083775e+01
   1.14401954e+01   1.17218030e+01   5.58875492e+00   1.36721763e+00
   8.22756968e+00   1.11122475e+01   1.17855811e+01   6.51453106e+00
   1.72047597e+00  -3.73982200e+00  -2.94612568e+00  -3.10524209e+00
  -1.08282298e+00   2.88695620e+00   2.60202436e+00   3.85202998e+00
   6.31539466e+00   6.41223959e+00   5.51085234e+00   1.32809654e+01
   3.50829134e+00  -1.23646350e-02   2.51292891e+00   1.78251883e+00
   2.34979943e-02   2.69931173e+00   7.69424080e+00   5.46236553e+00
   5.44027069e+00   3.57985347e-01   3.48839811e+00   4.42714387e+00
   3.58337937e+00   5.28506093e+00   6.53348105e+00   5.73084277e+00
   1.08265050e+01   1.47145751e+01   1.46925559e+01   1.21845448e+01
   1.40597532e+01   1.36442898e+01   1.88229275e+01   2.09126350e+01
   2.53540402e+01   2.34695170e+01   1.65507818e+01   1.22646067e+01
   6.91094326e+00   7.78380475e+00   9.13623362e+00   5.03268969e+00
   2.71328486e+00   5.30213999e+00   9.29936769e+00   1.45645890e+01
   7.87158206e+00   4.00670489e+00   1.01074684e+01   1.44153553e+01
   1.15981120e+01   1.04284824e+01   6.13323909e+00  -2.54119930e+00
  -1.40767148e+00  -1.07619347e+01  -1.64006931e+01  -1.66895411e+01
  -1.13480825e+01  -1.29910901e+01  -1.34309017e+01  -9.99007709e+00
  -9.60640682e+00  -1.09359037e+01  -1.15465477e+01  -3.79414961e+00
  -7.52113161e-01   1.98356662e+00   6.73009640e+00   1.17317679e+01
   1.21262365e+01   3.77164649e+00  -8.42818490e+00  -1.19852233e+01
   4.89473097e-01   7.75580592e-01  -6.10326741e+00  -2.78531345e+00
   7.58479975e+00   7.42529159e+00   1.05147901e+01   1.04244544e+01
   1.21004483e+01   1.03497182e+01   6.43760376e+00  -2.79571003e+00
  -8.30586716e+00  -9.90977055e+00  -1.01641666e+01  -8.48759624e+00
  -1.38252526e+01  -1.11765961e+01  -2.30454917e+01  -2.41629198e+01
  -2.52042583e+01  -1.83248948e+01  -8.90171311e+00  -4.03420927e+00
  -1.60691329e+00  -4.35259236e+00  -4.85444816e+00  -4.20272953e+00
  -2.51948690e+00  -2.69304881e+00   1.47529616e+00   2.02616054e+00
   6.93492553e+00   1.74328989e+01   1.82146330e+01   1.34340512e+01
   1.95270265e+01   2.42816873e+01   1.43258405e+01   6.71867376e+00
   7.28534059e+00   1.49460619e+01   1.68895750e+01   1.14151807e+01
   8.26935534e+00   1.00645110e+00  -3.18721048e+00   9.50230016e+00
  -7.08867452e-01  -1.12085750e+01  -1.77607043e+01  -2.59607709e+01
  -3.14732081e+01  -2.78309432e+01  -2.74412074e+01  -1.96702107e+01
  -1.45372834e+01  -1.83099352e+01  -1.38934311e+01  -7.26217244e+00
  -4.37143415e+00  -1.82544792e+00  -1.26559164e+00   1.46044946e+01
   2.02233865e+01   4.52743210e+00  -9.37215798e+00  -1.49755272e+01
  -1.60083143e+01  -4.50907306e+00   6.38189738e+00   9.33981812e+00
   1.06008455e+01   2.01704143e+01   2.47976029e+01   2.98625496e+01
   2.54069380e+01   1.81021644e+01   1.17669823e+01   8.88336509e+00
   9.90772640e+00   1.37084087e+01   1.21364109e+01   9.54299979e+00
   1.37660685e+01   1.31831274e+01   1.18477411e+01   6.78066676e+00
   1.30311728e+01   2.43426552e+01   3.16540513e+01   2.01510933e+01
   1.28315195e+01   5.66847708e+00   2.65218172e+00   2.47708392e+00
  -1.07788312e+01  -1.22985213e+01   1.32177654e+00   1.14028565e+01
   1.45949194e+01   1.57288467e+01   2.52594236e+01   2.45013829e+01
   1.92994419e+01   2.04596222e+01   1.89653271e+01   1.48470916e+01
   7.91734105e+00   1.54963199e+01   2.19018511e+01   2.09712156e+01
   1.85932545e+01   1.38882193e+01   9.31418093e+00   2.81664421e+00
  -8.33770107e+00  -8.07820811e+00  -6.06451679e+00  -9.11013029e+00
  -1.54628753e+01  -2.22130741e+01  -2.81650338e+01  -2.42049732e+01
  -1.49819368e+01  -9.54044495e+00  -2.60771499e+00   1.15541128e+01
   1.17895019e+01],[  6.03961325e-14   6.03961325e-14   6.03961325e-14  -9.87416946e+00
  -7.55045432e+00  -2.33797912e+00  -2.99220637e+00  -9.13875005e+00
  -1.23865079e+01  -5.27580940e+00  -5.34971687e+00  -3.43773780e+00
  -7.19409758e-01   3.35822566e-01   1.13716358e+00   3.25108037e+00
   7.64579141e+00   9.00995600e+00   7.86367826e+00   1.23097206e+01
   1.40703350e+01   9.65910108e+00   6.03114372e+00   6.70990605e+00
   4.27216829e+00   4.73922644e+00   5.77794603e+00   8.93979290e+00
   9.56407961e+00   1.10675119e+01   9.16228233e+00   1.68981179e+01
   2.17003344e+01   1.79836816e+01   1.30071569e+01   1.26965528e+01
   1.55457764e+01   2.19209560e+01   1.56921725e+01   1.41715080e+01
   1.33434597e+01   1.05662729e+01   1.10554496e+01   1.41289877e+01
   1.37168855e+01   1.83547525e+01   1.78382551e+01   1.20604346e+01
   7.71103978e+00   7.51801404e+00   7.54591170e+00   6.09804664e+00
   8.64217099e+00   1.18532181e+01   1.64564338e+01   1.25778719e+01
   4.34107075e+00   5.13841080e+00   6.14419901e+00   4.47785394e+00
   5.55956095e+00   6.52601885e+00   3.68203978e+00   9.68755210e+00
   1.13759869e+01   1.12409154e+01   7.45026061e+00   6.42006825e+00
   4.38316184e-01   4.60122504e+00   6.78842305e+00   5.39474188e+00
   2.41603113e+00   1.46986043e+00   4.80524675e+00   4.65718000e+00
   7.36548403e+00   9.76774871e+00   1.04822328e+01   5.27414875e+00
   4.25150443e+00   3.18863796e+00   4.39134088e+00   5.53476577e+00
   9.67257848e+00   1.07649027e+01   8.29390894e+00   8.56473439e+00
   1.40535656e+01   1.72785463e+01   1.86998374e+01   2.03990315e+01
   2.85431726e+01   2.23583829e+01   1.24682812e+01   9.04033216e+00
   5.08748837e+00   6.89094012e-01   8.06009824e+00   8.70632921e+00
   3.79378325e+00  -6.22327565e+00  -9.97290482e+00  -8.28735674e+00
  -1.07314270e+01  -7.17650048e+00  -3.33253840e+00   2.88116200e-01
  -2.64104568e+00  -7.60606142e+00  -1.37348551e+01  -8.79365991e+00
   6.70674341e+00   3.24019808e+00  -8.54230378e+00  -1.35141204e+01
  -1.00883461e+01  -7.94571183e+00  -2.06054168e+01  -9.84660842e+00
   1.06501028e+01   1.75095652e+01   1.45993694e+01   9.73507936e+00
   9.78695981e+00   9.81628610e+00   7.12043042e+00   7.53158795e+00
   7.75056004e+00   1.03849838e+01   8.64854378e+00   9.51649694e+00
   9.83555114e+00   5.24504763e+00   1.27835070e+00   1.19948464e+01
   2.21110184e+01   2.30222119e+01   2.16730054e+01   1.27620705e+01
   6.94398570e+00   1.02073192e+01   8.98287968e+00   3.20735924e+00
   2.90354561e+00  -3.19339162e+00  -9.32466622e+00  -1.01279537e+01
  -1.20628454e+01  -2.99842374e+00  -1.15687835e+01  -1.17982377e+01
  -7.16425449e+00   2.96787116e+00   1.17542013e+01   1.50419580e+01
   1.74919094e+01   1.87916783e+01   1.77508538e+01   1.36819543e+01
   7.12399345e+00   4.42554476e+00   6.12960655e+00   4.79974324e+00
   1.74109275e+00   5.00517182e+00   3.39286864e+00  -3.46685347e+00
  -1.07327608e+01  -1.35669109e+01  -1.10682996e+01  -8.08658840e+00
  -5.28201254e+00  -7.14181451e+00  -9.70447021e+00  -1.45271884e+01
  -1.20588910e+01  -1.16748821e+01  -1.00673214e+01   9.81902491e-01
  -1.20918906e+01  -1.27277440e+01  -2.13047541e+01  -3.64885878e+01
  -4.61070061e+01  -4.38233543e+01  -4.29050252e+01  -3.60281446e+01
  -3.02678634e+01  -2.23997844e+01  -1.82123595e+01  -1.51312348e+01
  -7.62690628e+00   3.37728567e+00   5.59295755e+00   6.07754324e+00
  -5.69064749e+00  -2.34499189e+01  -2.91293128e+01  -1.96357603e+01
  -2.09092795e+01  -2.03269824e+01  -1.56914961e+01  -6.92308454e-01
  -4.53931500e+00  -4.09493647e+00   2.00909339e+00   3.68593253e+00
  -1.18137451e+00  -1.65393858e+00   2.15668147e+00   4.35715318e+00
   8.04740449e+00   1.34532483e+01   1.58363662e+01   7.66715619e+00
   5.24506326e+00   7.11624498e+00   4.26114674e+00  -1.11716972e+01
  -2.54636370e+01  -2.35040966e+01  -3.18756271e+00   1.10834532e+00
  -3.28478457e+00  -8.30455795e+00  -1.06648053e+01  -5.56076370e+00
  -1.41300648e+01  -1.80666453e+01  -1.59642597e+01  -6.22617421e+00
  -8.32225904e+00  -6.12932711e+00   6.39523465e+00   9.79478684e+00
   9.18443416e+00   6.46579263e+00  -5.53839590e-01  -1.00277579e+01
  -1.77950778e+01  -1.23511272e+01  -8.90251907e+00  -1.46250958e+01
  -1.93951323e+01  -2.19830987e+01  -2.60875000e+01  -3.08573186e+01
  -3.16430407e+01  -2.12146855e+01  -1.87887532e+01  -1.89003077e+01
  -1.78956290e+01  -1.61206504e+01  -9.94283471e+00  -4.35740182e+00
  -2.97948294e+00  -1.53833681e+00  -2.09902200e+00   1.15458434e+01
   1.23071538e+01],[ -2.66453526e-14  -2.66453526e-14  -2.66453526e-14   1.11705438e+00
   5.00511153e+00   2.93539523e+00  -1.10090218e+00  -4.72558883e+00
  -4.92859119e+00   2.06214209e+00   3.05380420e+00  -1.53527293e-01
  -2.55451385e-01   2.52086067e+00   1.19292069e+00   1.88844653e+00
   4.97649369e+00   5.33152518e+00   3.39711268e+00   7.54982440e+00
   1.04571752e+01   5.76259113e+00  -3.00637730e-01   2.00745933e+00
   5.07161503e+00   3.95927949e+00   6.16452720e+00   8.60797561e+00
   6.46808167e+00   1.09581758e+01   1.16257003e+01   1.45270679e+01
   1.58259709e+01   1.35519100e+01   9.97824710e+00   9.83360402e+00
   1.13697026e+01   1.70444416e+01   1.29902102e+01   1.24382458e+01
   8.03686489e+00   4.00209635e+00   1.32015525e+00   4.67904088e+00
   1.07241187e+01   1.63246677e+01   2.16385912e+01   1.99488495e+01
   1.35145864e+01   1.64828210e+01   1.70824078e+01   1.59341648e+01
   1.62446343e+01   1.76666919e+01   2.44202433e+01   2.41541611e+01
   1.08373684e+01   1.01175088e+01   1.29832709e+01   1.35103155e+01
   1.22547218e+01   1.41126195e+01   7.02939912e+00   9.57666506e+00
   8.67487849e+00   7.97989510e+00   8.56702359e+00   5.94706981e+00
   4.16432762e+00   8.59982828e+00   9.69398686e+00   8.24905004e+00
   6.74831078e+00   4.01698020e+00   2.67623891e+00   4.17844388e+00
   8.42350688e+00   1.18537426e+01   1.26941554e+01   1.17810568e+01
   9.18985063e+00   6.93268289e+00   1.05025311e+01   1.43792003e+01
   1.36440816e+01   1.20741754e+01   6.40288842e+00   5.86272855e+00
   1.36256585e+01   1.65784845e+01   1.56166961e+01   1.84093807e+01
   2.74970797e+01   2.04418701e+01   1.14592532e+01   6.56027228e+00
   2.95062282e+00  -9.22326127e+00  -1.14485509e+01  -8.72288757e+00
  -7.32167117e+00  -1.30722686e+01  -2.20022110e+01  -2.22834455e+01
  -2.76691168e+01  -3.96896510e+01  -4.27686428e+01  -3.81327862e+01
  -4.39391183e+01  -4.24565831e+01  -4.88840662e+01  -4.88394855e+01
  -3.74188038e+01  -2.87760398e+01  -2.95859319e+01  -2.64048188e+01
  -1.20184789e+01  -1.40506012e+01  -2.49701385e+01  -2.27158240e+01
  -2.39411817e+01  -3.39911176e+01  -4.34442391e+01  -4.31211956e+01
  -3.97885468e+01  -3.47644767e+01  -3.05432535e+01  -2.52504669e+01
  -2.92640399e+01  -2.96177256e+01  -2.32071071e+01  -1.69088865e+01
  -1.10738628e+01  -1.15439419e+01  -1.41057256e+01  -1.31600384e+01
  -6.78065275e+00  -3.95284012e+00  -3.98339954e+00  -5.61177979e+00
  -1.11129732e+01  -8.62429440e+00  -7.88325168e+00  -6.75150571e+00
  -7.75848780e+00  -1.10842334e+01  -1.48605288e+01  -1.44992309e+01
  -1.55290788e+01  -7.08721507e+00  -7.12435583e+00  -7.99335296e+00
  -7.89519468e-01   9.98306374e+00   1.64190413e+01   1.89291861e+01
   1.68045370e+01   6.65947369e+00   5.42624296e+00   1.84391435e+00
  -4.84572743e+00  -9.20178120e+00  -7.51251084e+00  -2.50140698e+00
  -3.02906879e+00  -2.02523011e+00  -2.84881643e+00  -5.06826408e+00
  -2.61200005e+00   1.94825397e+00   7.53593500e+00   1.67422045e+01
   1.92662589e+01   1.77117336e+01   1.70309689e+01   1.77472420e+01
   1.78074410e+01   1.49141428e+01   1.51489012e+01   2.15048251e+01
   1.85081942e+01   1.06881172e+01   5.37756223e+00  -1.01199626e+01
  -1.86682499e+01  -1.52728809e+01  -1.51199628e+01  -1.29600861e+01
  -1.36685841e+00   2.64759470e+00  -2.92675701e+00  -5.93892473e+00
  -7.21207108e+00  -3.32860466e+00  -4.75443668e+00  -2.17751800e+01
  -4.53168539e+01  -5.29110720e+01  -4.56459912e+01  -2.48218522e+01
  -1.87731424e+01  -1.81185760e+01  -1.30156680e+01  -1.20529648e+00
  -2.75146884e+00  -2.43174993e+00   4.97280332e-01  -1.85223815e-01
  -8.24897418e-01   5.54305848e+00   1.03068081e+01   9.19060423e+00
   9.55653572e+00   9.54243684e+00   4.00401534e+00  -6.42145636e+00
  -9.62669726e+00  -8.26780693e+00  -7.67450233e+00  -4.05103654e+00
  -8.77254465e+00  -2.23631868e+01  -1.97654985e+01  -1.11408680e+01
  -1.69224214e+01  -2.00342992e+01  -1.37917553e+01  -8.37511991e+00
  -6.19785996e+00  -3.68013380e+00  -9.52082089e+00  -1.81703714e+00
   2.01436868e+00   1.68317715e+00  -2.20842685e+00  -1.02739829e+01
  -1.24641430e+01  -1.40906647e+01  -1.35186919e+01  -1.24880130e+01
  -9.47323583e+00  -6.53044973e+00  -6.71281946e+00  -6.82082672e+00
  -7.72997227e+00  -4.72886028e+00  -4.06937353e+00  -3.58437355e+00
  -9.24050698e+00  -5.18105405e+00   5.47466215e+00   1.47755670e+01
   2.28428422e+01   2.16890181e+01   1.27198637e+01   6.95423338e+00
   8.35909732e+00   1.61024224e+01   1.62331395e+01   2.92753996e+01
   3.42901281e+01],[  1.24344979e-14   1.24344979e-14   1.24344979e-14   1.04619236e+01
   1.09657314e+01   5.02698912e+00   4.22089745e+00   5.36958576e+00
   7.16447952e+00   1.12455774e+01   1.08535541e+01   5.41869636e+00
   3.02849834e+00   6.26900415e+00   4.49685014e+00   4.30602215e+00
   4.41380038e+00   3.84759109e+00   1.89120285e+00   5.70627621e+00
   7.95139351e+00   3.63814456e+00  -2.18546715e+00   2.50786594e-01
   6.32245194e+00   6.47004215e+00   8.58210720e+00   9.28373184e+00
   6.37435371e+00   1.02129324e+01   1.34253394e+01   1.40958133e+01
   1.19816110e+01   1.13465242e+01   1.07306496e+01   1.07665546e+01
   8.95387384e+00   9.70433828e+00   1.01120064e+01   1.15707966e+01
   6.96957240e+00   1.83431876e+00   1.35269442e+00   5.23732845e+00
   9.84442102e+00   1.06152047e+01   1.40583906e+01   1.38461174e+01
   1.07571056e+01   8.41981097e+00   2.61787439e+00  -2.60053647e+00
  -2.22027491e+00   2.80461869e+00   9.72322378e+00   6.65445162e+00
   8.76696574e-01  -2.35209812e+00  -1.84291684e+00  -1.83851403e-01
   1.78917248e-01   2.04447475e+00  -4.06849494e+00  -5.53107782e+00
  -2.37510084e+00   1.29258736e+00  -1.03078829e+00  -2.34587138e+00
  -4.31834121e-01  -4.06184228e+00  -8.38255561e+00  -9.19268273e+00
  -1.65270954e+00  -3.22207335e+00  -5.11739752e+00  -1.15693118e+00
  -5.53332829e+00  -9.50100665e+00  -6.76933222e+00  -4.45676258e+00
  -5.87106144e+00  -6.65662354e+00   1.08416793e+00   7.38125158e+00
   8.48687827e+00   5.08919181e+00   2.14121331e+00   5.31470906e+00
   1.00034187e+01   1.25285532e+01   1.38938446e+01   1.65680731e+01
   2.14557106e+01   1.81934172e+01   1.40605611e+01   4.58242819e+00
  -4.16657215e-01  -1.87078414e+01  -3.18949114e+01  -3.26229460e+01
  -2.73495769e+01  -1.50917670e+01  -1.61794581e+01  -1.50342786e+01
  -1.34908897e+01  -1.66033212e+01  -1.30985868e+01  -7.39772521e+00
  -1.49212348e+01  -1.16431392e+01  -1.71653749e+01  -2.24969563e+01
  -2.58448676e+01  -2.05772225e+01  -2.41934925e+01  -2.40166899e+01
  -1.96773125e+01  -1.76648663e+01  -1.24485315e+01  -1.88050207e+01
  -2.86289764e+01  -3.35927337e+01  -3.50776574e+01  -3.13940632e+01
  -2.66461082e+01  -1.99983108e+01  -1.63253315e+01  -1.11839396e+01
  -1.40149283e+01  -1.97338048e+01  -1.72250964e+01  -7.87139859e+00
  -1.41716202e+00  -2.72108899e+00  -8.47148680e+00  -7.28292751e+00
  -6.36686110e+00  -1.99465242e+00   2.93645993e+00   3.37829661e+00
   1.31325518e+00  -1.36558427e+00  -2.64494719e+00   8.77540006e+00
   7.41434096e+00   1.21367581e+00   5.64272072e+00   5.51102636e+00
   3.00032525e+00  -4.07835281e+00   2.87201771e+00   9.46438729e+00
   9.52969447e+00   1.17045939e+01   8.87049701e+00  -4.54599662e-01
  -1.13468858e+01  -1.29959328e+01  -8.49379966e+00  -3.51048891e+00
  -5.31811990e+00  -7.89506354e+00  -4.50641179e+00  -2.27750526e+00
  -9.10436138e+00  -7.41230770e+00  -5.06521846e+00   1.52912876e+00
   7.94190862e-01  -3.56319154e+00  -1.66997347e+01  -1.96645210e+01
  -1.53021646e+01  -1.24060770e+01  -1.42287108e+01  -1.21803077e+01
  -8.39493835e+00  -8.64872161e+00  -7.33368124e-01   5.58886790e+00
   2.02855390e+01   2.16908224e+01   1.47947618e+01   1.00407434e+01
   1.18798904e+01   1.44559373e+01   1.00831582e+01   4.08324540e+00
   5.67980178e+00   2.96818342e+00   2.46787941e-01  -1.25677209e+00
  -3.77648016e+00  -1.63386954e+00   3.99002563e+00  -1.80474691e-01
  -7.51544405e+00   4.92004240e+00   1.82119312e+01   1.93477399e+01
  -1.01221795e+00  -8.92562170e+00  -6.54316494e+00  -3.03736875e+00
  -4.38861095e+00  -8.52188925e+00  -8.60587703e+00  -8.96082004e+00
  -1.41842608e+01  -1.13075592e+01  -1.02303928e+01  -3.55841862e+00
   2.05644603e+00   4.15206855e-01  -3.38102269e+00  -8.68552801e+00
  -8.16963516e+00  -5.16150035e+00   2.13171130e+00   1.00947744e+01
   1.66219278e+01   1.00590211e+01  -3.24568793e+00   1.20558910e+00
  -2.68011430e+00  -6.45286116e+00  -3.85774141e+00  -7.19839925e+00
  -4.53504105e+00   8.88212004e-01   4.81597115e-01   8.77149966e+00
   1.35820146e+01   1.25374105e+01   8.72071445e+00   2.10464012e+00
  -1.58514028e+00  -1.05854784e+00   3.24007797e+00  -1.33453215e+00
  -6.09367759e+00  -6.26884038e+00  -5.84718986e+00  -4.65158314e+00
  -4.93572648e+00  -3.14780708e+00  -1.40282472e+00   2.84717899e+00
  -7.07190083e-01  -2.80968055e+00   3.91467328e+00   9.51319266e+00
   5.44690338e+00   1.20619040e-01  -2.58889175e+00  -2.19337776e+00
  -3.06036531e+00  -7.57812877e+00  -1.33115945e+01  -1.55438957e+01
  -1.59944560e+01],[  0.           0.           0.           8.47107246   7.24540741
   3.94227781   7.25211308  11.82185564  11.63420315  11.77706502
  10.60127353   8.69352112   7.1160678    7.4674753    7.3032696
   7.11923553   5.45030519   7.2543584    5.13146523   9.48193511
   9.29974499   3.82559853  -0.09185432   1.29589328   6.1729061
   8.00876547  10.05526995   9.67645066   7.80128055   8.67740514
  13.4520221   17.35040082  14.03058625  14.28457253  14.39304225
  13.44912608   7.28815928   5.76492409   9.29213588  10.57832351
   8.23087977   2.04579374   9.309028    15.1292309   13.31279452
   9.5819015    7.07158961   4.89864428   3.84503109  -0.04204826
  -2.7855396   -7.0348278   -4.6397575    0.88458996   2.73390935
  -3.7213116   -2.34262985  -2.54965052  -4.1838555   -8.91481431
 -10.80079284 -10.42439555 -14.07851374 -12.1492029   -7.03051035
  -5.17689142  -6.98344802  -9.17525723  -8.72691764 -14.16771595
 -19.16373734 -19.12574118 -13.14246437 -11.8050848  -12.0568139
  -9.09663736 -12.22863271 -15.67979644  -8.80522899  -9.7473533
 -13.26773405 -13.52832706  -7.30331745  -2.02144077  -0.74545742
  -2.49384047  -2.15326516   3.72981601   4.17829085  10.15720294
  16.19037341  17.51439777  14.11926021  12.89167178  12.73989794
   3.0434442   -2.05237304 -21.5548364  -32.13637747 -33.77908349
 -31.58248834 -21.89160774 -18.75841924 -23.52506642 -28.47444489
 -29.37905119 -26.55931908 -19.86810149 -18.63379266 -13.6490951
 -19.70290351 -22.95112926 -22.46813416 -17.96479265 -20.44674408
 -17.18527007 -17.96925478 -15.13438982 -18.6655799  -28.72156347
 -27.8063943  -20.1811862  -12.80889666 -15.80161502  -8.79494659
  -2.38514373  -3.84599306  -7.86072234 -16.37864431 -24.34830279
 -31.12497222 -35.20565399 -34.0799323  -34.16540271 -33.80891858
 -27.70706581 -28.72446529 -21.79074764 -13.7209198   -6.60732644
  -9.33703831 -13.19818104 -17.09684348 -11.19970281 -16.94963263
 -18.49053983 -14.15206842 -13.1329454  -11.87574144 -13.1557269
  -0.20724054   8.2476541    9.91799782  10.14977734   6.21446379
   2.67338217  -3.27905125  -1.38916622  -2.12640495  -3.30728194
  -8.53691548  -8.32618155  -4.63813641  -0.82218543  -1.1596347
  -5.81548577  -4.08674281   0.94658921   7.18627879  14.42052489
  11.33061989   8.92154551  14.52390001  17.65300131  14.31334304
   7.18707214   0.95164478  -1.20861761  -2.66333926  -2.90632136
 -11.96814232 -19.46204344 -20.63978522 -15.03421634 -13.31165165
 -14.81528566 -23.78711746 -29.07738418 -28.78523187 -21.59760669
 -10.0859306   -4.9777919   -5.76554486  -9.98856497  -4.05041671
   2.7087821   10.3126292   25.48940681  25.18179072  12.68630885
  -5.27045181  -4.36872124  -0.34905899   4.61961218   1.0653645
  -1.32921408   1.00449325   0.2096039   -5.19221524  -2.90842719
   0.06447917  14.60320933  15.98938949   9.08080854  -2.38411137
  -6.05149645  -8.55464352 -11.7478045  -14.80737751 -14.90859665
 -14.46125877 -15.49442317 -18.80303166 -15.66466823  -8.13346863
  -6.57883091  -5.88569549 -10.33541285 -11.64068147 -12.32060522
 -12.08321985  -6.33032978  -8.12233864 -10.28028069 -12.1817413
 -12.36528641 -12.66014299 -14.43805846 -13.51299582 -19.7869374
 -25.67977832 -20.88402417 -16.87024284 -19.57067343 -17.60949241
 -13.33756575 -14.50340906 -17.25365049 -22.00412272 -19.89603328
 -25.39650109 -28.79366653 -31.74515861 -32.67589582 -25.59151256
 -18.60314053 -20.06468818 -14.13169165  -8.71390253  -2.93779603
  -1.29523468],[  8.70414851e-14   8.70414851e-14   8.70414851e-14   2.02314504e-01
   6.71552563e-01  -1.44521343e+00   6.50922600e-01   7.52775188e+00
   5.81375350e+00   3.81178357e+00   4.94008963e+00   7.52071034e+00
   8.76015542e+00   7.72361989e+00   7.25690888e+00   7.09514612e+00
   5.45166213e+00   9.92119775e+00   9.93164695e+00   1.35240804e+01
   1.16359912e+01   5.75700083e+00   3.80468001e+00   4.22495012e+00
   5.32098000e+00   7.05341543e+00   9.30216990e+00   8.07549660e+00
   7.78477250e+00   5.28439912e+00   9.38057408e+00   1.73695393e+01
   1.53506422e+01   1.63009234e+01   1.42320206e+01   1.22921433e+01
   6.37630714e+00   5.01351328e+00   8.78813128e+00   7.72981278e+00
   8.19988635e+00   3.73189331e+00   1.36126169e+01   2.02662461e+01
   1.62037435e+01   1.42889101e+01   1.19804315e+01   9.69132239e+00
   1.24222334e+00  -1.39844140e+00  -1.55780145e+00  -2.56871005e+00
   1.61242825e+00   2.19011455e+00   2.04783152e-01  -5.30037077e+00
  -2.34844044e-01  -1.42524001e+00  -2.88948677e+00  -9.49413199e+00
  -1.00158585e+01  -6.63007595e+00  -9.06310951e+00  -1.01509889e+01
  -6.21541140e+00  -7.87234160e+00  -3.73723596e+00  -5.24743386e+00
  -8.34910091e+00  -7.23864344e+00  -8.52235890e+00  -1.25137067e+01
  -1.08024904e+01  -5.66002833e+00  -6.42237910e+00  -6.74091343e+00
  -7.98359374e+00  -5.71062037e+00   5.97262129e-01   3.29716015e+00
  -1.77335966e+00  -2.09147646e+00  -3.09966838e+00   1.43561540e+00
  -1.32444072e+00   1.96112757e-01  -1.07129081e-01   2.62299215e+00
   2.27167584e+00   1.00217745e+01   1.83825565e+01   1.96999751e+01
   1.02306058e+01   8.87153266e+00   1.07260636e+01   5.16017714e+00
   6.28524878e-01  -1.70948162e+01  -1.99483156e+01  -1.34872296e+01
  -9.92416364e+00  -1.44549707e+01  -1.53457107e+01  -2.24369706e+01
  -2.83756900e+01  -2.48085263e+01  -2.54314213e+01  -2.08878523e+01
  -2.32028467e+01  -2.03586459e+01  -2.21093997e+01  -2.18093009e+01
  -1.86665014e+01  -1.85388059e+01  -2.23237133e+01  -1.61711161e+01
  -5.67434389e+00   1.14200362e+00  -6.28726361e+00  -1.57725902e+01
  -1.56981365e+01  -1.40328009e+01  -1.51251957e+01  -1.89195146e+01
  -1.31889010e+01  -7.31033907e+00  -5.23580408e+00  -7.81747247e+00
  -9.29789045e+00  -5.84601934e+00  -9.77044219e+00  -2.44136789e+01
  -2.42718000e+01  -2.05276491e+01  -2.02167490e+01  -1.97879101e+01
  -1.56159932e+01  -6.52219304e+00  -2.63589504e+00  -2.02894036e-01
  -1.69918868e+00  -2.54918593e+00  -7.93192782e+00  -1.06196330e+01
  -1.99827556e+01  -1.60971024e+01  -1.34331155e+01  -1.49888579e+01
  -1.93021033e+01  -1.58335799e+01  -1.21677670e+01  -7.46483816e+00
  -8.35493860e+00  -1.01583774e+01  -1.59459358e+01  -1.62256886e+01
  -1.62645932e+01  -1.22429858e+01  -1.09158530e+01  -1.17854151e+01
  -1.83677862e+01  -1.55893281e+01  -1.03015460e+01  -8.22313106e+00
  -5.74103592e+00  -2.82603439e-01  -1.09249852e-01  -9.41367359e-01
  -1.39972966e+01  -1.85207963e+01  -2.00559071e+01  -2.08659745e+01
  -1.52589034e+01  -1.01163516e+01  -5.24606941e+00  -1.41780115e+01
  -1.62015747e+01  -1.33325510e+01  -1.18425636e+01  -7.10540791e+00
  -1.41275503e+01  -1.02106386e+01  -9.05394595e+00  -8.40904541e+00
  -3.64997921e+00  -3.35294021e+00  -8.50204968e+00  -1.20993915e+01
  -1.02810819e+01  -5.17312053e+00   2.84880760e+00   3.85425947e+00
  -4.85560099e+00  -1.73503908e+01  -1.92761656e+01  -1.21983623e+01
  -2.86889379e+00   2.12993117e+00  -3.53326188e+00  -8.50512731e+00
  -1.03795978e+01  -7.28915939e-01   5.20522687e+00   4.63528808e+00
  -1.28941831e+00  -9.37748164e+00   8.90109802e-01   7.20665364e+00
   4.76306454e+00   2.15981219e+00  -2.23151327e+00   4.74787509e+00
   2.55592027e+00   2.56668184e+00  -7.65830540e+00  -1.02748252e+01
  -1.29661887e+01  -1.32866176e+01  -1.75098519e+01  -1.93037297e+01
  -1.57285036e+01  -1.79720609e+01  -1.73696948e+01  -1.81392160e+01
  -1.89174275e+01  -2.01105488e+01  -1.28380505e+01  -1.13201169e+01
  -9.29239815e+00  -6.62431294e+00  -9.42060832e+00  -6.68612651e+00
  -7.69705301e+00  -5.38542073e+00  -2.12783085e+00  -2.68573081e-01
   9.97924368e-01  -4.28738291e+00  -7.48599086e+00  -1.30460260e+01
  -1.78632769e+01  -1.29093284e+01  -1.17941823e+01  -1.50026839e+01
  -1.41919150e+01  -8.40038715e+00  -8.57722953e+00  -1.24089269e+01
  -1.73146016e+01  -1.35430685e+01  -1.24996315e+01  -7.48674583e+00
   3.42194401e+00   6.70931301e+00   1.18600306e+00  -6.96500336e+00
  -1.34871084e+01  -1.46213972e+01  -1.12815903e+01  -4.88691288e+00
  -1.04419154e+00],[ -6.39488462e-14  -6.39488462e-14  -6.39488462e-14  -4.05099916e+00
  -3.30617343e+00  -7.31718327e+00  -8.05192276e+00  -7.08570211e-01
  -9.04429036e-01  -1.75222671e+00   2.14810169e+00   4.38715031e+00
   5.70062981e+00   7.56375439e+00   4.46679089e+00   5.35941672e+00
   3.63172893e+00   7.41484529e+00   1.15608459e+01   1.19965218e+01
   1.11070661e+01   9.99620191e+00   7.42395033e+00   7.43463044e+00
   5.28303598e+00   6.76496011e+00   7.24527677e+00   4.44129049e+00
   3.88291584e+00   1.45992603e-03   2.78046690e+00   9.24535631e+00
   1.02778869e+01   1.29219316e+01   7.90694812e+00   6.28306515e+00
   5.03596956e+00   4.26484855e+00   6.58021094e+00   4.59235606e+00
   7.19628417e+00   7.11836049e+00   1.10627949e+01   1.40750141e+01
   1.25936089e+01   1.41664131e+01   1.34530491e+01   1.06769105e+01
   2.30921782e+00  -3.15072561e+00  -1.55676809e+00   1.55536622e+00
   5.23113317e+00   5.31536294e+00   4.55274173e+00   1.64739429e+00
   3.08762771e+00   6.58014242e-01   7.10665501e+00   2.86368533e+00
   2.49091494e+00   6.02176207e+00   2.64789746e+00   1.44510602e+00
   3.55916047e+00   3.02587207e+00   6.57646716e+00   5.43716899e+00
   1.09079486e+00   6.92580221e+00   6.75010303e+00  -3.46557950e-01
   6.71525524e-01   7.18273711e+00   3.60189906e+00   2.06875990e+00
  -2.60287989e-01   3.29551188e+00   6.02046694e+00   1.00299532e+01
   6.51650869e+00   6.14499721e+00   3.94622323e+00   8.15874751e+00
   3.12056314e+00   3.13477617e+00   1.40762917e+00   3.32052653e+00
   3.12013080e+00   7.89104986e+00   1.53787732e+01   1.68871254e+01
   9.01073562e+00   1.04136185e+01   1.39924826e+01   1.06938901e+01
   2.94880782e+00  -1.41269692e+01  -1.52032762e+01  -3.35035364e+00
   2.35684838e+00  -6.91517692e-01  -2.62911295e+00  -9.94265026e+00
  -1.44940821e+01  -9.41463010e+00  -6.07131842e+00   3.38493304e+00
   1.01473030e+00  -4.65472233e+00  -4.44552622e+00  -6.31670295e+00
  -3.34567119e-01   1.01357344e+00  -7.27503125e+00  -9.26361136e+00
  -2.00026054e+00   3.66007466e+00   5.42767467e-01  -8.84716602e+00
  -1.06973977e+01  -1.34743637e+01  -2.08455977e+01  -2.14140954e+01
  -1.62532273e+01  -1.29844972e+01  -9.77621246e+00  -1.11020577e+01
  -9.38533698e+00  -1.29635315e+01  -1.48730933e+01  -1.49640572e+01
  -1.69782648e+01  -1.84566129e+01  -2.07053366e+01  -2.16617240e+01
  -1.38345570e+01  -4.78384617e+00  -2.03173517e+00  -5.26725955e-01
  -4.18109685e+00  -8.49498951e+00  -7.87108094e+00  -5.84129692e+00
  -1.96987559e+01  -2.20863383e+01  -1.32611714e+01  -1.30950559e+01
  -1.97074881e+01  -1.86560129e+01  -1.10906606e+01   3.68154834e+00
   5.60581742e+00  -8.24098717e-01  -7.85812130e+00  -1.58700628e+01
  -2.06700703e+01  -1.72554069e+01  -1.52974025e+01  -1.08844022e+01
  -1.41393120e+01  -1.36240655e+01  -7.35430992e+00  -2.63410267e+00
  -5.95012885e+00  -8.69658037e+00  -1.27396333e+01  -1.16257673e+01
  -9.36383957e+00  -9.79095592e+00  -1.34891803e+01  -1.11454060e+01
  -2.67119639e+00   6.36963052e+00   1.66498571e+01   1.99770898e+01
   2.08533616e+01   1.47520282e+01   1.57921085e+01   1.47133280e+01
   7.93208736e+00   6.10136277e+00  -1.84373105e+00  -1.24816879e+01
  -9.21465534e+00  -2.06721906e+00   5.62556601e+00   1.40846032e+01
   1.79467543e+01   1.27874872e+01   1.02161397e+01   8.14066454e+00
   9.05637911e-01  -8.83989563e+00  -8.56407669e+00   1.81948551e+00
   8.19156619e+00   4.84499915e+00  -2.06378151e-01  -2.12000667e+00
  -9.36202661e+00  -1.08880713e+01  -8.04942218e+00   2.02596650e+00
  -1.00232517e+01  -1.86748155e+01  -5.25030702e+00   3.96365403e+00
   4.75763039e+00  -6.70141837e-01  -6.48790242e+00  -5.74127578e+00
  -6.28427742e+00  -5.29290348e+00  -8.76954518e+00  -1.08627555e+01
  -1.51615070e+01  -1.44066471e+01  -5.15218890e+00  -6.31903217e+00
  -6.77684979e+00  -8.21987469e+00  -8.59009328e+00  -1.03122393e+01
  -1.36524457e+01  -2.00165721e+01  -1.00148816e+01  -9.41535762e+00
  -6.00294267e+00  -9.02869275e+00  -1.81548910e+01  -1.46313590e+01
  -1.78956056e+01  -1.29529829e+01  -1.20313227e+01  -1.22367242e+01
  -1.16704703e+01  -1.90713621e+01  -2.40488318e+01  -2.72030523e+01
  -3.07810407e+01  -2.30931735e+01  -1.81814618e+01  -1.14106190e+01
  -8.08012079e+00  -4.00163499e+00  -4.43278125e+00  -7.65809769e+00
  -1.20968124e+01  -1.41582627e+01  -1.09822651e+01  -4.04007423e+00
   1.09201146e+00   4.28254721e+00   3.18165555e+00  -3.54467151e+00
  -1.19237358e+01  -1.34924969e+01  -1.30907777e+01  -1.49824123e+01
  -1.27404162e+01],[  3.55271368e-14   3.55271368e-14   3.55271368e-14  -1.83303706e+00
  -4.08085826e+00  -6.67052865e+00  -5.69537004e+00   1.59409473e-01
   5.29376319e-01   1.74644518e+00   4.96182082e+00   2.11382821e+00
   7.84015670e-01   5.22859034e+00   9.74681650e-01   4.63307381e+00
   1.56194904e+00   3.25675775e+00   9.78424895e+00   7.65586189e+00
   8.72075710e+00   1.14111082e+01   8.46857486e+00   9.23488661e+00
   6.32752605e+00   8.09095382e+00   4.54215899e+00   8.06625132e-01
  -1.44228649e+00  -2.97330532e+00  -3.41492574e-01   1.65193502e-02
   4.05601221e+00   7.94046235e+00   1.26753221e+00   7.11831433e-01
   2.08309578e+00   3.51986216e+00   4.39833852e+00   4.27861502e+00
   6.67133527e+00   9.10240272e+00   7.92830030e+00   4.96667007e+00
   5.30273780e+00   8.44116295e+00   8.30084025e+00   4.84934788e+00
   4.02381931e+00   1.76878729e+00   7.37666436e+00   9.16183287e+00
   1.08384830e+01   1.03795648e+01   1.09712739e+01   9.92497036e+00
   7.39680675e+00   2.80443295e+00   1.04754050e+01   6.11032636e+00
   1.46960849e-01   1.10634890e+00   2.82205365e+00   2.54859371e+00
   1.07468270e+00   2.02362172e+00   5.15378684e+00   2.55745057e+00
  -2.22153466e+00   1.39064318e+00   5.84160377e+00   4.76642900e-02
  -7.83789191e-01   3.72142123e+00  -3.07010439e-01  -2.41734147e+00
  -1.05354626e+00   1.63923528e+00   3.83534123e+00   4.61053518e+00
  -3.40243797e-01  -2.15891245e-01   3.67932563e+00   7.63195494e+00
   3.92352000e+00   2.20854154e+00   2.68834465e+00   4.26643088e+00
   3.26872099e-01   2.36220182e+00   8.33720675e+00   9.22587431e+00
   7.60914448e+00   1.26295931e+01   1.56469240e+01   1.28147864e+01
  -1.24344512e-01  -1.62024005e+01  -1.68315706e+01  -9.74936953e+00
  -8.45022912e+00  -6.31149293e+00  -3.31232999e+00  -6.17915793e+00
  -1.22355352e+01  -8.87051587e+00  -5.51517728e+00  -4.08233928e+00
  -6.65205338e+00  -9.53045108e+00  -6.54548007e+00  -1.12656560e+01
  -7.55737914e+00  -2.76900866e+00  -4.60970957e+00  -7.67303258e+00
  -5.96623009e+00  -4.91683258e+00  -1.30474049e+01  -1.94182537e+01
  -2.45920382e+01  -3.41129670e+01  -3.83236489e+01  -3.64681970e+01
  -3.32067572e+01  -2.88151366e+01  -2.50250481e+01  -2.34172912e+01
  -2.27395845e+01  -2.66517236e+01  -2.59767710e+01  -1.67200365e+01
  -1.37177393e+01  -1.01535253e+01  -5.54670528e+00  -7.78295241e+00
   3.04236767e+00   1.11624685e+01   1.24431475e+01   1.65367181e+01
   1.60242638e+01   1.47737940e+01   1.54678071e+01   1.29971124e+01
   4.01401157e+00   9.57695784e-01   6.76691230e+00   9.97921216e+00
   4.41079011e+00   1.02632964e+00   8.23625408e+00   1.36812738e+01
   9.82732391e+00   3.28771492e+00   4.49458507e+00   1.22540252e+01
   1.51032427e+01   1.09649444e+01   4.97644734e+00   1.92812965e+00
  -2.61261198e-01  -1.95518161e+00  -2.05326554e+00   2.08154885e+00
   6.75662484e+00   6.90798847e+00   2.25794206e+00  -3.94238423e+00
  -8.75859029e+00  -7.99071262e+00  -1.05495908e+01  -1.41596249e+01
  -1.70016500e+01  -1.68072743e+01  -8.02461914e+00  -4.25531304e+00
  -6.64778219e+00   1.89152438e+00   9.77718529e+00   4.46666286e+00
   6.44292956e+00   5.81120495e+00  -1.47778706e+00  -1.29147591e+01
  -1.14181123e+01  -7.24347188e+00  -7.90226692e-01   4.01665132e+00
   1.16033035e+00  -5.45501385e+00  -1.15267260e+01  -6.21387880e+00
  -5.62314225e+00  -9.10036699e+00  -4.29470555e+00   3.55255231e+00
   3.47097325e+00   6.39387467e+00   1.05340707e+01   1.57913243e+01
   1.00279166e+01   5.73567318e+00   5.96521953e+00   1.65474802e+01
   1.09558638e+01   1.21067632e+01   1.61072232e+01   2.07617148e+01
   2.63446536e+01   2.31404008e+01   1.71001286e+01   1.47452476e+01
   7.35304232e+00   4.80848869e+00  -1.05048787e-01  -3.59045860e+00
  -8.68987721e+00  -1.11265752e+01  -8.75607387e+00  -3.67897029e+00
  -2.67893523e+00  -6.97657466e+00  -1.03016489e+01  -1.07346369e+01
  -1.41545747e+01  -1.39157739e+01  -7.72370808e+00  -8.80260188e+00
  -7.81562631e+00  -7.39125745e+00  -7.84293962e+00  -1.56122320e+00
  -4.64612283e+00  -1.15793624e+00   4.38600769e-01   1.86739272e-01
  -1.67538099e+00  -3.60499385e+00  -7.59695926e+00  -7.91661095e+00
  -9.22508581e+00  -3.59714898e+00  -8.00299939e-01   5.18488875e+00
   6.36894704e+00   1.15978522e+00  -5.43360486e+00  -1.83428635e+01
  -3.09264150e+01  -2.26657798e+01  -1.83363669e+01  -1.86525466e+01
  -1.74476081e+01  -1.68413301e+01  -1.37540549e+01  -1.41608521e+01
  -1.30999573e+01  -1.36855585e+01  -1.11133348e+01  -1.32219145e+01
  -1.21907254e+01],[  1.49213975e-13   1.49213975e-13   1.49213975e-13   1.27393599e+00
  -3.01948098e+00  -1.59656230e+00   3.99764677e+00   9.49036518e+00
   8.33197204e+00   8.94409278e+00   8.81495964e+00   1.11113941e+00
  -3.32338835e-01   3.39863791e+00  -6.70282208e-01   4.31501197e+00
   2.96664368e-01   1.80164066e+00   8.58610426e+00   6.45577635e+00
   7.61843219e+00   9.24571759e+00   6.35076823e+00   8.59062991e+00
   7.06082576e+00   8.02211066e+00   1.97620705e+00  -1.47854899e-01
  -1.55604345e+00  -5.92900586e-01   1.91794070e+00  -1.37709654e+00
   3.03822196e+00   5.87055074e+00  -3.41874929e-01  -1.03704049e+00
   5.03863448e-01   4.18304828e+00   5.03510896e+00   7.01856674e+00
   5.91573414e+00   6.69137534e+00   6.73085993e+00   5.33754010e-01
   7.66064140e-01   3.64452422e+00   5.07596679e+00   3.29964409e+00
   2.50671708e+00   4.28655165e+00   9.28536380e+00   4.97927838e+00
   3.98119776e+00   5.09575339e+00   8.83430077e+00   1.02396701e+01
   6.61856207e+00  -1.30869117e+00   1.87989284e+00   7.87373733e-01
  -3.55570616e+00  -6.08356943e+00  -1.15233277e+00  -4.66128345e+00
  -4.53768002e+00  -4.60366126e-01  -6.06632733e-01  -3.00136588e+00
  -1.66002040e+00  -2.09323387e+00   2.12872088e+00  -1.50154950e-01
  -1.22765028e-01   1.49573205e+00   8.24695689e-01  -8.34292912e-02
  -8.70080061e-01  -1.51343263e+00  -1.43819204e+00  -1.75086085e-01
  -4.73731494e+00  -7.34719866e+00  -5.70567907e+00  -1.52013109e+00
  -2.91737719e-01   1.94547133e+00   7.85570304e+00   6.59772848e+00
  -6.54258159e-01  -3.61651767e-01   3.69705878e+00   3.83393959e+00
   6.48321026e+00   9.80079322e+00   9.55742119e+00   8.01922197e+00
  -4.85390468e+00  -1.49619351e+01  -1.12590369e+01  -8.09755957e+00
  -1.00037212e+01  -1.49525130e+01  -1.09704937e+01  -1.25712618e+01
  -1.65034035e+01  -2.08757938e+01  -2.07981785e+01  -2.19253769e+01
  -2.45534793e+01  -2.58797515e+01  -2.57474860e+01  -2.83297380e+01
  -2.85570279e+01  -2.61929631e+01  -1.19292481e+01  -1.14170590e+00
  -1.28549407e+00   1.96817697e+00   1.93894193e-01  -1.58270564e+00
  -7.45462543e+00  -1.63943726e+01  -1.61432646e+01  -8.83317880e+00
  -8.30028275e+00  -5.86343654e+00  -3.71642440e+00  -3.10481325e+00
  -4.25009515e+00  -9.39489015e+00  -2.04503348e+01  -2.11737286e+01
  -2.37388575e+01  -2.30644807e+01  -2.31981756e+01  -2.70077003e+01
  -2.05552611e+01  -1.82372235e+01  -1.84090946e+01  -1.85574571e+01
  -8.90277082e+00  -6.68438468e+00  -9.96373578e+00  -1.10478981e+01
  -5.89698331e+00  -2.29122956e+00  -5.76875472e+00  -4.66301410e-01
   3.65350113e+00   1.19869030e+00   6.69257074e+00   6.62595456e+00
  -4.79352610e+00  -1.43691205e+01  -1.09410038e+01   4.98235702e+00
   1.88600127e+01   2.08735285e+01   2.38693205e+01   2.35093006e+01
   2.07288088e+01   1.76296791e+01   1.24975559e+01   5.54705178e+00
   3.01990270e+00   3.24477456e+00   5.35164301e+00   9.87782129e-01
   1.85584831e+00   5.05700654e+00   7.44929311e+00   8.12200532e+00
   7.89269981e+00   1.12028850e+01   1.03045801e+01   1.05935943e+01
   3.82769815e+00  -1.41421600e+00   1.61131017e+00   5.75396069e-01
   1.66012609e+01   1.52605930e+01   1.04092816e+01   3.11659189e+00
   7.91237419e-01  -1.62940281e+00   1.33094273e+00  -1.40330017e+00
  -3.45493182e+00  -8.89977948e+00  -1.58016941e+01  -1.12378736e+01
  -1.35655229e+01  -1.64988505e+01  -1.29459507e+01  -1.15487641e+01
  -1.24110188e+01  -1.14610638e+01  -6.37759223e+00  -3.20248470e+00
   2.80829587e-01  -2.69193476e+00  -8.20457185e+00  -2.15943896e+01
  -2.07138916e+01  -1.19534727e+01  -1.06427481e+01  -1.23526610e+01
  -9.84289497e+00  -1.05060154e+01  -1.04307611e+01  -9.41027798e+00
  -1.55032068e+01  -1.39852276e+01  -1.83031901e+01  -2.16754863e+01
  -2.28129422e+01  -2.00359423e+01  -2.17904892e+01  -1.80169202e+01
  -1.25199141e+01  -1.17817941e+01  -1.41584489e+01  -1.08628348e+01
  -7.69403981e+00  -5.79983104e+00  -8.49968883e+00  -9.98968473e+00
  -9.45150814e+00  -9.20501500e+00  -9.30350710e+00  -2.12069796e+00
  -6.37305096e-01   2.76101845e+00   8.98814872e+00   1.46064629e+01
   1.33991866e+01   8.56254252e+00   9.86173374e-01  -1.35963305e+00
  -7.89664559e+00  -8.60074658e+00  -1.32683149e+01  -1.67336501e+01
  -1.77344738e+01  -1.80266635e+01  -1.33173085e+01  -1.26682028e+01
  -8.77780809e+00   4.56802974e+00   9.44862377e+00   9.96876621e+00
   1.57414917e+01   1.23191850e+01   7.29283951e+00   8.83302809e-01
  -4.84122784e+00  -2.59089223e+00   1.35179524e+00   1.19191618e+01
   1.87074730e+01],[ -8.17124146e-14  -8.17124146e-14  -8.17124146e-14   8.57764759e-01
  -8.70077323e-01   1.73627416e+00   8.57293809e+00   1.40426439e+01
   1.43200805e+01   1.27837667e+01   1.04374532e+01   2.21039668e+00
   3.69588578e+00   4.82270986e+00  -2.41218149e-01   2.36896340e+00
  -4.09897295e-01   2.09672336e+00   8.84735032e+00   7.31812488e+00
   6.93090491e+00   5.86574625e+00   2.40623289e+00   5.61742693e+00
   5.95130900e+00   5.39697004e+00   1.17193695e+00   1.67664224e+00
   2.96001955e+00   2.91671722e+00   4.50874666e+00   1.99564907e+00
   4.64498109e+00   5.86373338e+00   1.65105654e+00  -8.92570706e-01
   2.24900998e+00   4.79845095e+00   7.21393121e+00   1.04006034e+01
   3.75248755e+00   1.98514853e+00   4.07382958e+00  -6.44667696e-01
  -2.98417790e-01  -8.53115418e-01   2.29986185e+00   1.85122377e+00
   2.91595421e+00   2.22509061e+00   4.43593575e+00   3.97783691e+00
   2.09257843e+00   4.48656912e+00   1.14990375e+01   1.48911759e+01
   3.50196850e+00  -5.67027464e+00  -2.11891355e+00   1.02176408e+00
   1.31639940e+00  -6.47643492e+00  -4.90381621e+00   7.52017824e-01
   1.08532244e+00   9.13231642e-01  -2.10378102e+00  -3.10379299e-01
   5.35415160e+00   3.73295262e+00  -6.30059602e-01   1.03012800e+00
   3.97984602e+00   2.62244220e+00   4.09890836e+00   1.28954583e+00
  -1.14628575e-01  -2.35955048e+00  -5.93235790e+00  -5.32261677e+00
  -2.65550446e+00  -4.24972065e+00  -3.95761246e+00  -3.57681342e-01
   4.50979593e+00   7.96257005e+00   1.33944530e+01   1.20220443e+01
   8.99095151e+00   4.77653144e+00   4.40955631e+00   2.00301892e+00
   5.29902303e+00   4.41575268e+00   2.39830400e+00   2.04738508e+00
  -5.27681677e+00  -7.13287096e+00  -2.91259396e-01   2.78601686e+00
   1.80083422e+00  -6.83436469e+00  -4.32205619e+00  -2.70944222e+00
  -4.44306835e+00  -7.16957063e+00  -1.82795317e+00   6.21256144e+00
   1.37872211e+01   1.55708708e+01   1.52630689e+01   1.37557158e+01
   6.97955651e+00   2.91455480e-01   3.53439429e+00   7.30708514e+00
  -2.68551236e+00  -7.16752765e+00  -2.42633782e+00  -5.26906155e-01
  -1.51855634e+00  -5.41046276e+00  -1.19829863e+01  -1.31343263e+01
  -1.27791032e+01  -9.37862064e+00  -5.92933068e+00  -7.29937155e+00
  -8.39242880e+00  -1.06731424e+01  -1.72936735e+01  -1.91576325e+01
  -1.74111716e+01  -1.47775454e+01  -1.56121823e+01  -1.36109536e+01
  -8.22753245e+00  -5.65038840e+00  -3.39956046e+00   5.59389393e-03
   1.18025328e+01   1.31192903e+01   1.33821857e+01   1.04588399e+01
   1.02768863e+00  -1.65515833e+00  -2.36621712e+00  -2.23374572e+00
  -3.91621309e+00  -1.50426701e+01  -1.01781679e+01  -7.01129251e+00
  -8.68930955e+00  -1.13849059e+01  -5.85388371e+00  -1.44537754e+00
   3.44005944e+00  -4.97933269e-01   5.15088796e+00   1.08037713e+01
   9.89312329e+00   6.90167601e+00   5.15078607e+00   5.75528949e+00
   6.04670767e+00   7.49002323e+00   1.37830829e+01   1.01806103e+01
  -1.26124707e+00  -8.31584690e+00  -7.84924010e+00  -1.01643764e+01
  -1.22430734e+01  -5.36957153e+00  -5.30679499e+00   2.91779205e+00
   9.31703363e+00   6.58175346e+00   3.76505401e+00   5.11728443e+00
   1.78905158e+01   1.75703628e+01   1.71038781e+01   1.29289270e+01
   3.20415427e+00  -1.03188545e+00   1.49587943e+00  -1.72843773e+00
  -1.95330478e+00  -3.64017237e+00  -9.03334026e+00  -9.56585481e+00
  -6.58264043e+00  -5.13024807e+00   1.38099657e+00   3.50595794e+00
   9.02253402e+00   7.44609188e+00   4.81911640e+00  -5.21709972e+00
   1.29756191e+00   7.34192325e+00   5.77110345e+00   9.46374947e+00
   1.67283665e+01   1.89799045e+01   1.89453357e+01   1.71971349e+01
   1.56335492e+01   1.75252931e+01   2.02257704e+01   1.83500681e+01
   1.88526088e+01   1.27853225e+01   4.86640734e-01  -7.12104978e+00
  -7.38583357e+00  -5.25925838e+00  -5.37720210e+00  -4.18234732e+00
  -4.46975990e+00  -6.14484884e+00  -8.47943188e+00  -3.39220904e+00
   4.99177519e+00   2.61918956e+00  -3.97343845e+00  -8.88183168e+00
  -9.37619527e+00  -1.24099058e+01  -1.33552684e+01  -4.94655004e+00
  -3.81576746e+00  -5.90000644e+00  -1.10146027e+01  -1.13269021e+01
  -1.16449889e+01  -1.25395583e+01  -1.23539677e+01  -3.50484996e+00
  -8.56373664e+00  -6.28498953e+00   4.47728836e-04   1.08548289e+00
   2.04069906e+00   2.17203694e+00   4.89902395e+00   8.28028319e+00
   5.05557955e+00   1.26899638e+00  -1.87130705e+00  -1.15208637e+00
  -3.79391940e-01  -2.72109854e+00  -3.26257204e+00  -2.35995882e+00
   2.78908924e+00  -6.92155964e-01  -7.73411278e+00  -8.71072914e+00
  -5.82580926e+00],[ -7.81597009e-14  -7.81597009e-14  -7.81597009e-14  -1.16744130e+00
   1.97858122e+00   4.73453932e+00   8.30615747e+00   1.02819270e+01
   1.50829543e+01   1.28825536e+01   1.01772933e+01   5.92629431e+00
   8.05229332e+00   6.03307368e+00   5.25100159e-01  -8.62475570e-02
  -8.41556875e-01   2.07637314e+00   7.25682221e+00   5.33012248e+00
   4.03772505e+00   9.30339159e-01  -7.62996237e-01   2.31773593e+00
   3.05997787e+00   2.38711143e+00   2.22342957e+00   3.40473115e+00
   4.39631698e+00   2.97381964e+00   3.63148410e+00   2.28540953e+00
   4.11573323e+00   6.05053656e+00   4.69142492e+00   4.49193344e-01
   4.37882210e+00   3.34231417e+00   7.46665190e+00   1.17988038e+01
   3.59294179e-01  -1.83185891e+00  -1.66107481e-01  -7.29745713e-01
   8.22848319e-01  -3.83105203e+00   1.16343119e+00   2.13141756e+00
   9.48665756e+00   6.67810927e+00   3.75074898e+00   9.29758405e+00
   9.64622091e+00   8.93175651e+00   1.41193593e+01   1.53463957e+01
   7.66133793e+00   2.54363287e+00  -6.74183930e-01   3.19542853e+00
   4.90889872e+00  -3.12234175e+00   2.49611593e+00   1.16230510e+01
   8.66774931e+00   3.32867219e+00   1.95787951e+00   2.45063127e+00
   5.86753055e+00   6.48762724e+00   3.81265385e+00   4.19839378e+00
   5.93657035e+00   4.32383377e+00   6.72934031e+00   1.82355563e+00
   3.07778748e+00   2.79255443e+00   1.65034059e+00  -2.06602381e+00
   3.42060949e+00   3.38625611e+00   8.22800818e+00   1.18352458e+01
   1.60454006e+01   1.69867523e+01   1.74216540e+01   1.77448013e+01
   2.01197300e+01   1.12800707e+01   5.24948369e+00  -3.89237416e-01
   2.39005475e+00   1.74585232e+00  -2.80346417e-01  -2.80299980e-01
  -1.72859493e+00   2.75493380e-03   5.13503438e+00   5.41659359e+00
   3.76582855e+00   1.49693024e+00   3.25493365e+00   7.87069901e+00
   8.73839190e+00   3.03826187e+00   4.57629285e+00   6.49633563e+00
   8.90885250e+00   7.03821185e+00   6.36979200e-01  -1.99902098e+00
  -4.62204384e+00  -8.61908718e+00  -7.38423394e+00  -6.77944955e+00
  -7.76340227e+00  -8.97568198e+00  -7.17130184e+00  -2.27434364e+00
   3.56586557e-01  -4.40204555e+00  -9.50647853e+00  -1.54416581e+01
  -2.18170952e+01  -1.77496235e+01  -1.40707660e+01  -1.38642397e+01
  -1.45254902e+01  -1.15122031e+01  -2.99424468e+00  -4.04501459e+00
  -9.50418522e+00  -1.26536799e+01  -1.63423037e+01  -1.46292091e+01
  -9.43769659e+00  -4.55167860e+00  -7.61231922e-01  -1.02495992e+00
   3.53011269e+00   3.57853273e+00   1.12937782e+01   1.05902220e+01
  -4.37128451e+00  -7.18512965e+00  -4.46218280e+00  -2.99997737e+00
  -2.30068242e+00  -3.34372706e+00  -1.21705707e+01  -1.65751492e+01
  -1.45380016e+01  -9.22835133e+00   7.31164944e-02   3.62107687e+00
   1.73432509e+00  -5.17949253e+00  -6.64209539e+00  -5.46949445e+00
  -1.32190171e+00  -1.50088639e+00  -3.01999411e+00  -1.49179692e+00
   6.69437318e-02   1.45899883e+00   3.68279879e+00   3.61335375e+00
   9.11773471e-01  -2.35668800e+00  -2.70776682e+00  -3.17658110e+00
   2.25744124e+00   7.84777690e+00   1.65206449e+00   2.40867236e+00
   1.93908858e+00   6.45590370e+00   1.34971915e+01   6.15641905e+00
  -1.49572257e+00   1.26549057e+00  -3.22306109e-01  -2.71642536e+00
  -1.21854824e-01  -5.19561785e-01  -1.25856077e+00  -6.26767401e+00
  -8.74629005e+00  -5.53185029e+00  -1.07246852e+01  -1.40685828e+01
  -2.55493045e+00   1.09045038e+00   5.61063295e+00   4.96100099e+00
   7.76413661e+00   1.01793999e+01   1.18092662e+01   4.83311088e+00
   5.41480058e+00   2.62476744e+00  -7.51024783e-01   9.09104031e+00
   6.30030309e+00   1.06891336e+00   1.10746581e+00  -2.32225572e+00
  -3.62410454e+00   9.35535985e-02   2.50001975e+00   2.11329472e+00
   9.06347612e+00   1.33753393e+00  -1.06480707e+01  -1.54939578e+01
  -9.70257774e+00   1.07682715e+00   5.85151972e+00   9.01670144e+00
   9.46102101e+00   2.94431520e+00   4.99255921e+00   4.75906092e+00
   6.76095495e+00   3.50754670e+00  -1.72074528e+00  -7.83687081e-01
  -1.81401341e+00  -4.80437291e+00  -4.42150386e+00   2.42519898e+00
  -1.64743251e+00  -5.48020321e+00  -1.05507170e+01  -1.26298888e+01
  -1.37008099e+01  -1.15134961e+01  -1.26748116e+01  -1.12985446e+01
  -1.74030851e+01  -1.96782499e+01  -1.81242249e+01  -1.70029385e+01
  -1.46624675e+01  -1.79461271e+01  -2.17169798e+01  -2.19904969e+01
  -2.68756484e+01  -2.60875518e+01  -2.45900670e+01  -2.56652326e+01
  -2.75712499e+01  -2.67579600e+01  -2.55787020e+01  -1.77300488e+01
  -7.48116606e+00  -9.51576265e+00  -1.28308854e+01  -1.77403755e+01
  -1.77130539e+01],[  7.10542736e-15   7.10542736e-15   7.10542736e-15  -4.52079259e-01
   3.77113048e+00   8.50605479e+00   9.97576542e+00   7.97171317e+00
   1.35073380e+01   1.08663675e+01   7.47317908e+00   8.84264803e+00
   7.94027391e+00   4.39509339e+00   1.33679456e+00  -3.51212076e-01
  -6.12779619e-01   2.37545448e+00   4.06335032e+00   1.45559546e+00
   5.58622417e-01  -1.61253440e+00  -9.01238191e-01   1.83488836e+00
   7.22691305e-01   1.12665175e+00   3.66106037e+00   3.92913613e+00
   2.20518408e+00   2.17236875e+00   1.05448108e+00  -1.15673363e-01
   2.35564256e+00   7.44014794e+00   9.48011470e+00   5.07407827e+00
   5.73635577e+00   1.47132368e+00   5.58252355e+00   1.00672328e+01
  -2.33128483e+00  -4.31065661e+00  -1.23118536e+00   1.32622902e+00
   3.82097316e+00  -7.78485414e-01   3.68982877e+00   6.91969221e+00
   1.13396507e+01   7.40094979e+00   1.02032835e+00   3.64284595e+00
   8.49043919e+00   8.92488414e+00   7.58428299e+00   7.19624894e+00
   8.17422187e+00   9.19087459e+00   5.62484145e+00   8.17221392e+00
   9.61342900e+00   3.30723900e+00   5.13663800e+00   9.51863478e+00
   8.31499096e+00   5.00371905e+00   6.06909167e+00   4.23880673e+00
   5.73364635e+00   7.65898824e+00   9.57983279e+00   8.96982721e+00
   7.83207898e+00   6.41861077e+00   6.14297044e+00   5.49043514e+00
   9.00423962e+00   8.59640198e+00   1.19356898e+01   6.38364393e+00
   8.80278660e+00   8.96790455e+00   1.09189831e+01   1.12124809e+01
   1.10125782e+01   1.12243641e+01   1.46804236e+01   1.80476078e+01
   1.79308299e+01   9.65296517e+00   1.08477236e+00  -3.50627347e+00
   7.23231747e-03   1.76849190e+00  -1.35477739e+00  -1.34172769e+00
   1.98764739e+00   2.18717240e+00   3.33250113e+00   1.94257295e+00
  -9.47109264e-01  -2.34879787e+00  -2.44028112e+00  -2.70323768e-01
   1.10742624e+00  -8.76997520e+00  -1.33967878e+01  -1.60646014e+01
  -2.07357820e+01  -2.42629832e+01  -3.24844292e+01  -3.11931132e+01
  -2.42993476e+01  -1.76752988e+01  -7.99863725e+00  -9.65007317e+00
  -4.13366500e+00  -4.38138122e+00  -4.69393863e+00   1.35462485e+00
   5.14143075e+00   2.71831680e+00   7.72840627e+00   9.05342969e+00
   2.17143553e+00   5.78348979e-02  -8.10756510e-03  -1.69398056e-01
  -7.56763151e+00  -1.42286897e+01  -1.02543120e+01  -8.10873110e+00
  -9.99620661e+00  -1.22594702e+01  -1.03713832e+01  -2.02702351e+00
   1.65916994e+00   5.14481416e+00   9.60817289e+00   1.22315042e+01
   1.56350700e+01   1.43699453e+01   1.73165828e+01   1.59205206e+01
   6.87555050e-01  -6.58508796e+00  -9.16230622e+00  -9.17301959e+00
  -6.54740439e+00   2.05086309e+00  -3.76497828e+00  -7.45650411e+00
  -4.56274624e+00  -2.47839612e+00   3.94243341e-01  -1.25413368e+00
  -4.26290558e+00  -7.10896917e+00  -1.00656974e+01  -1.34728034e+01
  -1.11178333e+01  -1.18242629e+01  -1.23877123e+01  -1.46124464e+01
  -1.28269924e+01  -1.17636982e+01  -1.74767250e+01  -1.75082386e+01
  -1.49396715e+01  -1.75364648e+01  -1.91450706e+01  -1.81274964e+01
  -1.19524901e+01  -5.76868214e+00  -5.34520139e+00   2.65510132e+00
   8.45898799e+00   1.14042565e+01   1.38691660e+01   9.15770223e+00
   5.64547509e+00   3.06116916e+00   2.10473282e+00  -5.68774975e+00
  -2.90326340e+00  -3.14254543e+00  -5.39124410e+00  -8.51138988e+00
  -7.36000309e+00  -2.77953039e+00  -3.48035693e+00  -1.24412175e+01
  -1.19960646e+01  -5.21557679e+00  -4.89069037e+00  -9.76319942e+00
  -1.23887616e+01  -1.58896437e+01  -1.62748033e+01  -1.88655156e+01
  -6.03534623e+00  -7.25074984e+00  -2.68736173e+00   5.91810689e+00
   5.71972861e+00   5.73942979e+00   1.12454605e+01   1.00982583e+01
   1.12795118e+01   1.87929809e+01   2.17275150e+01   1.84038414e+01
   1.68567936e+01   8.48055669e+00  -2.21529418e+00  -5.43157426e+00
  -1.41766337e+00  -5.96081889e+00  -4.04277888e+00  -5.88209118e+00
  -1.08825959e+01  -1.57308918e+01  -9.16233574e+00  -9.67343902e+00
  -5.74904503e+00  -7.28967897e+00  -6.43866814e+00   4.78081133e+00
   2.56915074e+00  -3.10498919e+00  -8.01992091e+00  -3.45693825e+00
  -2.51754045e+00  -4.46245310e+00  -8.12914690e+00  -6.18238448e+00
  -2.73841530e+00  -2.93105601e+00  -9.89099419e+00  -1.41029131e+01
  -1.99687994e+01  -2.04496859e+01  -2.46833359e+01  -1.96249781e+01
  -1.47240614e+01  -1.64217045e+01  -1.86321651e+01  -2.10799253e+01
  -1.83156653e+01  -7.56156866e+00  -4.29656426e+00  -2.82537535e+00
  -2.25589307e+00  -4.79725873e+00  -1.14992635e+01  -1.14923014e+01
  -1.05720602e+01  -5.78343329e+00  -6.63528954e-01   3.01287444e+00
   1.65809390e+00],[  3.01980663e-14   3.01980663e-14   3.01980663e-14   3.43337370e+00
   3.60744614e+00   8.21336852e+00   1.08871382e+01   9.41690754e+00
   1.08140867e+01   6.99597569e+00   3.11484142e+00   7.64515394e+00
   4.24781889e+00   2.16565021e+00   2.49059640e+00   1.12846718e+00
   9.09805332e-01   3.36898220e+00   2.97533556e+00   1.47497180e-01
  -5.55288636e-01  -1.52197275e+00   3.46193731e-01   4.81523235e+00
   1.92539653e+00   2.37771409e+00   5.28224445e+00   4.90404059e+00
   1.90540286e+00   3.72189769e+00  -1.05069889e+00  -1.77210627e+00
   1.55604315e+00   1.02562944e+01   1.42925616e+01   1.04750073e+01
   6.91906646e+00   1.63217917e+00   3.13065880e+00   6.33680181e+00
  -1.86954946e+00  -5.12155873e+00   3.98592250e-01   3.56823891e+00
   4.46734785e+00   1.62020699e+00   3.62961998e+00   5.56936400e+00
   1.29994851e+00  -1.07701988e+00  -3.08193031e+00  -1.96523886e+00
   4.28976008e+00   6.63830870e+00   1.77043145e+00   3.77103157e+00
   3.84509888e+00   9.59956710e-01   4.82058980e+00   4.76052063e+00
   4.41242301e+00   3.18560218e+00  -2.16493536e+00   2.34912105e+00
   1.44529846e+00  -4.15113108e+00   1.27546480e+00   5.58824362e+00
   7.59895510e+00   7.72857013e+00   5.59050645e+00   5.29005397e+00
   3.16630716e+00   1.79650613e+00  -1.52047825e+00  -5.38440830e-01
   3.76352915e+00   1.40970559e+00   1.03677427e+00  -2.99218219e-01
   1.31527198e+00   4.67677284e+00   4.17545880e+00  -1.90433961e-01
  -3.32855925e+00  -5.85043417e+00   3.34213198e+00   1.15824307e+01
   6.92167565e+00   2.45455596e+00  -4.72676665e+00  -4.99997799e+00
   5.43774510e-01   1.85536431e+00  -1.48721239e+00  -3.15378603e+00
   3.18508057e+00   1.46417971e+00  -1.85615490e+00  -3.26925982e+00
  -4.75136211e+00  -9.08004112e+00  -7.83795180e+00  -1.99136402e+00
   1.87464761e+00  -1.22241514e+00  -1.47015346e+00  -5.56393614e+00
  -8.16970983e+00  -6.92881541e+00  -1.27926234e+01  -1.05511037e+01
  -3.80947643e+00   1.41787537e+00  -6.06630026e-01  -5.65702338e+00
  -6.13613392e+00  -1.12929013e+01  -1.06638629e+01  -8.69094995e+00
  -1.16490272e+01  -1.22383334e+01  -8.84299357e+00  -8.44134437e+00
  -1.05938528e+01  -1.05963411e+01  -8.01851679e+00  -6.88149054e+00
  -7.02884333e+00  -1.08100562e+01  -9.18024579e+00  -8.97033232e+00
  -3.52003627e+00   2.10266887e+00  -2.32338340e+00  -1.38782173e+00
  -2.80471543e+00  -8.36627144e-01   1.03379568e+00   9.41671393e-01
   2.56066998e+00   6.72100257e+00   6.88742308e+00   3.78914785e+00
  -6.13132069e+00  -9.43657923e+00  -3.54350999e+00   5.28943089e-01
   4.06723570e+00  -7.38740926e+00  -1.52978374e+01  -1.36966877e+01
  -1.46978791e+00   8.99410914e+00   9.13383220e+00  -6.91512893e-01
  -4.50755307e+00  -7.90330809e+00  -8.17370411e+00  -9.79222057e+00
  -1.22776011e+01  -1.33389111e+01  -1.40391997e+01  -1.04417874e+01
  -5.78695767e-01  -1.25146071e+00  -3.08111920e+00  -3.48508699e+00
  -3.92519110e+00  -7.04964391e+00  -1.32255927e+01  -1.64555926e+01
  -1.11278726e+01  -7.46815310e+00  -4.11069520e+00  -3.55858601e+00
   5.62585326e-01  -3.54037954e-01  -1.35579541e+00   3.46617069e+00
   8.09724983e+00   8.30871504e+00   4.28504829e+00  -5.83460036e+00
  -5.85750101e+00  -7.56931029e+00  -1.12514742e+01  -1.39914708e+01
  -1.67632732e+01  -1.54094544e+01  -7.38827565e+00  -1.18007986e+01
  -1.80188691e+01  -6.26732510e+00  -5.07894720e+00  -7.10699557e+00
  -7.93408590e+00  -5.71086881e+00  -8.70044211e+00  -9.19379720e+00
  -8.49391083e+00  -1.40490803e+01  -1.19564749e+01  -8.46669326e+00
  -2.88628789e+00  -1.76252902e+00  -2.20207624e+00  -3.76322745e+00
  -5.67474094e+00  -8.17499092e-01   1.03824565e+00  -3.25509040e+00
  -6.78269628e+00  -7.67190616e+00  -1.00655398e+01  -1.00353868e+01
  -4.65478251e+00  -1.52123089e+01  -1.44982927e+01  -1.21754149e+01
  -1.40598386e+01  -1.26159369e+01  -1.13459389e+01  -1.22420817e+01
  -1.12686282e+01  -1.16244129e+01  -4.55928976e+00   5.86176808e-01
  -7.32145137e+00  -7.05670712e+00  -1.12081445e+01  -8.90629723e+00
   9.96032289e-01   4.14195115e-01  -1.83430831e+00   1.47079479e+00
   5.04503376e+00   3.91970821e+00  -2.84508751e-01  -2.32574040e+00
  -6.47027568e+00  -1.80020250e+00   1.35939917e+00   1.18251719e+01
   1.43469937e+01   4.89021465e+00  -2.65059195e+00  -1.10694703e+01
  -1.19573825e+01  -7.80891401e+00  -5.66301470e+00   8.81200532e-01
   4.62462750e+00   5.15301189e+00   2.21115485e+00   1.16329472e+00
   1.42490041e+00   5.26539625e-01   3.97887047e+00   7.93123073e+00
   4.70501842e+00]