[-741.91524138 -741.91524138 -741.91524138 -707.2132087  -654.36788229
 -639.26064376 -641.85657379 -649.60392185 -654.6242577  -644.94492071
 -647.81132869 -640.42448456 -632.2299436  -645.60533764 -654.8629473
 -665.23988117 -666.35195296 -661.56148066 -658.61897217 -656.45163175
 -646.96894391 -629.58647846 -597.3866323  -564.10442462 -533.87796503
 -512.14424662 -503.20852575 -502.49057272 -492.60827238 -481.25719189
 -479.31263024 -476.71235607 -478.50960465 -481.94246084 -480.92129942
 -493.06582213 -499.58290274 -512.38925562 -528.29619075 -541.4552454
 -549.82485154 -549.81238974 -548.27860267 -553.07056428 -555.10856103
 -553.05928667 -552.43647687 -562.84115338 -586.61638134 -613.15567832
 -618.2630826  -600.56422211 -509.32305048 -421.71424514 -405.78830958
 -447.0397083  -451.41433266 -444.39224031 -445.86265879 -450.41530571
 -452.98701601 -458.46919391 -456.92600754 -451.73310519 -448.9679263
 -452.87300972 -459.3029995  -456.33640368 -458.59666514 -458.50994945
 -461.4283499  -467.45992137 -473.80956821 -470.83943061 -474.90341731
 -485.54675484 -489.94824015 -491.60726525 -492.05825316 -493.49251387
 -499.10202608 -502.66477094 -505.00005879 -511.00139619 -516.99803139
 -519.61479829 -520.10517991 -519.24734469 -504.6580681  -493.13723753
 -494.56096721 -496.40607997 -505.3194959  -520.84956999 -528.80716954
 -534.12552517 -540.32477571 -546.7816254  -551.19517641 -560.09575773
 -572.31837247 -570.60513115 -574.55634392 -584.65955083 -585.96768888
 -592.7882917  -598.33252922 -605.12044685 -605.05210426 -605.4244615
 -608.13334178 -612.38090339 -614.86396388 -618.07515141 -617.88680573
 -611.13484991 -585.33987883 -567.40923308 -552.42411403 -550.08399675
 -545.27477519 -538.35066691 -537.24247826 -518.40646651 -509.03634274
 -505.11244199 -493.47813896 -481.1121372  -474.11166217 -476.3650046
 -478.30313436 -473.52708796 -464.84919398 -445.65081293 -432.03848661
 -425.56996573 -428.70812593 -418.12059304 -415.65252706 -415.35523536
 -418.06155609 -415.30503127 -414.01937036 -407.75312886 -410.17954351
 -406.19111748 -413.2495044  -421.5280834  -423.83134332 -438.92858713
 -451.24648529 -459.45330317 -475.03544387 -491.09938007 -502.58080939
 -516.97126205 -541.62002061 -561.33893737 -577.28497589 -596.24331368
 -604.90575212 -610.97699142 -610.54906243 -598.90772198 -596.25979489
 -600.21753019 -608.39748334 -607.18538807 -610.19769634 -607.02140304
 -598.74836306 -605.6844596  -616.41270144 -620.88906134 -619.11407394
 -625.94747034 -631.79487357 -632.93995216 -630.68479995 -630.55073377
 -633.24946286 -632.18108562 -632.35530466 -631.02418613 -633.06968247
 -633.07232625 -628.93595845 -624.23386889 -618.76209619 -624.41404779
 -621.04588114 -619.0971843  -610.94393386 -617.60077988 -631.49835684
 -626.84376731 -621.73601617 -616.10342785 -610.21429724 -612.65074012
 -620.08604679 -623.47067951 -625.46978979 -625.80335749 -623.96543204
 -619.02538995 -606.31017137 -595.7888237  -593.23577383 -582.99172139
 -570.45970189 -558.03412445 -551.75072036 -560.8590516  -565.69790981
 -565.69397564 -561.47023716 -564.91736904 -573.06775205 -573.7243976
 -572.14093874 -564.66284987 -565.69293902 -575.39563816 -566.40526239
 -540.51709336 -517.32382377 -507.95134845 -510.02765851 -494.76454399
 -491.68323395 -493.26479539 -491.36015376 -487.12405492 -481.32805647
 -469.6453368  -453.42777851 -437.17135835 -421.2899647  -420.09027064
 -437.07471888 -470.6479372  -512.63820703 -525.87701195 -503.05801392
 -441.13960415 -408.99428584 -395.08507892 -415.46368806 -485.64267768
 -524.67991142 -525.67908626 -447.81373312 -406.66513797 -421.02754761
 -449.48289499 -455.27306166 -458.74543123 -464.35527897 -466.15947468
 -475.83945487],[ -6.03961325e-14  -6.03961325e-14  -6.03961325e-14   4.51199225e+01
   7.39699682e+01   7.62572608e+01   7.59255346e+01   7.24669730e+01
   7.09538475e+01   7.69983936e+01   7.72671228e+01   7.71678815e+01
   7.37397478e+01   6.67648230e+01   7.48199696e+01   6.96220853e+01
   6.68982058e+01   6.79278015e+01   6.84328956e+01   7.39109984e+01
   7.88491308e+01   8.27105491e+01   9.86733442e+01   1.15688579e+02
   1.34212996e+02   1.52767402e+02   1.61632741e+02   1.65015447e+02
   1.73798368e+02   1.84325253e+02   1.86660532e+02   1.89107887e+02
   1.87962539e+02   1.87196009e+02   1.91257503e+02   1.83976584e+02
   1.85203835e+02   1.83669800e+02   1.80993060e+02   1.82237797e+02
   1.82711165e+02   1.75744192e+02   1.65931591e+02   1.54690824e+02
   1.46931384e+02   1.46339022e+02   1.45883041e+02   1.39715290e+02
   1.32208508e+02   1.14013172e+02   9.22623330e+01   8.60161249e+01
   1.12393355e+02   1.31977317e+02   1.50451292e+02   1.56358270e+02
   1.67774331e+02   1.76852716e+02   1.78269720e+02   1.78758976e+02
   1.80164045e+02   1.77313811e+02   1.76867524e+02   1.77036520e+02
   1.76044675e+02   1.82907939e+02   1.87158058e+02   1.93697609e+02
   1.93796419e+02   1.96631592e+02   1.90207369e+02   1.85847040e+02
   1.89679016e+02   1.94443503e+02   1.98895701e+02   2.06810007e+02
   2.10591702e+02   2.06763034e+02   2.06880415e+02   2.09357860e+02
   2.08587305e+02   2.02619686e+02   1.98599107e+02   1.92483585e+02
   1.92931506e+02   1.88463538e+02   1.76700367e+02   1.65160826e+02
   1.65111836e+02   1.53233007e+02   1.40658445e+02   1.38535213e+02
   1.33464086e+02   1.23136133e+02   1.14880031e+02   1.16845174e+02
   1.13748275e+02   1.14367598e+02   1.21835713e+02   1.19389403e+02
   1.15854832e+02   1.18050735e+02   1.15548078e+02   1.06406193e+02
   1.06922302e+02   1.06032200e+02   1.02648233e+02   9.81132079e+01
   9.89713025e+01   9.75923447e+01   9.79242017e+01   9.20149170e+01
   9.02899958e+01   9.30109029e+01   8.52594315e+01   7.44251314e+01
   5.73540883e+01   3.93683633e+01   3.11686657e+01   2.15818484e+01
   2.84707044e+01   3.58517097e+01   3.56811554e+01   4.12418397e+01
   5.15835097e+01   6.19154410e+01   6.92088845e+01   6.49034235e+01
   5.61204624e+01   4.70793059e+01   3.44554498e+01   2.44912499e+01
   1.37989312e+01   1.13204066e+01   1.43107177e+01   2.94999366e+01
   5.94708729e+01   1.14010272e+02   1.47157944e+02   1.63150988e+02
   1.75523484e+02   1.95910953e+02   2.06241937e+02   2.17923318e+02
   2.27446863e+02   2.28614777e+02   2.17147012e+02   2.09214999e+02
   2.06540060e+02   1.93407264e+02   1.89163357e+02   1.91227480e+02
   1.91533965e+02   1.73249222e+02   1.59548477e+02   1.51684994e+02
   1.49340225e+02   1.40500524e+02   1.33185372e+02   1.23630099e+02
   1.18178723e+02   1.08156457e+02   9.44306141e+01   8.86703355e+01
   8.30361967e+01   8.35003901e+01   7.75840535e+01   8.08434085e+01
   7.97883990e+01   7.95495573e+01   9.03691874e+01   8.99827441e+01
   8.97433145e+01   9.22816355e+01   9.09899841e+01   7.99546316e+01
   7.39438462e+01   7.92549386e+01   8.38891907e+01   8.36441916e+01
   8.17226133e+01   8.28562373e+01   8.69511416e+01   8.47406058e+01
   7.89647327e+01   7.78030123e+01   7.87083366e+01   8.04365786e+01
   8.30449776e+01   8.43868420e+01   8.39637065e+01   8.11658356e+01
   8.26205876e+01   8.34912076e+01   8.18062308e+01   7.98052771e+01
   8.19649406e+01   8.02881523e+01   8.13088106e+01   8.35026273e+01
   7.98193754e+01   7.96750764e+01   7.67830955e+01   7.95062005e+01
   7.88178722e+01   8.08973022e+01   8.79749124e+01   9.34902110e+01
   9.41732758e+01   9.84104793e+01   1.04384109e+02   1.05827082e+02
   1.07670603e+02   1.07928717e+02   1.10067144e+02   1.07926705e+02
   1.14191013e+02   1.06502667e+02   1.02674294e+02   1.02129685e+02
   1.02939652e+02   1.11154916e+02   1.07489331e+02   9.97554336e+01
   1.06737819e+02   1.22640573e+02   1.39252681e+02   1.41367733e+02
   1.35995863e+02   1.47337315e+02   1.51231084e+02   1.45986079e+02
   1.39529502e+02   1.32662127e+02   1.29418651e+02   1.33755368e+02
   1.33806778e+02   1.39633175e+02   1.50779663e+02   1.44151606e+02
   1.31726623e+02   1.10366431e+02   8.55994954e+01   7.69107270e+01
   6.03932478e+01   5.49352253e+01   4.17892670e+01   3.93244540e+01
   5.02268692e+01   6.40790034e+01   6.53266354e+01   7.93689188e+01
   1.16587506e+02   1.27667371e+02   1.13657492e+02   1.07184108e+02
   1.26019819e+02   1.26124826e+02   1.02337120e+02   7.33760042e+01
   5.40344442e+01],[  3.01980663e-14   3.01980663e-14   3.01980663e-14   3.60023067e+01
   3.06483445e+01   2.13728962e+01   2.27994679e+01   2.25223933e+01
   2.38418148e+01   2.15079483e+01   2.19962787e+01   2.19032729e+01
   1.77472037e+01   1.50177517e+01   2.14004339e+01   2.21927755e+01
   1.94630778e+01   1.79962344e+01   1.95962704e+01   2.53612452e+01
   2.44148102e+01   1.63092245e+01   1.24862847e+01   5.61141926e+00
   3.85243409e+00   2.57996515e-01  -7.93030505e+00  -1.61225725e+01
  -2.04552833e+01  -1.62877224e+01  -1.35559395e+01  -1.26509950e+01
  -1.19562874e+01  -5.32484740e+00  -5.73136034e-01  -1.96560474e+00
   5.16565974e+00   1.48981816e+01   2.60228655e+01   3.58934644e+01
   3.81779089e+01   3.00422979e+01   1.77072526e+01   6.66846474e+00
   3.99054307e+00   6.77088200e+00   1.42044737e+01   2.98580300e+01
   4.45868453e+01   5.11142910e+01   3.89212122e+01   1.21696980e+01
  -3.74557240e+01  -6.13246381e+01  -4.35288994e+01  -1.37193968e+01
  -1.28612140e+01  -1.00286431e+01  -1.16595969e+01  -1.27678158e+01
  -1.71734672e+01  -1.66113574e+01  -1.62135332e+01  -1.54275671e+01
  -1.63793913e+01  -1.11131389e+01  -9.16823929e+00  -9.01632986e+00
  -6.87965392e+00  -4.28515941e+00  -7.21350659e+00  -6.94789036e+00
  -8.18364251e-01   4.32470042e+00   1.35635176e+01   2.46783992e+01
   2.99762773e+01   2.80326177e+01   2.98027930e+01   3.58949945e+01
   3.94261329e+01   3.66380071e+01   3.73326802e+01   3.91183531e+01
   4.33861429e+01   4.40871777e+01   4.09349259e+01   3.21379416e+01
   2.37432795e+01   1.95210898e+00  -1.24709697e+01  -1.24949153e+01
  -1.85114050e+01  -2.47632338e+01  -2.86036561e+01  -2.62025514e+01
  -2.39808314e+01  -2.26671306e+01  -1.23135368e+01  -3.74661154e+00
  -3.77937293e+00  -5.81732129e+00  -4.72449828e+00  -5.54568456e+00
  -2.12023443e+00   1.76578837e+00   2.36508361e+00   2.18480277e+00
   2.21175088e+00   3.35502087e+00   9.34012861e+00   3.13136671e+00
   5.63339489e+00   1.68933546e+01   1.27557343e+01   6.76959362e+00
  -1.20732637e+00   2.97262900e-01   4.99559813e-01  -5.17179902e+00
  -7.39519070e+00  -8.28017486e+00  -1.07828838e+01  -1.87933686e+01
  -1.45941213e+01   1.02594212e+00   1.20018116e+01   1.23059928e+01
   6.45182128e+00  -4.00275422e+00  -1.03561291e+01  -1.59940400e+01
  -2.81865419e+01  -3.96670458e+01  -5.38283724e+01  -7.23147563e+01
  -7.38510120e+01  -4.84471950e+01  -4.30637926e+01  -5.20334663e+01
  -5.64102630e+01  -5.57599863e+01  -5.98189018e+01  -6.50879803e+01
  -6.73153880e+01  -6.71735753e+01  -6.47586364e+01  -5.98961069e+01
  -5.84286635e+01  -5.85512668e+01  -5.44334222e+01  -4.27775017e+01
  -3.11231245e+01  -2.53578567e+01  -1.46374678e+01  -7.02645204e-01
   1.30891963e+01   1.33421002e+01   1.59846158e+01   2.26572932e+01
   2.25082546e+01   1.80052557e+01   1.67319143e+01   1.47531713e+01
   4.37428512e+00   9.66441873e+00   7.92245717e+00   5.67986536e+00
   3.60417577e+00   1.00127475e-01  -2.00161275e-01  -2.18018891e+00
   1.39990167e+00   6.05204250e+00   4.26452067e+00   4.03131229e+00
   5.05995099e+00   7.23619273e+00   1.02214815e+01   1.14992466e+01
   7.72829991e+00   7.80888664e+00   1.26188013e+01   1.34045070e+01
   7.42748456e+00   2.56327873e+00  -2.52080027e-01  -6.97723672e-01
   1.62982062e+00   7.35335217e+00   3.31101848e+00  -4.13245701e+00
  -1.72925991e+01  -1.02136644e+01  -9.34614567e-01  -1.27225062e+01
  -1.46980266e+01  -1.15492247e+01  -9.68138593e+00  -1.14466787e+01
  -1.12915350e+01  -1.07016736e+01  -1.23149906e+01  -1.08480987e+01
  -1.60414460e+01  -1.76023993e+01  -2.28862855e+01  -2.61015877e+01
  -2.44762840e+01  -3.05488214e+01  -3.26986902e+01  -3.42684905e+01
  -2.95336148e+01  -2.26336083e+01  -2.44482771e+01  -2.98206149e+01
  -2.84987307e+01  -3.42033103e+01  -2.94612029e+01  -3.01127623e+01
  -3.25102026e+01  -2.96388865e+01  -3.18339631e+01  -2.97278641e+01
  -3.30056322e+01  -3.34395102e+01  -3.32005437e+01  -3.23097360e+01
  -2.73195257e+01  -1.88392453e+01  -1.55718426e+01  -1.96945476e+01
  -2.12946427e+01  -2.46696504e+01  -2.94970450e+01  -3.11228415e+01
  -3.62746170e+01  -4.21774378e+01  -4.47472484e+01  -3.95290982e+01
  -3.29649735e+01  -2.76920941e+01  -2.49566034e+01  -2.10722304e+01
  -2.89996704e+01  -3.91006567e+01  -5.28445203e+01  -6.42128737e+01
  -6.42607197e+01  -4.51884270e+01  -3.14566755e+01  -3.75462165e+01
  -7.87513558e+01  -8.29352662e+01  -7.01612799e+01  -6.11886374e+01
  -4.65617793e+01  -2.57042928e+01  -2.08588860e+01  -2.77398463e+01
  -3.48609205e+01],[ -2.13162821e-14  -2.13162821e-14  -2.13162821e-14   2.61564052e+01
   3.07687385e+01   2.98021451e+01   3.52168979e+01   2.97157922e+01
   2.63123778e+01   2.77561674e+01   2.25136172e+01   2.15248763e+01
   2.83703921e+01   2.75811418e+01   1.79867479e+01   1.63791982e+01
   1.78989756e+01   2.09541832e+01   2.64608184e+01   2.84922370e+01
   2.91521423e+01   3.78940875e+01   5.21166487e+01   5.46433620e+01
   5.22742232e+01   4.19992421e+01   3.42218810e+01   2.71317699e+01
   1.83484273e+01   1.66233621e+01   1.54075701e+01   1.32928814e+01
   1.22686745e+01   1.44947808e+01   1.00834312e+01   1.37827882e+00
  -3.85802033e+00  -4.97356320e+00   8.20973474e-01  -2.02983753e+00
  -1.08486563e+01  -8.96792044e+00  -6.35951274e+00  -4.35736848e+00
   9.86221756e+00   2.54953603e+01   3.79929311e+01   5.63622353e+01
   5.79242184e+01   5.78802614e+01   5.80998089e+01   4.21732583e+01
   2.23135713e+01   3.41034028e+01   4.76944936e+01   4.82083490e+01
   2.57560397e+01   2.05132125e+01   1.73275075e+01   1.51245367e+01
   1.32684069e+01   1.02604724e+01   9.11658046e+00   1.30472091e+01
   1.19425084e+01   5.05065104e+00  -1.01958751e+00  -5.07971134e-01
   1.33219269e+00   9.01309905e-01   9.91792807e-01  -4.18985805e+00
  -5.40762194e+00  -1.89828717e+00   8.42194638e-01  -1.19762151e+00
  -5.47986831e+00  -5.00197356e+00  -2.21196496e+00   2.34748040e+00
   2.87621966e+00   5.54064954e+00   9.45982598e+00   1.30763049e+01
   1.04934114e+01   1.78528213e+01   2.79516454e+01   2.57464666e+01
   2.35425154e+01   2.19510644e+01   2.22117462e+01   3.10217905e+01
   2.25352931e+01   1.60682284e+01   2.02354593e+01   1.42209004e+01
   1.31892272e+01   8.40024298e+00   7.48958355e+00   1.46195018e+01
   9.86642582e+00   8.97178703e+00   1.30499568e+01   1.40748771e+01
   1.66176985e+01   2.16618306e+01   2.17064945e+01   1.86080945e+01
   1.64190919e+01   2.21228358e+01   3.00341650e+01   2.35624955e+01
   2.60443379e+01   3.00202332e+01   2.48891862e+01   3.30537510e+01
   5.25694726e+01   6.90567190e+01   6.75101791e+01   6.19922234e+01
   5.22947594e+01   5.02866990e+01   5.14057108e+01   4.79823336e+01
   5.11748674e+01   6.35008468e+01   6.99972695e+01   7.14039813e+01
   7.46507972e+01   6.92435510e+01   6.69802644e+01   6.92417959e+01
   7.42713535e+01   8.02262513e+01   8.60427090e+01   7.68435448e+01
   6.64139225e+01   4.97339632e+01   2.22912356e+01   5.26460911e+00
  -6.27292723e+00  -2.52907478e+01  -4.03437612e+01  -5.41851071e+01
  -7.34697299e+01  -7.62773296e+01  -7.22096925e+01  -6.55274386e+01
  -6.08766300e+01  -5.82475465e+01  -5.61305004e+01  -4.44919623e+01
  -3.91605589e+01  -2.03358173e+01   1.00135231e-02   1.61092883e+01
   1.48801193e+01   9.79640565e+00   1.26344143e+01   1.53880970e+01
   1.40223723e+01   1.63200102e+01   2.93545765e+01   3.95123655e+01
   4.02911212e+01   4.25366679e+01   3.69106054e+01   3.23364502e+01
   2.92008761e+01   2.83052440e+01   2.32090101e+01   1.73655550e+01
   1.44238766e+01   1.50910705e+01   1.43507853e+01   2.06011756e+01
   2.44709978e+01   2.07163360e+01   1.96556734e+01   2.38456846e+01
   1.87590098e+01   1.55010237e+01   1.25582333e+01   1.77511331e+01
   2.18425642e+01   1.94518838e+01   1.55234694e+01   1.70808074e+01
   2.23875782e+01   1.88175854e+01   2.03600115e+01   2.47089612e+01
   2.67057498e+01   2.28282085e+01   1.66847510e+01   1.13090165e+01
   8.88291482e+00   1.80006105e+01   2.42619917e+01   2.20778977e+01
   2.34223115e+01   2.30444380e+01   2.31851110e+01   1.96270612e+01
   1.41357920e+01   1.27203723e+01   5.67516506e+00   2.34612025e+00
   8.63823162e+00   3.94533384e+00   6.07820491e-01   5.24509290e+00
   1.50384589e+01   1.43694266e+01   6.16521417e+00   2.71404664e+00
   3.29645393e+00   3.46026359e+00   8.24421693e+00   9.93994707e+00
   2.68023173e+00   1.58008718e+00   2.32338884e+00   9.17613024e+00
  -3.88021109e+00  -9.28078287e+00  -1.58918708e+01  -1.15864142e+01
   1.85591392e+00   1.32535740e+01   1.81009141e+01   2.28135131e+01
   2.83208115e+01   3.15965866e+01   2.75821778e+01   2.49704372e+01
   2.78482008e+01   2.56926927e+01   2.19901370e+01   3.44630304e+01
   4.07964310e+01   4.18644245e+01   3.62877361e+01   3.82112660e+01
   4.68898933e+01   5.86061162e+01   7.22657377e+01   8.13504342e+01
   7.19225797e+01   4.61004674e+01   4.66773869e+01   3.59390173e+01
   3.63857433e+01   5.63158628e+01   6.97577733e+01   6.96357340e+01
   5.38880624e+01   4.53563817e+01   4.71662108e+01   4.94624815e+01
   4.39972536e+01],[  0.           0.           0.          17.83581742  10.51608683
   7.35593096  14.81812353   8.89995892   5.34987239   8.69641064
   8.31024097   1.83399128  -1.07396148   5.09684684  11.42906252
  13.83441723  16.5720836   19.04655576  19.97144133  21.07437715
  17.77986385  25.20170264  40.87143658  52.41229849  53.90663152
  48.3874626   49.05494214  51.38006955  48.21235371  43.00645648
  37.02651724  30.92152442  28.13370595  23.83666248  14.26692963
   5.74962051  -4.27669469  -7.61242907   0.63801084   3.50762477
   4.3169704   10.48676193  16.85736729  22.92947993  36.18315311
  47.02401075  45.59095699  45.81197887  46.26502228  45.05996838
  32.99772772  27.77302699   9.86380065  -9.38613241  -5.82914028
   2.18898701  -7.45328406 -13.70203339 -19.3955479  -22.039606
 -16.78584305 -19.96114627 -26.09567247 -28.29647111 -31.74930482
 -30.55217523 -26.67296109 -22.21931609 -20.38081039 -20.17732643
 -23.10459016 -32.0322346  -30.74774797 -27.59581059 -25.51826704
 -22.52364147 -23.80061614 -26.15308655 -25.94904851 -21.12063558
 -16.38144465 -13.78270478 -12.38733299 -14.79545762 -17.01565256
  -9.40497128  -6.9596887  -10.71501707 -20.75255126 -22.44414431
 -20.85232665 -14.27994601 -14.79218437  -9.62106293  -3.47824454
  -7.47274356  -7.32842853  -7.67589707  -6.00159069  -4.90426159
  -2.73405961   1.23907804   9.98732061   9.32192858  11.45913547
  18.77232531  19.56239061  18.84340651  17.47077959  21.65911361
  25.76121324  22.35443722  23.43958073  22.74930633  10.13155978
   6.7814966   -5.98637662 -19.27314464 -27.91475524 -24.80481586
 -23.04777079 -20.69826229 -19.25489634 -30.69263556 -34.15613191
 -31.12618801 -26.72204543 -34.07446181 -37.15244381 -41.41012798
 -43.83145973 -46.60821712 -48.35138129 -51.41019572 -45.93843787
 -38.17499857 -34.56925659 -30.75278105 -20.13668193 -10.22817955
  -8.04450879  -8.26686242  -5.92512521   0.6647738    2.77096007
  -6.17416162 -17.35791855 -16.61285088 -14.93895437 -19.83741945
 -21.44940811  -7.12005189   4.51229686   3.85946093   2.10540442
   1.02223814  -3.9564689    0.86476622  12.46600106  14.59117682
  16.8138215   16.96302333   9.8718841    3.6185317    7.88989753
  13.44086134  13.75162223  15.94527689  12.66870052  10.77917391
  11.93233087  12.40457928  13.98017302  20.04368213  21.21294271
  22.68806133  23.18398884  24.35401637  22.61223769  21.91759925
  21.4744345   17.50373107  13.030672    16.14659187  21.93572352
  26.30075116  20.2853817   16.49307164  16.17792593  13.8115904
  18.44622615  30.64761841  50.61394371  42.10107024  32.18618013
  35.67130338  30.6768067   26.23500765  27.9063052   37.62856035
  42.29267836  43.61683697  41.63123651  40.34468315  40.36833543
  35.66630851  31.02038403  24.71797226  27.65342888  27.11037683
  15.28950485   8.0051696    8.45808972   8.79011313   9.21985993
   9.96889057  12.80795483  13.49567288  16.38338247  21.57787881
  16.12117126  13.92326921  16.66669018  26.03543073   6.53013591
 -11.18207501 -25.50659578 -33.97435475 -32.56131549 -28.24328094
 -21.9990438  -15.08925096 -17.78745164 -20.38120924 -29.71379263
 -35.76330197 -36.12882961 -35.40389301 -39.51365245 -41.54821005
 -38.41325521 -25.41769489  -8.17525437  -1.48721071 -16.30493748
 -43.89752712 -56.76048379 -50.65905748 -38.47629077 -11.21327388
   3.60244562   7.75936627   0.52952718  -8.74193942 -11.96158353
   8.93318668  17.72293228  18.98042039   6.2861199   -2.52248832
 -10.16128248],[ -5.32907052e-14  -5.32907052e-14  -5.32907052e-14   1.17966012e+01
   1.11000488e+01   9.97558025e+00   1.35168831e+01   6.96224179e+00
   2.94748149e+00   3.99940656e+00   9.89545501e+00   1.92644404e+01
   1.66507655e+01   1.02104322e+01   1.27844628e+01   1.45279780e+01
   1.24533404e+01   1.59259967e+01   1.57884731e+01   1.54006127e+01
   9.84157412e+00   1.50291624e+00  -8.24908587e-01   4.41204909e+00
   4.51905538e+00  -3.32624438e-02   4.71378346e+00   2.25470495e+00
  -1.04650764e+00   1.22099991e+00   2.38612290e+00   3.15173275e+00
   6.85944053e+00   1.19622705e+01   1.31694284e+01   1.13233412e+01
   8.15991646e+00   6.28120055e+00   3.52271675e+00   4.79413921e+00
   1.14447035e+01   1.51987575e+01   1.63789835e+01   6.49621817e+00
   3.57538225e+00   2.09558655e+00  -1.54419346e+00  -1.97558479e+00
   6.87101414e+00   2.20751275e+01   2.20855832e+01   2.72806711e+01
   1.76380620e+01   9.98713170e+00   1.00389917e+01   3.19711018e+00
  -4.00670688e+00  -3.72093433e+00  -1.04167949e+01  -1.26433169e+01
  -1.32241248e+01  -1.09321130e+01  -1.04162519e+01  -8.96644380e+00
  -6.95507044e+00  -9.44353552e+00  -1.10261598e+01  -1.48936473e+01
  -1.55843290e+01  -2.01637828e+01  -2.48575496e+01  -2.82423148e+01
  -2.72159452e+01  -2.57905393e+01  -2.45871748e+01  -2.27635574e+01
  -2.22524598e+01  -2.77424928e+01  -3.16370436e+01  -2.82794315e+01
  -2.37226711e+01  -2.17678639e+01  -1.94657586e+01  -2.44315915e+01
  -2.60787630e+01  -1.94726994e+01  -1.63023382e+01  -8.68596992e+00
  -6.22739138e+00   4.81659513e-01   4.47651908e-02  -4.15252899e+00
  -3.07147626e+00   2.72557469e+00   3.90129970e+00   6.87561739e-01
   3.17525841e+00   2.84560139e+00   4.14513635e+00   1.00323488e+00
  -1.38604343e+00  -7.56281401e-01   5.59837831e+00   5.26375194e+00
   7.64978154e+00   4.73170782e+00   7.65542476e+00   9.84828616e+00
   9.38611610e+00   8.72571305e+00   8.17982166e+00   8.70902900e+00
   1.16796878e+01   1.75881313e+01   1.90289816e+01   1.43627667e+01
   2.16534019e+01   2.68242929e+01   3.26888259e+01   4.03317806e+01
   3.94163498e+01   3.77425367e+01   3.86410228e+01   3.35200667e+01
   2.77864469e+01   2.60225510e+01   3.58684912e+01   3.70816019e+01
   4.18754300e+01   4.62234784e+01   4.35213046e+01   4.05676043e+01
   3.91024210e+01   3.14216689e+01   2.69063854e+01   1.71690971e+01
   8.79407000e+00   5.29392833e+00   1.05162607e+01   5.70140292e+00
   3.37212599e+00  -2.87197944e+00  -4.66070871e+00  -2.62868567e+00
  -5.75978383e+00  -1.06095515e+01  -2.08476563e+01  -1.96315840e+01
  -2.56817158e+01  -3.67810431e+01  -3.58669020e+01  -2.17848945e+01
  -6.50090360e+00   6.65653640e-01   3.96751724e+00  -1.23752443e+00
  -8.81953797e+00  -6.78518874e+00  -2.82429418e-01   1.51671212e+00
   7.08205706e+00   6.30841346e+00   8.78078866e+00   1.03156098e+01
   1.10215687e+01   1.64689772e+01   2.09015867e+01   2.52113454e+01
   2.42061100e+01   2.11666565e+01   2.00209989e+01   1.60327353e+01
   1.11893551e+01   1.05743010e+01   1.69508205e+01   2.46975468e+01
   2.44892188e+01   2.24348740e+01   2.10378375e+01   1.44492105e+01
   1.52735204e+01   1.84647868e+01   1.62774525e+01   1.45899906e+01
   1.26367644e+01   1.73081387e+01   1.92412135e+01   1.72335164e+01
   1.51666857e+01   1.53369711e+01   1.53774796e+01   1.59992230e+01
   1.69902769e+01   1.30512899e+01   1.35649731e+01   1.43238525e+01
   1.12600586e+01   8.79881251e+00   1.08175568e+01   1.48610688e+01
   1.60719262e+01   1.43769080e+01   9.80210025e+00   1.09595341e+01
   1.73311378e+01   1.40865745e+01   1.69194914e+01   1.25848214e+01
   1.33867093e+01   1.49825318e+01   5.21807489e+00   1.70265287e+00
  -4.93938201e-01   1.83923541e-01   1.99856494e+00   2.85103886e+00
   2.12090211e-01   1.92146336e+00   2.42647430e+00   4.84099850e+00
   4.22690517e+00   1.22012982e+00   8.42992652e+00   1.49951062e+01
  -4.81603620e-01  -9.57713218e+00  -1.58161841e+01  -2.64429455e+01
  -3.26428470e+01  -2.65514190e+01  -2.25310439e+01  -1.75121771e+01
  -1.55036555e+01  -7.78102715e+00  -1.16776123e+00   1.68012200e+00
   8.88159911e+00   9.03427584e+00   2.11292301e+00   4.33600737e-01
   3.72011006e+00   9.83955617e+00   2.21312610e+01   2.09424281e+01
   3.20327082e+01   4.28280016e+01   4.46679975e+01   4.49099373e+01
   4.33172424e+01   3.98983145e+01   3.43147310e+01   2.28836862e+01
  -8.05762537e+00  -1.52586949e+01  -1.52779836e+01  -5.62096055e+00
  -1.35233761e+00   1.63956680e+01   3.31597350e+01   3.91926130e+01
   3.50267190e+01],[  5.68434189e-14   5.68434189e-14   5.68434189e-14   8.05900227e+00
   1.70035516e+01   1.95453977e+01   2.65261026e+01   1.96119346e+01
   1.54401053e+01   1.99091779e+01   2.42639514e+01   2.67170620e+01
   2.72209541e+01   2.16307130e+01   1.97007197e+01   1.80728739e+01
   1.56532141e+01   2.32602152e+01   2.53515175e+01   1.98742304e+01
   1.21605103e+01   8.75641652e-01  -4.89182461e+00  -8.18110325e+00
  -1.26031359e+01  -1.71913281e+01  -1.20235138e+01  -1.21776219e+01
  -1.87946160e+01  -1.99843423e+01  -1.64718266e+01  -6.87855731e+00
   3.19509810e+00   9.89241591e+00   1.62181184e+01   2.15858824e+01
   2.36485043e+01   2.26975714e+01   1.23686598e+01   7.23155405e+00
   8.14797018e+00   8.82455092e+00   3.80308720e+00  -1.70372578e+01
  -2.55369554e+01  -2.19762401e+01  -1.29102917e+01  -1.07664298e+01
  -5.00532188e+00   3.16619128e+00   9.02231927e+00   5.14360715e+00
  -1.03095870e+01  -2.42701026e+01  -2.57841178e+01  -2.35223581e+01
  -2.35751743e+01  -1.66372818e+01  -1.29281170e+01  -5.85694000e+00
   1.71362382e+00   7.41274028e+00   1.47079168e+01   1.96016161e+01
   2.09090040e+01   1.18610280e+01   6.80297563e+00   8.74443007e+00
   9.76933894e+00   4.16499445e+00  -5.94370562e-02  -2.55456581e+00
  -2.02871603e+00  -1.75614782e+00  -3.85787777e-02   5.76316691e+00
   2.40970331e+00  -4.33784688e+00  -5.62148554e+00  -5.18288572e+00
  -8.85807963e+00  -6.64630421e+00  -5.59410279e+00  -7.93147976e+00
  -7.33640761e+00  -7.11207471e+00  -9.89549100e+00  -7.66190168e+00
   2.64356353e+00   1.57121922e+01   1.89609163e+01   1.45853076e+01
   1.45686234e+01   1.64994895e+01   1.97230521e+01   1.68079100e+01
   1.91236649e+01   2.04897412e+01   2.14076176e+01   2.23411856e+01
   1.81944692e+01   1.58959248e+01   1.61408174e+01   1.64920263e+01
   1.78816429e+01   1.45826729e+01   1.69329356e+01   9.39820688e+00
   7.37291045e+00   6.67058130e+00   9.82289944e+00   8.98017025e+00
   6.33768115e+00   9.36475831e+00   1.31388161e+01   6.81087211e+00
   1.15639649e+01   1.22260148e+01   1.16504758e+01   1.14569001e+01
  -2.59266824e+00  -5.77045060e+00  -1.64029407e+00   4.51701318e+00
  -2.29608738e-01  -5.24561991e+00  -3.98817422e+00  -8.80296783e+00
  -4.90574334e+00   2.16945898e+00  -4.41862255e+00  -5.07829482e+00
   5.86926751e-01  -6.01262361e-01  -2.16624688e+00  -7.31835236e+00
  -1.09319046e+01  -1.70358611e+01  -2.37534604e+01  -2.80724469e+01
  -1.88667329e+01  -1.88382421e+01  -2.19075536e+01  -2.38563876e+01
  -3.45526453e+01  -3.96809943e+01  -4.50142380e+01  -4.38986362e+01
  -5.10659430e+01  -6.04768865e+01  -5.19204454e+01  -4.10475945e+01
  -3.24829954e+01  -1.61734800e+01  -3.84499497e+00  -4.08626718e+00
  -1.23123497e+00   2.55609383e-01   2.15925487e+00   1.23860369e+00
   6.03498229e+00   4.03472867e+00   7.11174384e+00   1.21484919e+01
   1.57190891e+01   1.41116935e+01   1.16068539e+01   2.00327445e+01
   2.50891098e+01   2.49102123e+01   2.53321078e+01   2.55607277e+01
   2.17074258e+01   1.35756499e+01   1.27569956e+01   1.69769843e+01
   1.84979889e+01   1.62940661e+01   1.62576434e+01   1.55259680e+01
   1.56608555e+01   2.09029373e+01   1.79602475e+01   8.87544865e+00
   6.77535008e+00   1.05160422e+01   1.88595217e+01   2.19351579e+01
   2.24493928e+01   2.00522328e+01   1.59553717e+01   1.01682332e+01
   6.14868570e-01   1.19395960e+00   7.69612077e+00   4.12192130e+00
   2.98478604e+00   3.15810582e+00   4.11411259e+00   3.08439065e+00
   3.93543544e+00   4.46914691e+00   2.81968029e+00   3.90970755e+00
   7.94771226e+00   1.08862674e+01   1.58808059e+01   1.68831991e+01
   2.06122239e+01   1.71484860e+01   1.09153094e+01   1.38108534e+01
   1.04716386e+01   1.01385909e+01   1.64341553e+01   1.72553031e+01
   1.80740622e+01   1.76340096e+01   1.92838075e+01   1.90567685e+01
   1.37113898e+01   1.04046565e+01   1.24198691e+01   9.84717980e+00
   2.69269190e+00   3.47275979e+00   9.85064721e+00   7.27278665e+00
   1.56985702e+00   1.41674612e+00   5.27459482e-01   8.00723497e+00
   8.00326575e+00   1.00847381e+01   2.06005756e+01   2.69065075e+01
   3.04924295e+01   2.03004734e+01   8.71564675e+00   4.58371011e-01
  -5.85564724e+00  -8.11920074e+00  -5.51671330e+00  -7.53903441e+00
  -6.85899321e+00  -1.22780374e+01  -1.18919020e+01  -1.77295800e+01
  -9.93750519e+00  -2.68012279e+00   4.42038635e+00   2.25773076e+00
  -4.37642541e-01  -1.38671998e+00  -3.31865613e+00  -1.22260821e+01
  -2.48597652e+01  -2.92567368e+01  -1.41633640e+01  -1.27938432e+01
  -1.85890117e+01],[ -7.46069873e-14  -7.46069873e-14  -7.46069873e-14   7.01774272e+00
   2.62534424e+00   4.84782839e+00   8.42476153e+00   2.66757772e+00
   3.00944546e+00   7.46335894e+00   9.35328065e+00   5.92760463e+00
   6.36461013e+00   9.27689112e+00   1.05064025e+01   6.53108460e+00
   7.48691494e+00   1.47681356e+01   1.72402857e+01   9.90606343e+00
   1.84176602e+00  -1.80426079e-01   6.47244234e-01  -3.33337187e+00
  -3.98942501e+00  -7.22575405e+00  -1.06394888e+01  -1.04799019e+01
  -1.60909939e+01  -2.76266747e+01  -3.19018792e+01  -2.89362799e+01
  -2.41644458e+01  -2.75550783e+01  -2.71841868e+01  -1.78008973e+01
  -1.20007203e+01  -6.94052028e+00  -3.56695621e+00  -3.24248787e+00
  -4.35248222e+00  -2.84970670e+00  -7.04655179e+00  -1.80545892e+01
  -1.53776095e+01  -3.77701319e+00   7.72803075e+00   5.69581218e+00
   6.23183214e+00   3.29905554e+00   8.38724098e+00   5.03414855e+00
  -8.52513241e+00  -2.22208802e+01  -2.67642816e+01  -2.80234767e+01
  -2.75308656e+01  -2.48895329e+01  -2.60427372e+01  -2.51271856e+01
  -1.74826308e+01  -1.49358382e+01  -1.21020204e+01  -1.15569702e+01
  -1.28532088e+01  -1.08056332e+01  -9.69388583e+00  -3.58804032e+00
   1.98218146e-01  -4.69746860e-01  -4.62583672e+00  -5.11891761e+00
  -6.29004705e+00  -4.14223233e+00  -2.18027399e-01   5.89929807e+00
   4.26320864e+00   3.72787740e+00   7.98782996e+00   8.02835171e+00
   4.46897289e+00   7.10207315e+00   3.21787385e+00  -1.82912351e-01
  -1.73582411e+00  -4.32233498e+00  -5.17649130e+00  -4.74291990e+00
  -2.09808181e+00   5.58033535e+00   1.01492897e+01   5.01866144e+00
   2.60959076e+00   3.26641347e+00   3.27626354e+00  -4.74040897e+00
  -2.30835144e+00   1.74416055e+00   6.82799161e+00   7.13274964e+00
   7.96981596e-01  -3.71714039e+00  -2.73321500e+00  -4.00050753e-01
   2.05791520e+00   2.99218265e+00   1.16717677e+00  -9.67737518e+00
  -1.06244470e+01  -8.89479554e+00  -3.92649873e+00  -4.78002949e+00
  -1.25941169e+01  -1.28528080e+01  -1.09669795e+01  -1.44301841e+01
  -1.67931528e+01  -1.50937056e+01  -9.95242429e+00   2.28851008e+00
   3.70761056e-01  -4.49042853e-01   1.07228596e+00  -3.32581409e-01
  -2.65670435e+00  -6.42253639e+00  -1.13066698e+01  -1.19634311e+01
  -5.56248619e+00  -1.27092245e+00  -4.02184352e+00   5.20800615e-01
   2.65859035e+00   3.07641944e+00  -1.28765956e+00  -4.73704851e+00
  -1.10312639e+01  -1.91657270e+01  -2.33023401e+01  -2.37945441e+01
  -2.53682148e+01  -2.79415997e+01  -2.48689708e+01  -1.81401672e+01
  -1.18395659e+01  -1.77506641e+01  -2.08664795e+01  -1.44099013e+01
  -1.22465190e+01  -2.09546978e+01  -2.40231468e+01  -1.48607679e+01
  -1.30324397e+01  -2.12613050e+01  -2.18802662e+01  -2.49482590e+01
  -2.10506724e+01  -1.24103249e+01  -6.76323295e+00  -8.36753108e+00
  -3.35981036e+00  -3.18744324e+00  -1.25139523e+01  -9.76928442e+00
  -6.26987431e+00  -9.90832672e+00  -1.13425188e+01   1.54988777e+00
   2.99596953e+00   4.47284252e+00   6.17200094e+00   9.31935015e+00
   1.12037552e+01   8.28226239e+00   1.94142083e-01  -1.60633528e+00
   1.77389390e+00   7.50054651e-01   3.02380613e+00   7.90225711e+00
   5.81970579e+00   5.91264268e+00   3.51960459e+00  -1.62686566e+00
  -3.09565679e+00  -7.81345912e-01   3.82899685e+00   2.07467338e+00
   5.67763746e+00   7.56833159e+00   5.04451316e+00   3.20325574e+00
   3.07035092e+00   6.16636193e+00   4.52291494e+00   1.05406460e+00
  -1.23760096e+00   2.74415424e+00   8.89302263e+00   5.42622712e+00
   1.65263333e+00   2.71130219e+00   5.44121224e+00   5.26814301e+00
   4.29456629e+00   9.71831981e+00   1.14160010e+01   1.16778686e+01
   1.42879252e+01   9.07936376e+00   6.32820625e-01   4.02675532e+00
   2.02175690e+00   7.84728382e-01   2.54132998e+00   2.02247553e+00
   7.04836173e+00   6.30037058e+00   1.21928084e+01   1.38110734e+01
   8.21283817e+00   8.13546921e+00   4.45592360e+00  -3.22677872e+00
  -1.59663654e+00   2.24312436e+00   1.26830290e+01   1.28801296e+01
   7.96525133e+00  -1.00060715e+00  -4.85084456e+00  -1.52643908e+00
  -7.88244394e+00  -1.01909438e+01  -7.44865357e+00  -1.22794396e+01
  -1.46552820e+01  -2.16369692e+01  -2.62817643e+01  -3.04187255e+01
  -3.66673712e+01  -2.99995795e+01  -9.87974409e+00   4.13540627e+00
  -2.07780086e-01  -7.24694854e+00  -1.52526407e+01  -3.16446635e+01
  -3.29531808e+01  -1.11699639e+01   1.05106965e-01  -1.49289173e+00
  -1.21019962e+01  -2.08337009e+01  -1.75821245e+01  -1.91278970e+01
  -1.78862944e+01  -1.22420968e+01  -6.10374365e+00   4.55783530e+00
   9.59865673e+00],[  4.79616347e-14   4.79616347e-14   4.79616347e-14   8.94796923e+00
   6.49230504e+00   7.56889797e+00   3.63295002e+00   2.25207805e+00
   4.66104692e+00   3.58839437e+00   1.99213606e+00   1.03273283e+01
   1.27894700e+01   1.52953815e+01   1.02172112e+01   3.98550346e+00
   4.27886876e+00   7.22811926e+00   1.20802136e+01   1.00606554e+01
   6.68296965e+00   5.93920953e+00   3.32153379e+00  -7.88811660e+00
  -9.11130209e+00  -1.49793828e+01  -2.07086727e+01  -2.67585798e+01
  -2.83770717e+01  -3.08233325e+01  -3.07778472e+01  -3.25737069e+01
  -3.59795336e+01  -4.27506842e+01  -4.25646327e+01  -3.83641262e+01
  -3.14921551e+01  -2.54805328e+01  -1.71283275e+01  -1.68331961e+01
  -2.12259220e+01  -2.43197277e+01  -2.86854309e+01  -2.73361501e+01
  -1.59608448e+01  -4.07510310e+00   3.66257231e+00   5.79701124e+00
   4.28395239e+00   4.58723709e+00   1.05410464e+01   1.70173981e+01
   1.74134631e+01   9.84138157e+00   3.84171988e+00  -1.30452767e+01
  -2.87699278e+01  -3.19529463e+01  -3.53552538e+01  -3.00354660e+01
  -2.31432617e+01  -2.57181123e+01  -2.63657920e+01  -2.81649844e+01
  -2.87865685e+01  -2.51492372e+01  -2.38640908e+01  -2.00754884e+01
  -1.87314479e+01  -2.19846868e+01  -2.89351460e+01  -2.66900097e+01
  -2.62158620e+01  -2.25295471e+01  -1.72723868e+01  -1.39751931e+01
  -1.04873051e+01  -4.97385202e+00  -2.66240198e+00  -2.94933010e+00
  -9.11498522e-01   3.69254740e+00  -1.60607344e+00  -4.94321870e+00
  -6.74046986e+00  -3.11523356e+00  -6.07818353e-01   7.67359862e-01
   5.53706753e-01   6.37171494e+00   9.78073075e+00   5.55103642e+00
   7.40337710e+00   1.01053504e+01   1.01677415e+01   2.68040434e+00
   4.76500313e-01   5.53206328e+00   7.83898856e+00   1.31631140e+00
  -7.58558280e+00  -1.04953408e+01  -9.37625985e+00  -6.00446072e+00
  -2.76839998e+00  -6.85064815e+00  -8.89898625e+00  -8.52019897e+00
  -5.23235836e+00  -6.39104200e+00  -4.52660769e+00  -1.68666928e-01
  -2.98909149e+00  -3.33387083e+00  -1.23200064e+00  -5.28404089e+00
   3.96902029e+00   7.53879672e+00   5.64122167e+00   9.81673120e+00
   7.59448721e+00   3.00655437e+00   7.98317005e+00   7.78267310e-01
   1.18433713e+00   6.52052354e+00  -7.29424347e+00  -6.36428897e+00
   5.80636091e-01   5.99488064e+00  -1.67003526e+00  -2.37525228e+00
  -5.11869638e+00  -7.40605683e+00  -1.17328871e+01  -7.32169388e+00
  -3.38385862e+00  -5.71619796e+00  -8.90694576e+00  -1.15789879e+01
  -1.31181925e+01  -2.01988943e+01  -2.05003154e+01  -2.38418828e+01
  -2.78095141e+01  -3.14082124e+01  -3.96456948e+01  -3.12410525e+01
  -2.46295489e+01  -3.56062858e+01  -4.37759436e+01  -2.96921822e+01
  -1.80139347e+01  -2.14353403e+01  -2.14144442e+01  -1.93073478e+01
  -1.85120076e+01  -1.68165755e+01  -1.51520377e+01  -1.55032390e+01
  -8.88768464e+00  -9.50509051e-01   3.57526264e+00   2.70977548e+00
   1.30581370e+00  -2.63601897e+00  -5.03722284e+00   5.30511100e+00
   7.74435080e+00   5.98349420e+00   1.46350172e+00   2.72734732e+00
   6.44913568e+00   4.18627345e+00  -3.56303353e+00  -1.34596880e+00
  -1.39330380e-02  -1.62548135e+00   2.54376526e+00   4.37891213e+00
   4.89801626e-01   3.31959259e+00   2.13253361e+00  -3.15782822e+00
  -2.40983637e+00  -1.13605485e+00   5.07236884e-01   1.34155228e-01
   5.53393408e+00   6.97231012e+00   6.67514990e+00   7.34755044e+00
   6.37968173e+00   7.77770108e+00   2.17936360e-01  -2.13690843e+00
  -2.58125210e+00   4.75438967e+00   1.03420831e+01   2.75718265e+00
  -4.20610408e+00  -3.08443624e+00   1.69539217e+00  -1.08337892e+00
  -1.50948686e+00   3.23883487e+00   3.30903594e+00   3.01644098e-01
  -1.32752166e+00  -1.07597748e+00  -6.87897610e+00  -5.10054497e+00
  -3.47546210e+00  -2.55205611e+00  -8.11347958e+00  -1.27401152e+01
  -9.93554200e+00  -3.11620774e+00   2.18505320e+00   2.94829180e+00
   4.35845773e+00   6.61659301e+00   5.74590849e+00  -3.23632623e+00
   6.61565343e+00   1.43417683e+01   2.22604407e+01   2.40883199e+01
   1.77970677e+01   1.54808744e+01   9.21089926e+00   4.38964104e+00
   3.85853101e+00   9.80839163e+00   1.07011689e+01  -4.93005270e+00
  -1.37414454e+01  -1.50052227e+01  -8.98289102e+00  -4.58723326e+00
  -7.31035276e+00  -3.51027278e+00   2.17448714e+00   9.29904330e-01
   3.77116915e+00  -1.49929246e+00  -6.29920042e+00  -9.61899566e+00
  -9.07861655e+00   1.82600483e+00   5.14379085e+00   2.51664442e+00
   5.15412118e+00   3.25710303e+00   2.67971588e+00   5.12784251e+00
   8.49317397e+00   2.70474496e+00  -6.93902652e+00  -6.84878859e+00
  -4.58019132e+00],[ -1.95399252e-14  -1.95399252e-14  -1.95399252e-14   1.15519547e+01
   1.43851785e+01   1.09010701e+01   7.32550950e+00   9.71383390e+00
   1.41055552e+01   9.95631550e+00   1.06090998e+01   1.22104221e+01
   9.25125471e+00   1.57967847e+01   1.57055120e+01   1.54268314e+01
   1.54504936e+01   1.36789454e+01   1.52889685e+01   1.84352007e+01
   1.46465099e+01   6.58818224e+00   2.27663049e+00  -6.39987105e+00
  -6.76144318e+00  -1.02583782e+01  -1.27012925e+01  -1.89257171e+01
  -1.69747959e+01  -1.16687370e+01  -4.33145548e+00   8.78210944e-01
  -3.44475597e+00  -1.28518331e+01  -1.45957950e+01  -1.80934046e+01
  -1.91781552e+01  -1.87184911e+01  -1.71534846e+01  -1.73294522e+01
  -2.08258934e+01  -2.71786000e+01  -3.32493593e+01  -3.11837471e+01
  -2.45218003e+01  -2.16919173e+01  -1.86651826e+01  -1.60526383e+01
  -1.14737151e+01  -6.66852365e+00  -3.91164824e+00   7.80570136e+00
   8.11180030e+00  -1.08718610e+01  -1.39721048e+01  -2.15067896e+01
  -2.94970268e+01  -2.59637739e+01  -2.25256719e+01  -1.97691179e+01
  -1.64883296e+01  -2.11443258e+01  -1.73818145e+01  -1.81019253e+01
  -1.89524603e+01  -2.44752402e+01  -2.94330639e+01  -2.36142703e+01
  -2.30852129e+01  -2.68426488e+01  -3.22131473e+01  -3.42426980e+01
  -3.35753292e+01  -2.87339709e+01  -2.45474742e+01  -2.56064881e+01
  -2.26812313e+01  -2.11071869e+01  -2.25877852e+01  -2.01671339e+01
  -1.88313385e+01  -1.55473089e+01  -1.65225985e+01  -1.16484842e+01
  -3.70147251e+00  -1.70383983e+00  -4.68663285e+00  -6.13739523e+00
  -6.94986620e+00  -4.84076777e-01   9.80924698e-01  -2.10835946e+00
  -6.30318806e-01   7.43837723e-01   6.21663364e+00   6.67048195e+00
   3.59695420e+00   6.62282864e+00   2.39753513e+00   1.78375909e+00
   1.85792757e+00   4.56022457e+00   3.68478002e+00   3.96646078e-01
   4.24182347e+00   4.83983084e+00   4.97241125e+00   8.51706037e+00
   1.25161695e+01   9.75086423e+00   9.76515611e+00   1.34435792e+01
   1.22385395e+01   7.58216132e+00   5.49442831e+00   6.93729766e+00
   8.85464454e+00   5.77006939e+00   1.04188716e+01   7.74787781e+00
   5.38895251e+00   2.45328707e+00   8.67906603e+00   8.40469327e+00
   3.85636356e+00   3.27022748e+00  -4.01972658e+00  -3.57184550e+00
  -3.59096860e-01   4.06154942e+00   3.01914398e+00   8.84299657e+00
   6.20574427e+00   6.66541951e+00   6.17893280e+00   4.50568353e+00
  -9.93501095e+00  -1.54301124e+01  -1.42114745e+01  -1.50413255e+01
  -7.27011234e+00  -4.46048579e-01  -1.97791034e+00  -4.99347893e+00
  -1.53528975e+01  -2.26067593e+01  -2.82201992e+01  -2.27450405e+01
  -1.97982660e+01  -2.45505365e+01  -2.64840885e+01  -2.00549394e+01
  -1.51073388e+01  -1.14330308e+01  -9.39310050e+00  -6.33331438e-02
   1.70902303e+00  -1.51259561e+00  -3.18620865e+00   6.63333636e-01
   6.40635189e+00   1.36880157e+01   1.17427290e+01   7.96357918e+00
   1.16918721e+01   1.23004507e+01   8.64650332e+00   1.21671194e+01
   1.33574987e+01   1.10973989e+01   4.51025731e+00   6.38653130e+00
   1.34408558e+01   1.30653866e+01   4.24987331e+00   4.39056905e+00
   5.03116165e+00   5.09413688e+00   9.92257654e+00   5.34383620e+00
   3.26222422e+00   1.02395451e+01   1.18698638e+01   5.47513557e+00
   5.47851630e+00   6.17975617e+00   4.17611925e+00   5.22670292e+00
   8.36996135e+00   7.49564697e+00   8.19928907e+00   7.96531215e+00
   7.43956863e+00   8.19441900e+00   7.63618162e+00   6.16213621e+00
   6.52457172e+00   3.40060947e+00  -5.42712919e-01  -8.03432699e-01
  -6.20122689e-01   4.89424080e+00   8.85744364e+00   6.53955607e+00
   8.30471859e+00   9.25288166e+00   5.48968839e+00  -6.08381415e-02
  -5.08093034e+00  -1.73789858e+00  -4.81457097e+00  -8.39025318e+00
  -8.85048700e+00  -2.95228521e+00  -4.37984576e+00  -6.45297651e+00
  -2.62370217e+00   5.45967265e-01   1.41205918e+00  -7.29881259e-01
   3.90059213e+00   5.94712548e+00   3.84664562e+00  -4.50290870e+00
   3.30310763e+00   6.52283237e+00   6.00217142e+00   1.23314064e+01
   1.08522670e+01   1.15378760e+01   7.12702076e+00   5.73766506e+00
   8.51164142e+00   1.05308553e+01   7.81388570e+00  -1.65426608e+00
  -6.98164828e+00  -3.96460067e+00  -1.28025136e+00  -2.71833630e+00
  -4.46905186e+00   6.88430775e+00   1.11491663e+01   5.98176679e+00
   2.60735464e+00  -1.31305470e+00   1.76544355e+00   5.37658521e+00
   6.03566083e+00   1.06991628e+01   7.63531429e+00   2.79511176e+00
  -2.68243307e+00  -9.99357267e+00  -1.36134182e+01  -1.03115573e+01
  -4.20685433e+00  -1.72055220e+00  -6.32201699e+00  -4.03043504e+00
  -4.26566492e+00],[  1.24344979e-14   1.24344979e-14   1.24344979e-14   1.19742016e+01
   9.44099651e+00   4.90030108e+00   2.92428265e+00   5.97558192e+00
   9.96277497e+00   5.12330771e+00   9.09757119e+00   1.23974053e+01
   1.13045566e+01   1.35355409e+01   1.43205022e+01   1.81985028e+01
   1.89189576e+01   1.46155920e+01   9.27695966e+00   1.03856700e+01
   7.87998641e+00   2.05793234e+00  -9.49679508e+00  -1.68976967e+01
  -1.78678837e+01  -1.68118329e+01  -1.44633092e+01  -1.38469545e+01
  -1.11502198e+01  -8.64723028e+00  -7.10233095e-01   1.07266168e+01
   1.41332204e+01   9.25919135e+00   8.83794646e+00   8.33344155e+00
   4.88355596e-01  -4.98351992e+00  -1.24915101e+01  -1.31080494e+01
  -1.42366333e+01  -1.17799043e+01  -1.06294112e+01  -1.63143469e+01
  -1.81176586e+01  -2.10688551e+01  -2.22239673e+01  -2.24367599e+01
  -1.41923414e+01  -4.59434248e+00   4.36130551e+00   1.19444238e+01
   1.31240073e+01   5.00624444e+00  -8.24181594e-01  -6.95700925e+00
  -2.92194255e+00   6.38327806e+00   1.40137282e+01   1.01077399e+01
   6.45818611e+00   5.86318287e+00   6.49217524e+00   3.21455876e+00
   1.28774829e+00  -1.45854859e+00  -5.86076297e+00  -1.79699572e+00
  -1.43213561e+00  -4.80368666e+00  -9.46039372e+00  -1.19273927e+01
  -1.30710211e+01  -1.26616226e+01  -9.52802273e+00  -9.88103417e+00
  -1.00125068e+01  -1.17861825e+01  -1.11944321e+01  -5.93680875e+00
  -6.47869942e+00  -4.69577507e+00  -2.80569615e+00  -1.48890057e+00
  -1.25724192e+00  -5.67711597e+00  -5.11964392e+00   1.22573130e+00
   6.36453550e+00   8.55516636e+00   8.93526075e+00   8.21113467e+00
   5.70919742e+00   4.28435263e+00   4.14089745e+00   4.36527408e+00
   1.33879854e-01   6.09833786e-01  -2.21376074e+00  -6.70421343e-01
  -3.06395613e-01   4.93559747e+00   7.51872883e+00   2.58884047e+00
   5.94369711e+00   1.41990020e+01   1.53499863e+01   1.47689281e+01
   1.48326100e+01   1.07487770e+01   9.00986078e+00   7.97032209e+00
   7.55094807e+00   4.21537202e+00   3.15433737e+00   7.89320899e+00
   4.75911748e-01  -6.67468145e+00  -8.38315431e+00  -1.07405191e+01
  -3.83481899e+00  -1.57846080e+00   3.18479566e+00   1.49951513e+00
  -3.45804477e+00  -9.14856297e+00  -1.12740208e+01  -1.64113717e+01
  -1.39191134e+01  -8.33735308e+00  -9.81894124e+00  -6.59789266e+00
  -1.08197246e+01  -6.40596188e+00   6.95261417e+00   1.82876354e+01
   1.49703268e+01   6.18939335e+00   4.96418577e+00   8.32096381e+00
   1.25621920e+01   1.26512078e+01   1.31356076e+01   1.63228713e+01
   1.85487286e+01   1.62677770e+01   1.43202539e+01   1.12914497e+01
   5.47144245e+00   1.04083967e+01   1.57732643e+01   1.51473080e+01
   1.34913251e+01   2.79714307e+00   6.70338207e-01   1.26756532e+01
   1.45388764e+01   1.16479730e+01   1.09361840e+01   1.37030717e+01
   1.69734393e+01   1.70118682e+01   1.88480392e+00   6.41165596e+00
   1.65429188e+01   1.58354433e+01   1.26596628e+01   1.25473362e+01
   1.59499309e+01   2.06968736e+01   1.37006313e+01   8.68865863e+00
   1.17055373e+01   1.86877558e+01   1.07042956e+01   7.85270789e+00
   1.34552747e+01   1.38248371e+01   1.78031915e+01   9.25896249e+00
   8.67370507e+00   1.13455486e+01   1.25065973e+01   1.17711837e+01
   8.04348811e+00   4.63447282e+00   2.20192805e+00   2.02453439e+00
   6.38349693e+00   7.71971862e+00   9.33012368e+00   6.74530189e+00
   1.12831764e+01   1.33733769e+01   1.10780634e+01   7.85126839e+00
   1.02522407e+01   1.08029401e+01   1.36954970e+01   1.30069546e+01
   1.09168098e+01   1.27050347e+01   1.23350016e+01   1.11405938e+01
   1.51026519e+01   1.52346433e+01   8.75822985e+00   3.69048307e+00
   1.93530779e+00   3.48891835e+00   9.87272532e-01   1.42129754e-01
  -1.97024329e+00   2.07653878e+00   3.29666133e+00   5.58437475e+00
   3.61078918e+00  -2.25442588e+00  -1.46900907e-01  -3.57497973e+00
   1.55090492e+00   8.21689025e+00   4.77179683e+00   1.40378708e-02
   3.15606633e+00   4.74130147e+00  -1.62549305e-01  -1.28694573e+00
   4.44598708e+00   1.01726477e+00   3.15750170e+00   6.21454870e+00
   4.65499150e+00   5.98090608e-01  -7.61490330e-01  -1.67390159e+00
  -4.09016777e-01   7.44091985e+00   8.06292961e+00   8.66540205e+00
   1.07783195e+01   3.91257117e+00   1.01716740e+01   1.35582247e+01
   4.39021569e+00   8.42221859e+00   3.82787849e+00  -6.47547870e+00
  -8.14392230e+00   4.27876735e+00   6.06134448e+00   4.41506380e+00
  -4.81899442e+00  -2.34599886e+00  -2.68489496e+00  -5.94437974e+00
  -8.20167340e+00  -1.33809560e+01  -8.98567872e+00   2.52730382e+00
   6.14261789e+00],[  1.77635684e-14   1.77635684e-14   1.77635684e-14   1.00152578e+01
   9.11157516e+00   6.04798996e+00   4.40452770e+00   1.11387625e+01
   1.10664932e+01   7.17435750e+00   7.40200240e+00   9.23822517e+00
   1.28240770e+01   1.54602416e+01   1.63564810e+01   1.61377301e+01
   1.50262623e+01   9.29106513e+00   3.56094647e+00   1.48653913e+00
   4.76203121e+00   6.70358574e+00  -1.00091116e+01  -1.81862384e+01
  -1.79172330e+01  -2.10843315e+01  -2.99237124e+01  -3.66600391e+01
  -3.86615628e+01  -3.46050221e+01  -2.66164284e+01  -1.62060076e+01
  -9.66546373e+00  -7.91428518e+00   8.36646447e-01   9.14792811e+00
   8.08919668e+00   4.20209752e+00  -8.39569171e+00  -1.39968906e+01
  -1.54751267e+01  -9.98455693e+00  -9.09027599e+00  -2.19589184e+01
  -2.89648017e+01  -2.66169427e+01  -2.39069875e+01  -1.86552179e+01
  -1.66997956e+01  -1.00731706e+01  -2.98505893e+00  -4.26411492e+00
  -1.29953259e+01  -2.40602561e+01  -3.00243247e+01  -2.38818370e+01
  -2.00176512e+01  -1.31657224e+01  -4.87183624e+00   3.38541008e+00
   8.66503199e+00   1.26323878e+01   8.03974753e+00   1.17048354e+00
   1.10520912e+00   4.09438403e+00   5.36823499e+00   6.92708693e+00
   4.52823150e+00   2.32014079e+00  -8.85504470e-01  -5.61468269e+00
  -9.71544251e+00  -1.25797546e+01  -8.45557088e+00  -9.59959475e+00
  -1.38805230e+01  -1.60645198e+01  -1.30547850e+01  -1.26907854e+01
  -1.08763914e+01  -7.86115261e+00  -5.90440373e+00  -7.28133803e+00
  -1.12091653e+01  -1.37112590e+01  -1.27305658e+01  -4.60359126e+00
   1.50088532e+00  -4.56829094e+00  -9.18072364e+00  -8.95736403e+00
  -4.87118697e+00  -4.61384240e+00  -8.65683604e+00  -2.29088048e+00
  -2.18274811e+00   3.19798699e-01   1.52280035e+00  -7.81696751e+00
  -1.11590931e+01  -6.92544171e+00  -1.21060045e+00   6.93335024e+00
   6.12464311e+00   1.17668583e+01   1.13899906e+01   1.00715197e+01
   7.63813477e+00  -1.01774574e+00   1.53437174e+00   1.63662353e+00
   3.21123287e+00   2.09988830e+00   3.02758669e+00   2.79283385e+00
  -5.04725648e-01   1.69175210e+00   7.21232985e-01   2.36754589e+00
  -1.26912536e-01   1.22534947e+00   8.76830696e+00   7.85052997e+00
   3.96864911e+00  -2.24549817e+00  -4.09730139e+00  -6.07100173e+00
  -5.32208818e+00  -2.68844082e+00  -3.99791838e+00  -6.88112731e+00
  -5.20749068e+00  -1.78394446e+00   1.20032408e+00   4.72124629e+00
  -2.38217323e+00  -3.39992652e+00  -3.18756244e+00  -2.00566016e+00
  -7.83492478e-02   4.47315214e+00   7.81889196e+00   3.43854064e+00
   1.91823626e+00   5.92200712e+00   2.65129743e+00  -5.87947250e+00
  -1.45543822e+01  -1.26570476e+01  -1.19901409e+01  -1.26480174e+01
  -9.22353337e+00  -1.25646861e+01  -7.01399153e+00   3.86438412e+00
   1.02586498e+01   7.53215637e+00   4.61518138e+00   3.97998010e+00
   6.56948703e+00   2.78101995e+00   8.18233562e-01   5.34634037e+00
   9.65489305e+00   5.98361559e+00  -3.16536906e+00  -4.69335529e+00
   7.00147593e+00   1.32058784e+01   8.12170316e+00   4.60667799e+00
   6.53705182e+00   9.66395741e+00   2.73514768e+00  -2.53305942e+00
   3.97844593e+00   8.58402079e+00   7.49612667e+00   3.06129674e+00
   5.32928568e+00   1.52871774e+00  -2.21224153e+00  -2.67860879e+00
  -9.43153765e-01  -4.35411067e+00  -5.62547386e+00  -1.80025028e+00
   5.35180418e+00   3.37425199e+00   3.77594152e+00   3.75475231e+00
   8.06457065e+00   7.57334244e+00   1.08359151e+00  -5.77476753e+00
  -3.15135073e-03   3.86401563e+00   8.66950109e+00   3.60576112e+00
  -2.26976785e-01   1.44654963e+00  -2.72214191e+00  -3.52901656e+00
   1.89919117e+00   9.13240419e+00   6.49885166e+00   5.93582949e+00
   5.54074880e+00   3.27297170e+00   3.76313866e+00   4.23032857e+00
   1.97893522e+00   1.87776509e+00   4.69294178e+00   4.00697316e+00
  -1.80160257e+00  -3.03342900e+00   2.96785720e+00  -2.50256482e-01
   1.14137531e+00   7.90199597e+00   6.22147843e+00   3.60584296e+00
   3.32217965e+00   4.70816623e+00   5.67156146e+00   2.85388087e+00
   4.84377993e+00  -4.12650917e+00  -6.23561011e+00  -5.14575917e+00
  -6.47884789e+00  -6.60319942e+00  -6.04743538e+00  -1.28156676e-01
   4.08110107e+00   3.24506136e+00  -2.07074392e+00  -3.72496650e+00
  -3.14285312e+00  -7.95024743e+00  -7.33878062e-01  -9.74807144e-01
  -1.72519342e+00  -4.30408030e+00  -8.56696885e+00  -2.16835728e+01
  -2.34954842e+01  -1.23036217e+01  -3.73123867e+00  -1.50806510e+00
  -5.29315406e+00  -4.81181485e+00  -5.57677009e+00  -8.55094858e+00
  -1.18352540e+01  -1.34618360e+01   9.80593257e-01   1.17215192e+01
   1.95487727e+01],[  8.34887715e-14   8.34887715e-14   8.34887715e-14   6.86563352e+00
   1.14400647e+01   1.04459111e+01   2.17531227e+00   8.02689609e+00
   1.01978294e+01   8.49296853e+00   8.88237571e+00   2.78518186e+00
   6.47197309e+00   1.43902070e+01   1.68510464e+01   1.53964858e+01
   1.31929836e+01   8.31415747e+00   7.28835031e+00   6.77749711e+00
   8.26313879e+00   1.19233617e+01  -3.29355984e+00  -1.03208416e+01
  -1.10719318e+01  -1.12182246e+01  -1.48304237e+01  -1.97000616e+01
  -2.26041331e+01  -1.92935372e+01  -1.83114055e+01  -1.56993422e+01
  -2.01952113e+01  -2.39379401e+01  -1.76255606e+01  -9.29756551e+00
  -4.01117853e+00   6.18616266e-01  -2.78063195e+00  -6.96856975e+00
  -6.17996723e+00  -6.58656026e+00  -1.37502589e+01  -2.67576385e+01
  -2.97905783e+01  -2.50017824e+01  -1.85222582e+01  -8.01707186e+00
  -7.38424745e+00  -3.55928303e+00  -2.29620728e+00   6.51222257e-01
   2.59467944e+00   2.98446178e+00  -3.57191715e+00  -4.61118518e+00
  -8.09975299e+00  -4.73374907e+00  -5.24178658e+00  -6.89917560e+00
  -5.13004187e+00  -1.70330774e+00  -1.25197505e+00  -3.74142874e+00
  -1.26069941e+00  -5.68216687e-01   8.54866201e-01   1.33446678e+00
  -3.40846327e-01   3.56101390e-01  -3.25516160e+00  -6.92588769e+00
  -6.93645323e+00  -8.55717589e+00  -5.86076988e+00  -9.23164715e+00
  -1.34356490e+01  -1.48852126e+01  -1.29177447e+01  -1.73703917e+01
  -1.76826531e+01  -1.79076141e+01  -1.86812526e+01  -1.79180943e+01
  -1.56504475e+01  -1.48566906e+01  -1.20670694e+01  -4.82655642e+00
  -2.57992151e+00  -5.64668134e+00  -9.05738913e+00  -8.69641091e+00
  -5.11325347e+00  -9.91087399e+00  -1.09292129e+01  -1.93332259e+00
   5.55525868e+00   8.91726569e+00   1.06209403e+01   5.43020105e-02
  -9.18910268e-01  -5.40621201e+00  -3.75748080e+00   7.86713714e+00
   2.25849102e+00   2.14554056e+00  -2.74493508e+00  -5.03307807e+00
  -4.36811252e+00  -4.53808373e+00   2.77196851e+00   3.35275125e+00
  -1.66091867e+00  -1.08711146e+00   3.78745731e+00  -5.81970223e-01
  -3.66296193e+00   4.78119808e-01   2.65463800e+00   7.07176318e-01
  -7.83367260e-04   1.45636625e-01   2.85593625e+00   8.21260635e+00
   7.48426838e+00  -1.13401859e+00  -5.86967446e+00  -7.80322048e+00
  -4.64376143e+00  -1.64412174e+00   1.40664284e+00   7.32679047e-01
   7.93838905e+00   1.41207427e+01   8.60234693e+00   1.25480944e+00
  -4.81299869e+00  -7.34091412e+00  -3.44979986e+00  -4.59107396e+00
  -5.95950404e+00  -1.67694100e+00  -1.94683720e+00  -5.67241719e+00
  -1.00770840e+01  -1.31755962e+01  -1.70658087e+01  -1.88088146e+01
  -2.10269282e+01  -2.40920759e+01  -2.85240435e+01  -2.55166388e+01
  -2.48179195e+01  -1.83967732e+01  -1.38358733e+01  -1.12068385e+01
  -5.40647068e+00  -4.80717426e+00  -1.29221232e+01  -1.33030908e+01
  -6.51115627e+00  -5.18378798e+00   9.90422701e-01   2.41073959e-01
  -3.31386282e+00  -3.06806151e+00  -9.46900517e+00  -8.68455314e+00
  -3.25499524e+00  -1.27199421e+00   2.21380121e+00   4.01524261e+00
   2.77392830e+00   4.48780790e-01  -3.10792836e+00  -1.01136887e+01
  -4.36942065e+00   1.50053879e+00  -6.44374901e+00  -6.63707814e+00
  -3.77906773e+00  -1.05610798e+01  -1.09317875e+01  -6.79793404e+00
  -3.97980658e+00  -3.53082878e+00  -6.91022629e+00  -8.73083132e+00
  -3.76117084e+00  -7.15511192e+00  -7.42308551e+00  -4.62734788e+00
  -3.65905847e+00  -5.18310651e+00  -3.52120496e+00  -1.21662935e+01
  -1.12708846e+01  -1.34474695e+01  -1.27506691e+01  -1.25869355e+01
  -1.37617744e+01  -1.08174808e+01  -1.64325618e+01  -1.51628591e+01
  -1.21507039e+01  -3.44303943e+00   6.24162262e-01   1.90246443e+00
  -4.24244892e+00  -5.63546167e+00  -1.02252983e+00   9.97338313e-01
   6.88217125e-01  -1.83123623e+00  -7.91500671e+00  -1.18474097e+01
  -1.03923130e+01  -3.68181003e+00  -1.19486982e-01  -2.53812598e+00
  -7.57401602e+00  -8.80751091e+00  -9.15637555e+00  -1.15123681e+01
  -1.69275899e+01  -1.31500342e+01  -8.49321331e+00  -3.64952820e+00
  -2.74247506e+00  -7.61004734e+00  -1.32599131e+01  -1.27036820e+01
  -1.07805939e+01  -5.14750673e+00  -1.23593762e+00   5.85214239e+00
   7.07929213e+00   3.47770210e+00  -7.53227711e-01  -3.49026883e+00
  -7.67509623e+00  -4.88076919e+00   5.23181523e-02  -1.86331907e+00
   3.38590127e+00   1.05659235e+01   1.48568797e+01   1.42632477e+01
   1.17990829e+01   6.95845724e+00   4.10101965e+00   4.09482158e+00
   3.57685778e+00   1.69201917e+00   7.87339341e+00   4.95903592e+00
  -3.58742649e+00  -3.56897425e+00   7.85768834e-01   3.32570469e+00
   8.39855126e+00],[ -6.21724894e-14  -6.21724894e-14  -6.21724894e-14   3.68212691e+00
   7.25918256e+00   7.05664843e+00  -5.00661371e+00  -3.17838775e+00
   2.53246367e+00   3.34486433e+00   2.45007036e+00   7.24930734e+00
   1.24735665e+01   1.43593238e+01   1.29213287e+01   1.40732118e+01
   1.08116151e+01   9.19941084e+00   1.30760109e+01   1.59502912e+01
   1.44024126e+01   1.00429211e+01  -4.33452601e+00  -1.00025413e+01
  -8.15255548e+00  -3.90392458e+00   2.99324655e+00   6.17913455e+00
   8.38596953e+00   1.26589048e+01   8.65924876e+00   8.34405686e+00
  -4.45904694e-01  -3.30143827e+00  -2.62769410e+00   7.93665435e-01
   2.84464108e+00   9.43976280e+00   1.29220204e+01   1.00705927e+01
   6.00132915e+00   1.10626811e-01  -7.88424980e+00  -1.72675944e+01
  -1.00405555e+01  -3.10715729e+00  -1.14648791e+00   3.23790462e+00
   3.79925300e+00   9.12872737e+00   7.42249528e+00   8.74589203e+00
   2.41279209e+01   3.72179466e+01   2.56067624e+01   1.18682333e+01
   6.32168938e+00   6.19970871e+00   1.76301734e+00  -5.04453350e+00
  -2.54078041e+00   1.14546662e+00   2.94561103e+00   3.38708345e+00
   3.80983240e+00   1.77522569e+00   5.78751641e+00   1.08211199e+01
   1.13548472e+01   1.12504109e+01   7.59480143e+00   1.24478799e+01
   1.68136701e+01   1.78276762e+01   2.07868735e+01   2.30686203e+01
   2.51948078e+01   2.39429511e+01   2.48274957e+01   2.21492603e+01
   1.77996602e+01   1.46492826e+01   1.13774156e+01   3.68378356e+00
   7.89430111e-01  -1.42123769e+00  -1.31703532e+00   2.88222134e+00
   1.79284270e+00   2.84291525e+00   6.48693354e+00   1.30285673e+01
   1.34374766e+01   1.04841938e+01   1.35036577e+01   1.39447429e+01
   1.49634360e+01   1.83860566e+01   1.93247970e+01   1.33178299e+01
   1.36047818e+01   7.38936120e+00   4.33226226e+00   4.51007312e+00
  -5.00001733e+00  -7.54970651e+00  -9.43996117e+00  -1.27990765e+01
  -8.14303242e+00   1.87090161e+00   8.50906391e+00   5.34739236e+00
  -1.75766838e+00   4.17480253e+00   5.85500060e+00  -4.61031391e+00
  -7.99202207e+00  -1.24709934e+00   1.49197290e+00  -8.27030388e-01
   2.11338481e+00   6.15570341e-01  -7.54758751e-01   4.03293137e+00
  -2.18906265e+00  -1.12767033e+01  -1.59683162e+01  -2.09537253e+01
  -1.69627680e+01  -1.41060474e+01  -8.28089909e+00  -5.26233076e+00
  -4.91167616e+00   1.76673664e+00   6.84164359e+00   5.78268528e+00
  -5.48479864e+00  -1.44913830e+01  -1.32097971e+01  -9.17090867e+00
  -7.55739516e+00  -9.33727130e+00  -7.70967254e+00  -6.47501172e+00
  -7.08761662e+00  -1.24291821e+01  -1.93025211e+01  -2.12195212e+01
  -2.06865385e+01  -1.98880070e+01  -1.55066100e+01  -9.72451852e+00
  -1.17102214e+01  -1.04231624e+01  -9.58445771e+00  -1.15008380e+01
  -1.20078779e+01  -1.05319744e+01  -1.48586376e+01  -1.72524863e+01
  -7.71852537e+00   7.88722341e-01   6.07784202e+00  -5.74547059e-01
  -5.32038494e+00  -1.02930214e+01  -1.31738477e+01  -8.32413655e+00
  -3.36910148e+00  -2.63200345e+00   7.05787583e+00   9.12954628e+00
   1.13785465e+00   2.25130383e+00   4.47531294e-01  -3.07645905e+00
   3.67030287e+00   8.67299248e+00   8.09231105e-01   1.83386884e-01
  -5.22671963e-01  -5.53064866e+00  -2.48576968e+00   2.43788980e-01
  -7.96339449e-01   3.03602635e+00   4.87313684e+00  -3.51430813e+00
  -2.58749025e+00  -3.56612394e+00  -3.61866573e+00  -3.19738607e+00
  -4.39343493e+00  -2.91931199e+00   5.30872262e+00   1.62275183e-01
  -8.55985808e-01  -1.53091605e+00   1.06915019e+00   3.59362566e+00
  -1.10998945e+00  -6.77481750e-01  -5.21837140e+00  -3.88388930e+00
  -4.74450870e+00  -1.51088306e+00   3.85347820e+00   1.79298990e+00
  -5.02970573e-01   8.96030628e-01   4.22768347e+00   6.07095201e+00
   4.85609631e+00   3.48086166e+00  -9.05316174e+00  -1.34261580e+01
  -7.15734984e+00   3.39829882e-01   1.65837746e+00   4.40614716e-01
  -6.54585886e+00  -7.90104318e+00  -6.30103637e+00  -7.68350571e+00
  -1.29013411e+01  -5.66704030e+00  -3.88032440e-01   3.28122997e-01
   2.98035922e+00   3.00080860e+00  -2.96010967e+00  -5.20086269e+00
  -6.76052227e+00  -1.01899894e+01  -6.17443860e+00  -5.06327917e+00
  -1.44635033e+01  -1.73765313e+01  -1.13105403e+01  -4.88654356e+00
  -9.70145196e+00  -1.24000536e+01  -9.71965153e+00  -9.54043114e+00
  -1.09174293e+01  -1.38355045e+01  -1.48686849e+01  -7.81063405e+00
  -1.39713069e+00   3.10488667e+00  -3.71054428e+00   6.77761070e-01
   8.02338881e+00   5.48179347e+00   5.25803568e+00  -9.72638360e-01
  -1.20892942e+01  -9.48628770e+00  -1.27090934e+01  -1.15882078e+01
  -4.80621495e+00],[  2.84217094e-14   2.84217094e-14   2.84217094e-14   1.25563133e+00
   2.84465917e+00   1.24837788e+00  -4.81197936e+00  -4.00463993e+00
  -1.51762524e+00   4.47067075e-01  -4.58106881e+00   1.65806206e+00
   5.95534800e+00   8.26969563e+00   1.24205410e+01   1.18918745e+01
   6.10631227e+00   4.34899666e+00   8.52978085e+00   1.35697666e+01
   1.37747710e+01   1.46588179e+00  -1.08763142e+01  -1.12843283e+01
  -1.08514626e+01  -1.06859666e+01  -1.07188511e+01  -9.89565216e+00
  -4.54114093e+00   2.59521726e+00   1.93377495e+00   4.55339163e+00
   4.86134917e+00   7.85623998e+00   8.67494574e+00   8.51374296e+00
   8.12663126e+00   1.28940280e+01   1.27045970e+01   8.40639860e+00
  -1.76998698e+00  -1.10943765e+01  -1.44251912e+01  -1.80321101e+01
  -1.26045514e+01  -1.06785303e+01  -1.14700191e+01  -1.00021825e+01
  -9.70291005e+00  -5.24010909e+00  -4.26959302e+00  -6.80418956e+00
  -6.03524483e+00  -1.42642681e+00  -1.06306408e+01  -1.36698724e+01
  -6.95529924e+00  -6.21988946e+00  -1.10977380e+01  -1.04159257e+01
  -6.18713279e+00  -2.66919054e+00  -3.95985898e+00  -7.24527284e+00
  -7.78833237e+00  -1.10120331e+01  -1.08249378e+01  -8.69690564e+00
  -7.84955335e+00  -4.45029489e+00  -7.20922956e+00  -3.36495386e+00
  -1.87582263e+00  -7.94436970e-01   3.23743382e+00   6.33945632e+00
   7.32786248e+00   4.08238471e+00   5.72580100e+00   6.90954475e+00
   6.28922101e+00   4.86218777e+00   5.62818532e+00  -1.73053511e-01
   3.33516331e+00   1.07467520e+00  -1.69944440e+00  -4.71834475e-01
  -5.94985458e+00  -5.88392612e+00  -6.11634651e+00  -1.95383370e-01
   2.80299190e+00   6.54549733e+00   1.11673416e+01   1.11078338e+01
   8.90913741e+00   7.72741247e+00   6.58920146e+00   1.62756991e+00
  -1.17376245e+00  -8.55411339e-01   1.04840895e+00  -6.67457451e-01
  -6.16337161e+00  -8.67121050e+00  -5.21796571e+00  -8.27869970e+00
  -6.32762386e+00  -3.89696786e+00   4.15112058e+00   4.21934043e+00
   3.73096483e+00   8.87542056e+00   8.17403802e+00   4.59765623e+00
   9.01755631e+00   1.26428493e+01   1.42530117e+01   8.00102118e+00
   7.24297624e+00   4.98327709e+00   5.86012768e+00   1.68054628e+01
   1.31530250e+01   3.04830005e+00   1.60759172e+00   5.95936055e-01
   1.50702930e+00   9.39051199e-01   1.03771653e+01   8.87599795e+00
   3.02850358e+00  -3.49457693e-01   4.92032798e+00   5.48687987e+00
  -1.08402912e+00  -5.63082601e+00  -8.74043986e+00  -9.90534258e+00
  -6.15144229e+00   1.31470822e+00   8.91335271e+00   7.81120851e+00
   6.33221738e+00   2.51488328e+00  -1.92747665e+00  -6.84895354e+00
  -8.67021323e+00  -5.71271717e+00  -7.41892583e+00  -9.04618968e+00
  -1.60659884e+01  -1.66367450e+01  -9.96506082e+00  -1.02009245e+01
  -1.11360009e+01  -9.55766948e+00  -5.04547145e+00  -8.80083404e+00
  -6.10543791e+00   1.52160666e-01   8.07547937e+00   7.90963752e+00
   5.47670391e+00   5.07546273e-01  -8.95040076e-01   4.76283081e-01
   2.00657065e+00   1.63921103e+00   1.11320398e+01   1.34351279e+01
   1.00017811e+01   8.70211717e+00   4.22337689e+00   6.29377119e+00
   1.06951798e+01   1.07560398e+01   3.60533051e+00   5.90829459e+00
   4.86605671e+00   3.84340544e-01   5.28522938e-01  -5.70834589e-01
   2.06418427e-01   7.31163618e+00   1.10780795e+01   6.13836129e+00
   5.03063104e+00   4.86490586e+00   3.07581936e+00   1.77011455e+00
   2.53029272e+00   2.46207035e+00   7.99402054e+00   9.93594809e+00
   1.78525344e+01   1.61653490e+01   1.39962886e+01   1.37643096e+01
   1.19944711e+01   1.74751359e+01   1.57727329e+01   1.46479284e+01
   1.30769473e+01   1.51786862e+01   1.86300046e+01   1.53167812e+01
   1.58197826e+01   1.74750338e+01   1.66336410e+01   1.16832414e+01
   1.16066341e+01   1.55997926e+01   6.27522295e+00   1.09349499e+00
   7.53214396e+00   1.06480871e+01   1.20271175e+01   1.11890424e+01
   8.67010614e+00   1.09296356e+01   1.28275622e+01   1.35860259e+01
   6.35846369e+00   5.51225745e+00   1.20630439e+01   1.56712150e+01
   1.57413474e+01   1.14653986e+01   2.24284470e+00  -5.25656590e-01
   2.39722056e+00  -2.76987606e+00  -7.14626495e+00  -9.90245190e+00
  -1.80213852e+01  -2.06774334e+01  -1.56676238e+01  -1.01495582e+01
  -1.25011314e+01  -3.52332179e+00   9.66197817e+00   4.48298841e+00
   5.31966991e+00   7.65759751e+00   1.29952462e+01   1.52520994e+01
   1.85845936e+01   2.24598934e+01   1.26662495e+01   8.52055264e+00
  -3.82950782e+00  -1.11451686e+01  -1.16181545e+01  -1.58528853e+01
  -1.79596271e+01  -7.62415636e+00  -1.43535150e+00  -6.02758456e-01
   2.66305662e+00],[  1.61648472e-13   1.61648472e-13   1.61648472e-13  -3.06273894e-01
  -9.12315199e-01  -2.50181925e-02   1.41185542e+00   6.60389921e-01
  -8.61770849e-01   3.27293802e-01  -3.10136468e+00   1.57806571e+00
   5.72339052e+00   9.43092073e+00   1.33147434e+01   8.07541099e+00
   7.74904853e-01  -2.49504484e+00   1.90502297e+00   4.04875388e+00
   3.76450939e+00   4.94494580e-01  -4.80029274e+00  -1.19638026e+00
  -4.27572166e+00  -9.06030829e+00  -1.21516044e+01  -1.35190794e+01
  -1.19802490e+01  -1.23223541e+01  -1.26645891e+01  -1.04819653e+01
  -4.97856957e+00  -1.75617030e-01   1.10891052e-01  -3.25691958e+00
  -6.37897827e+00  -2.80027250e+00  -6.51445577e-01  -2.18416817e+00
  -8.18987713e+00  -1.75692119e+01  -1.61785397e+01  -1.56207487e+01
  -2.05193034e+01  -2.53260881e+01  -2.28858736e+01  -1.18053891e+01
  -8.47340218e+00  -6.15598100e+00   9.12589559e-01  -3.86718430e+00
  -6.48177336e+00  -6.45167618e+00  -1.64388459e+01  -2.22014632e+01
  -1.60770264e+01  -1.15278122e+01  -1.37347142e+01  -1.74545788e+01
  -2.35861209e+01  -2.40169521e+01  -2.73915505e+01  -2.58132227e+01
  -2.47066790e+01  -2.98642043e+01  -3.38901557e+01  -3.37415358e+01
  -3.09782688e+01  -2.74989881e+01  -3.47604623e+01  -3.38168957e+01
  -2.89385821e+01  -2.59397358e+01  -2.23362141e+01  -1.99917027e+01
  -2.05479104e+01  -1.92190104e+01  -1.78174405e+01  -1.48742911e+01
  -1.49853741e+01  -1.72782988e+01  -1.51543704e+01  -1.15178434e+01
  -3.21435848e+00  -4.04060109e+00  -3.46314471e+00  -3.25077654e+00
  -7.46189748e+00  -6.64966126e+00  -1.06961432e+01  -8.20771856e+00
  -6.43519175e+00  -5.59245937e+00  -7.03581195e-02   2.26343146e-01
  -4.62172069e+00  -5.79942770e+00  -5.94688129e+00  -7.91819630e+00
  -1.11826707e+01  -1.32937488e+01  -6.31622695e+00  -4.66079682e+00
  -2.10066265e+00  -4.11943383e+00  -2.09038004e-01   1.72345401e-01
  -3.45738475e+00  -8.91657227e+00  -3.21564863e+00   5.98715804e+00
   6.52984192e+00   4.46068951e+00   8.16785538e+00   7.23189797e+00
   9.75437884e+00   1.04959803e+01   8.12728436e+00   1.29432478e+00
  -3.62165922e+00  -9.58050313e+00  -6.01798678e+00   1.49174282e-01
   1.22740333e-02  -5.26050905e+00  -7.85808712e+00  -6.61850972e+00
  -1.03904380e+01  -1.06128247e+01  -1.12741715e-01  -2.23824150e-01
   3.73439764e+00   5.46088979e+00   3.63402276e+00   3.53372297e+00
   2.09864264e+00  -5.52953253e+00  -8.95369595e+00  -1.11367770e+01
  -1.14155178e+01  -1.08917629e+01  -9.68600367e+00  -1.25549373e+01
  -1.52382792e+01  -2.07143251e+01  -2.46945262e+01  -2.98784075e+01
  -3.47194989e+01  -3.01690860e+01  -3.04599897e+01  -2.69031208e+01
  -2.45893683e+01  -1.87251257e+01  -1.28183957e+01  -1.27864184e+01
  -6.63088870e+00  -5.22634075e+00  -4.51335043e+00  -5.43787930e+00
  -7.74583365e+00  -6.70709056e+00  -2.29412240e+00   2.26597459e+00
   1.39825382e+00   4.51888244e+00   8.77978511e+00   1.06478217e+01
   4.75254578e+00   3.08651291e+00   1.20820436e+01   1.52391571e+01
   1.56740681e+01   1.13603216e+01   7.96765986e+00   1.19675292e+01
   1.27643453e+01   4.98152131e+00  -3.76209248e-01   4.99166839e+00
   4.61343198e+00   5.80781393e-01   3.76677090e+00   2.93186113e+00
   6.28163438e+00   1.09534458e+01   7.02756089e+00   5.50626747e+00
   5.14422951e+00   5.57037275e+00   2.53555522e+00   2.92520307e+00
   7.02995588e+00   2.39158167e+00   4.20304472e-01   1.98171168e+00
   1.13779789e+01   1.21031777e+01   1.04903146e+01   9.47441566e+00
   1.22639363e+01   1.61561941e+01   1.43903914e+01   1.22162188e+01
   1.26908554e+01   1.70385015e+01   1.82833998e+01   1.61071657e+01
   1.13535422e+01   1.28278463e+01   1.28698390e+01   6.40321736e+00
   8.05569111e+00   1.31049948e+01   7.47992523e+00   2.83940894e+00
   9.36585660e+00   9.78163578e+00   9.76258887e+00   6.69623950e+00
   5.71481135e+00   7.81412565e+00   9.54010883e+00   1.23216051e+01
   5.24699420e+00  -2.74007974e+00   3.71610496e-03   5.76060839e+00
   6.91013693e+00   7.46325648e+00   2.29439995e+00  -5.09356263e-01
   4.94097867e+00   6.49890661e+00  -2.15142620e+00  -3.74190327e+00
  -2.81047503e+00   5.39197797e-01   8.10280659e-01  -5.40148850e-01
  -3.55240702e+00  -5.72795041e+00   3.33197256e-01  -4.71861260e+00
  -8.79424857e+00  -5.65172840e+00  -3.38584982e+00  -2.72765800e+00
   3.40731706e+00   5.73816741e+00   4.03260890e+00   2.94871918e+00
   5.41838600e+00   1.01875005e+01   1.19408261e+01  -4.43940658e-01
  -1.51188844e+01  -1.43433036e+01  -7.46771916e+00  -9.97959922e+00
  -1.01652566e+01],[ -7.99360578e-14  -7.99360578e-14  -7.99360578e-14  -7.30048602e-01
  -1.89133209e+00   1.52543665e+00   5.51741334e+00   5.52462017e+00
   4.93286294e+00   4.79994489e+00   2.73797961e+00   7.06016004e+00
   7.90270758e+00   6.85156542e+00   9.73369165e+00   7.78579023e+00
  -1.98663528e-01  -2.14440308e+00   4.92484206e+00   1.50520295e+00
   1.72037755e-01   7.41587418e+00   1.22625480e+01   1.44396257e+01
   1.44490818e+01   1.14769033e+01   1.34755409e+01   9.58556628e+00
   4.66237693e+00  -1.71626128e-01  -1.92406646e+00  -1.63801879e+00
   1.39406412e+00   8.45594357e+00   9.37788426e+00   6.38775870e+00
   2.71883571e+00  -6.56185233e-01   2.49199960e+00   9.24201648e-01
   2.17737914e-03  -3.18979672e+00  -2.56773622e-01  -3.05682771e+00
  -7.06594891e+00  -4.65699992e+00  -8.44053378e-03   1.05814606e+01
   8.39698804e+00   1.49798839e+00   2.16949336e+00   2.10611125e+00
   1.03236060e+01   1.08254475e+01   3.16730830e+00  -1.24042515e+00
  -1.53596657e+00   1.79722565e+00   6.04121523e+00   7.95087470e+00
   5.95228113e+00   4.34636566e+00   2.86516338e+00   4.28227730e+00
   4.12150210e+00  -1.96543251e+00  -1.44903397e-01   7.56596402e+00
   8.84257198e+00   5.60529444e+00   7.41345384e-01  -4.88134243e-01
   1.41066428e-01   5.62303075e+00   9.82703919e+00   7.49402550e+00
   1.05853682e+01   1.20340090e+01   1.10115527e+01   1.27100044e+01
   9.26849109e+00   5.98870708e+00   7.30251415e+00   9.97967567e+00
   1.06584543e+01   7.46552001e+00   5.17367007e+00   5.57942629e+00
   1.43186001e+00   2.42046318e+00   2.47330885e+00   2.36089229e+00
  -4.59738114e-02   7.49399256e-01   7.94861385e+00   4.26036154e+00
  -1.27943480e+00   2.48738895e+00  -2.28191190e+00  -1.62421548e-01
   3.25574193e+00  -8.55775672e-01  -1.52656376e+00  -1.84197383e+00
   2.04698924e+00   2.37105490e+00   6.91368236e+00   9.30378634e+00
   3.99409436e+00  -1.15736117e+00  -3.03378107e-01   8.62977229e+00
   6.93450875e+00   1.40737040e+00   3.81809882e+00   3.74429221e-02
   2.72712282e+00   7.22812057e+00   8.85297016e+00   1.22856080e+01
   1.42875123e+01   7.50587693e+00   4.14403263e+00   3.38957187e+00
   2.24314136e+00  -3.83940133e+00  -6.56753525e+00  -3.71466714e+00
  -7.12391184e+00  -6.63457631e+00   6.29194724e+00   1.03070849e+01
   5.88272537e+00   5.53238296e+00   8.65033638e+00   8.38085634e+00
   5.92187613e-01  -4.34422165e+00  -1.61692810e+00   6.61213149e-02
   9.47593637e-01  -3.64765084e-01  -7.59596133e-01  -3.27873410e+00
  -8.96059846e+00  -1.12406086e+01  -1.21370770e+01  -1.58453048e+01
  -1.76164697e+01  -1.14410375e+01  -5.16159460e+00   4.49342129e+00
   9.54613882e+00   1.53403864e+01   1.18847768e+01  -2.44473566e-01
  -1.80680024e+00  -1.47368637e+00  -5.77167015e+00  -3.88013099e+00
  -5.30461768e+00  -7.68782962e+00  -9.60792913e+00  -9.51535142e+00
  -9.49409392e+00  -5.13947587e+00  -1.30067490e+00   6.96535520e-01
  -4.36161737e+00  -5.77741603e+00   1.42792646e+00   6.09724933e+00
   5.24781666e+00   5.74821006e+00   2.97335634e+00   4.22202290e+00
   3.22790123e+00  -1.54908264e+00   1.58614142e+00   3.71370953e+00
   1.99088607e+00   4.05380319e+00   8.86990843e+00   3.18136139e+00
   8.46601760e+00   9.47027882e+00   1.74207629e+00  -1.38816344e+00
   6.85348171e-01   1.96338713e+00   6.50657914e-02   1.91762833e+00
   7.54898313e+00   3.47475028e+00  -7.47369883e-01  -5.32595508e+00
  -4.44930436e+00  -2.15120963e+00  -1.89705938e+00  -7.79243382e-01
   2.10410255e+00   3.29370146e+00   1.57681258e+00  -1.37030961e+00
   1.84573443e+00   6.58175333e+00   4.34869637e+00   2.47592159e+00
   2.15588635e+00   4.07732217e+00   7.04289195e+00   1.59803052e+00
  -4.04618438e+00  -4.07007555e+00   9.97203270e-01  -1.11243743e+00
   4.68031737e+00   3.58299870e+00   2.31999118e+00  -3.45391078e-01
  -2.69438499e+00  -1.53967086e+00  -1.70190617e-01   1.34567141e+00
   2.51831125e+00  -4.06127380e+00  -5.55889008e+00  -8.97392445e+00
  -7.29819071e+00  -3.06069894e+00  -4.67543444e+00  -1.23806331e+01
  -1.64243074e+01  -1.38558813e+01  -1.82975281e+01  -1.38782378e+01
  -1.24868984e+00   3.41992867e+00   1.02798388e+00  -1.37105377e+00
  -2.33964999e+00  -6.17700079e+00  -6.62940075e+00  -7.06582535e+00
  -7.96953192e+00  -7.17086426e+00  -3.76207369e+00   4.76537300e-01
   1.07599176e+00  -5.51349514e+00  -3.27740037e+00   1.81702197e+00
   1.09026366e+01   6.25731843e+00   2.83277031e+00  -4.86976186e+00
  -9.65684130e+00  -8.52370080e+00  -6.75799430e+00  -8.80643615e-01
   7.87689034e+00],[ -8.34887715e-14  -8.34887715e-14  -8.34887715e-14  -5.16131021e-02
   3.62138405e+00   3.76347423e+00   6.69251783e+00   7.05221654e+00
   5.31392829e+00   3.00749613e+00   2.70382567e+00  -7.93155240e-02
   2.67170697e-01   2.54099759e+00   5.86751572e+00   8.43272106e+00
   2.01180636e+00   1.31015151e+00   5.94932465e+00   2.37490078e+00
   2.31025142e+00   2.89960167e+00   2.44197778e-01  -3.53899424e+00
  -3.14021118e+00   2.40268816e+00   7.72458054e+00   9.47535510e+00
   9.34750202e+00   9.01779157e+00   7.88137788e+00   6.63648442e+00
   6.13978299e+00   6.49969994e+00   6.09415653e+00   6.58521074e+00
   1.11662324e+01   5.78899437e+00   2.97565989e+00  -1.01748075e+00
   2.92775488e-02   5.22367064e+00   4.14784869e+00  -4.04734319e+00
  -2.62377485e+00   2.69756897e+00   8.74767564e+00   1.60159586e+01
   1.08104139e+01   1.82979338e+00  -3.36134231e-02   6.44780678e+00
   9.05130426e+00   8.45915215e+00   5.82092551e+00   6.94330287e+00
   4.79966016e+00   1.63094035e+00   3.93074677e+00   9.31352936e+00
   1.26961679e+01   1.68068773e+01   2.03893078e+01   1.78933361e+01
   1.55291573e+01   1.18408914e+01   8.50148095e+00   1.32042785e+01
   1.32766593e+01   8.36572948e+00   3.05336678e+00  -2.39576161e+00
  -4.33278797e+00  -6.05423821e+00  -4.74913574e-01   2.80202810e-01
   2.82916127e+00  -3.73012196e+00  -5.29178336e+00  -2.14416596e+00
   1.79731602e-01  -1.72058854e+00  -9.11467730e-01   1.15607552e+00
   2.95313122e+00   1.68947987e+00  -2.55410284e+00   2.61940151e+00
  -4.28314957e-01  -3.04589672e-01   1.47129008e+00   5.91411905e+00
   7.70146397e+00   9.55295177e+00   1.31974066e+01   1.22671542e+01
   1.35712516e+01   1.31940027e+01   5.33189564e+00   8.12931077e+00
   1.16361389e+01   7.67241375e+00   1.60962225e+00   3.33198275e+00
   5.85747624e+00   6.97135566e+00   1.02213597e+01   1.12283106e+01
   5.41474818e+00   8.02427541e-01   3.56697254e+00   6.87855689e+00
   4.18284309e+00   1.74415661e-01  -1.01672656e-01  -1.27164985e+00
   1.77365649e+00   2.21971731e+00   1.64676785e+00   5.44800799e+00
   1.51273609e+01   1.13088049e+01   6.46286557e+00   4.18457247e+00
   3.31921588e+00  -1.72583168e-01  -6.94563687e+00  -6.76985853e+00
  -1.69100445e+00   2.21882480e+00   1.03440001e+01   1.06358997e+01
   2.32491637e+00  -4.80844641e+00  -4.98416888e+00  -3.01139041e+00
  -5.33353518e+00  -7.22513494e+00  -2.55918295e+00   6.02129425e-01
   7.98908280e+00   1.16533361e+01   1.48628888e+01   1.14837952e+01
   5.83238406e+00   1.02272181e+00  -5.58285670e+00  -5.14311306e+00
  -1.68535507e-01   7.01290642e+00   1.20946634e+01   2.62452719e+01
   3.56239602e+01   4.10232509e+01   3.41403704e+01   1.73750520e+01
   5.38939185e+00   2.88889716e+00   1.50806035e+00   1.10543583e+00
   6.14987220e-01  -1.57435596e+00  -3.67377874e+00  -1.80351911e-01
   9.73723246e-01   3.65197782e+00   4.27866439e+00   1.91682066e+00
  -4.67470480e+00  -3.09353051e+00  -2.24046263e+00  -2.56874032e+00
  -7.34383817e-02   3.69311114e+00   1.88706602e+00   1.47435022e+00
   3.87444047e-02  -3.03689968e+00   2.89678922e+00   1.54220012e+00
  -1.22395295e+00   1.70377888e+00   5.78692109e-01  -1.49981473e+00
   4.78505653e+00   5.20954831e+00  -3.24299794e+00  -7.46447509e+00
  -1.24485455e+00   4.01841529e-01  -3.74371505e-01   1.14530507e+00
   4.95642522e+00   2.21262652e+00   1.57938163e+00  -1.01437018e+00
  -2.56196880e+00  -8.46548022e-01  -5.30668870e+00  -6.03643249e+00
  -1.10676773e+00   3.80775747e+00   2.82496209e+00  -7.59679578e-01
   3.77125030e+00   5.99014778e+00   4.61380296e+00   5.03385559e+00
   8.20797254e+00   9.31572584e+00   1.11017271e+01   9.67972489e+00
   3.57431130e+00   4.34134012e+00   1.17465360e+01   1.06766119e+01
   9.45753745e+00   3.61636140e+00  -1.65192051e-01  -1.14518179e-01
   2.40336068e+00   5.65192693e-01   1.66775508e+00   1.62325622e+00
   4.51791255e+00   1.06686257e-01  -6.31590069e+00  -8.28522238e+00
  -8.07061869e+00  -7.89244643e+00  -1.07720347e+01  -1.59448738e+01
  -1.95643252e+01  -1.13244616e+01  -7.99503445e+00  -3.53590088e+00
   1.75364962e+00  -4.89373560e-02  -4.72229179e+00  -9.05187977e+00
  -5.60802006e+00  -4.92633568e+00  -7.16412195e+00  -1.04545571e+01
  -5.79344453e+00   6.71079036e-01   1.56118413e+00   1.93224196e-01
  -1.79690969e+00  -5.16103703e+00  -7.49806095e+00  -3.29585097e+00
  -5.13219620e-01  -1.80537758e+00  -1.86709436e+00  -4.35793974e+00
  -5.10406125e+00  -1.13534700e+01  -1.53002007e+01  -7.69094954e+00
   2.80531068e+00],[  1.95399252e-14   1.95399252e-14   1.95399252e-14   7.10991650e-01
   2.28863613e+00  -3.40014488e-01   7.11953275e+00   7.48275407e+00
   1.40149962e+00  -2.90336319e+00  -2.74865513e+00  -5.96911023e-02
   7.85157034e+00   1.53729877e+01   6.99735344e+00   4.97429712e+00
   3.28612981e+00   2.28338310e+00   3.45199041e+00   3.53912428e-01
   2.23099320e+00   1.60193220e+00  -7.83511751e+00  -1.04540032e+01
  -1.03119871e+01  -5.17228509e+00  -5.45469362e+00  -3.38012031e+00
  -1.32149069e+00  -1.23330463e+00   9.01214654e-01  -3.01833063e-01
  -9.30317035e-02  -3.51463892e+00  -4.47665029e+00  -3.17349792e+00
   4.00852119e+00   5.93666433e+00   3.99876585e+00  -4.37161896e-01
  -1.14087827e+00  -3.67870228e-01  -7.04349818e+00  -1.76532102e+01
  -1.74055780e+01  -1.27915418e+01  -8.54477185e+00  -1.52728926e+00
   5.95447086e-01   2.70755587e+00   5.15651295e+00   4.81974794e+00
  -6.48338199e-01  -5.43221107e+00  -6.91161630e+00  -1.21230349e+01
  -1.95784143e+01  -2.41124272e+01  -2.71110319e+01  -2.90412030e+01
  -2.44786772e+01  -1.86760697e+01  -1.71391142e+01  -9.11394384e+00
  -7.01708171e+00  -9.08907131e+00  -1.69053482e+01  -1.30811969e+01
  -9.19639108e+00  -8.04185001e+00  -1.04243788e+01  -1.30095953e+01
  -1.52854606e+01  -1.76764802e+01  -1.36689899e+01  -1.62188498e+01
  -1.84649705e+01  -2.18312426e+01  -2.23689559e+01  -1.64806432e+01
  -1.03330111e+01  -1.21026747e+01  -1.22578794e+01  -7.67186215e+00
  -6.25232820e+00  -6.80446290e+00  -1.12011219e+01  -4.54380964e+00
  -4.02766427e+00  -5.84231402e+00  -4.84748784e+00   3.43084338e+00
   7.83701029e+00   7.60133649e+00   6.77974151e+00   1.15493382e+01
   1.37426852e+01   1.27454146e+01   7.03168804e+00   6.21001139e+00
   7.86246661e+00   3.74708133e+00   1.78679438e+00   5.93496609e+00
   5.50219623e+00   3.31593913e+00   6.75815820e+00   1.03335646e+01
   4.19118767e+00  -1.27827872e-01   2.99194753e+00   6.34232184e+00
   4.29527029e+00   1.81652916e+00   4.55295638e-01   3.94329883e+00
   1.45587009e+00   3.75507806e+00   8.27889409e+00   1.62638197e+01
   1.90224906e+01   1.45658195e+01   1.19797039e+01   6.88023519e+00
   7.70198788e+00   5.02953358e+00  -3.30663196e+00  -7.09645880e+00
  -7.46912993e+00   4.90568141e-01   6.45647075e+00   6.43058898e+00
   1.08205721e+01   7.42817020e+00   8.98922414e+00   1.02454410e+01
   6.63187811e-01  -1.20244892e+01  -1.57479599e+01  -1.55158723e+01
  -1.40498489e+01  -1.08932321e+01  -1.02522655e+01  -1.26043448e+01
  -1.56713686e+01  -2.32034526e+01  -3.26139283e+01  -2.65461111e+01
  -1.80085931e+01  -6.44488725e+00  -1.50640881e-01   1.39142666e+01
   3.25478820e+01   4.37009990e+01   4.16057268e+01   3.07120067e+01
   1.85197730e+01   1.22714723e+01   8.08244787e+00   3.62280011e+00
   7.20084320e+00   9.41820539e+00   9.81709966e+00   8.81920318e+00
   8.42209810e+00   7.26051994e+00   1.62701115e+00   2.13701486e+00
   9.11659986e-01   3.57339624e+00   9.63891628e-01  -1.87006094e+00
   1.95604230e+00   6.12994246e+00   9.37102613e+00   6.36865091e+00
   6.16437786e+00   2.41087158e+00   6.31145779e+00   6.40834323e+00
   4.49017243e+00   3.46735866e+00   6.54866733e-01  -1.31833402e-01
   2.80212045e+00   3.07264550e+00  -3.36719456e+00  -2.52483022e+00
   4.97235135e+00   4.14880704e+00   2.37228336e+00   3.36155904e+00
   3.29022231e+00  -6.30047780e-01   9.80893894e-01   3.59431189e+00
   3.60304935e+00   1.18445079e+01   4.47994216e+00   2.41492448e+00
   8.04672864e+00   7.20109125e+00   4.50887070e+00   5.48313358e+00
   8.76733077e+00   8.97830976e+00   9.15446646e+00   1.06598905e+01
   1.13785598e+01   7.03902661e+00   5.76689129e+00   4.35238298e+00
  -4.34437814e-01   7.23331207e+00   1.28947637e+01   1.09168366e+01
   5.23558037e+00   1.20389978e+00  -3.95913760e+00  -4.57205016e+00
  -3.47771747e-01  -2.73322307e+00  -1.92758324e+00   1.53881987e+00
   4.42008907e+00  -5.47257813e-01  -6.72401696e+00  -4.61107981e+00
  -7.81636113e+00  -9.87123655e+00  -1.28983674e+01  -1.13325685e+01
  -1.05102175e+01  -8.70552557e+00  -4.22324821e+00   6.03385137e+00
   2.79058055e+00  -6.56662019e+00  -1.26314292e+01  -1.34615651e+01
  -9.26501225e+00  -5.23198040e+00  -8.70150461e+00  -5.91181719e+00
   1.33822026e+00   2.00016415e-01   7.98399564e-01   8.33182892e-01
   5.26849422e-01   1.93019340e+00  -3.41393071e+00   2.20054953e-01
   1.74612912e+00   7.36668083e+00   5.31804534e+00  -1.83722524e+00
  -6.36501724e+00  -1.30224078e+00  -6.31973524e+00  -6.20244984e+00
   1.80834329e+00],[  4.88498131e-14   4.88498131e-14   4.88498131e-14   1.23870596e+00
   5.95956215e-01   2.90042166e+00   7.75421802e+00   6.55991859e+00
   3.68422919e+00   2.25507510e+00  -1.23442019e+00   5.80940470e-01
   6.84961491e+00   1.67589509e+01   7.00601746e+00   1.88541433e+00
   3.61622585e+00   3.06810371e+00   1.55713630e+00  -4.04129834e+00
   1.03559398e+00   1.34448775e+01   1.12299402e+01   9.70636240e+00
   9.48118344e+00   1.08930784e+01   8.85129765e+00   7.45368151e+00
   1.87277810e+00  -5.72167477e-01   4.91303170e+00   4.65532779e+00
   3.10153923e+00   3.95019525e+00   2.76510381e+00   8.41211950e-01
   4.51421903e+00   9.94944387e+00   1.27449394e+01   1.08728501e+01
   1.02944686e+01   3.16109220e+00  -7.62084238e-01  -8.27391966e+00
  -8.46110337e+00  -4.06250248e+00  -4.22976034e+00  -6.54987913e+00
  -2.59355493e+00   3.40913927e+00   2.65146951e+00   1.30897055e+00
   4.42335005e+00   3.43193241e+00   5.00956191e+00   6.10217598e+00
   3.13303998e+00   2.50536070e+00  -7.56929884e-01  -3.43496687e+00
  -2.49731448e+00  -1.82374496e+00  -4.66537064e+00  -2.44632014e+00
  -2.49711826e+00  -1.62964815e+00   9.00865404e-01   5.14863585e+00
   6.79929677e+00   1.15491181e+01   1.48949541e+01   1.31484102e+01
   8.70163306e+00   8.13008140e+00   8.88839922e+00   1.79170170e+00
   1.56215625e+00   2.70342311e+00   1.73455384e+00   4.73047421e+00
   6.47865667e+00   5.27985710e+00   5.57890779e+00   7.17060836e+00
   8.50909325e+00   2.76673373e+00   4.43340637e-01   5.19400534e+00
   5.11012722e+00   3.19777048e+00   6.07164378e+00   9.29737524e+00
   7.11579267e+00   8.63404545e+00   6.84532179e+00   6.66443698e+00
   1.08313198e+01   1.18166520e+01   2.24365829e+00   5.01182909e+00
   8.92773126e+00   8.15320003e+00   6.45727743e+00   6.06680652e+00
   8.24220280e+00   6.68618846e+00   8.40652018e+00   1.05513916e+01
   6.42021683e+00   5.52491560e+00   5.11026006e+00   5.60515620e+00
   5.84136153e+00   7.79498539e+00   8.71485683e+00   1.08873518e+01
   1.87948056e+00  -4.49066998e+00   2.96649726e+00   1.76899546e+01
   1.65553441e+01   8.81112247e+00   1.02556487e+00  -7.49391805e-01
   2.62562205e+00   1.41903977e+00  -6.18019295e-01  -2.92116892e+00
  -5.27930079e+00  -1.51094120e+00   1.58864051e+00  -1.83994968e+00
   1.94412417e+00  -1.70107366e+00   2.80068673e+00   9.14561410e+00
   1.16742179e+01   1.66127212e+00  -2.52306999e+00  -3.93043053e+00
  -4.36859956e+00  -1.30358724e+00   9.01890165e-01  -4.96679365e-01
  -4.54594631e+00  -6.64577578e+00  -4.11859000e+00   1.05678936e+01
   1.92338907e+01   3.35728611e+01   3.66345702e+01   3.82581031e+01
   4.20925695e+01   4.54315843e+01   3.96881182e+01   2.81593572e+01
   2.03501543e+01   1.92164317e+01   1.15326125e+01   7.86914707e+00
   1.26570199e+01   1.48000533e+01   1.73554084e+01   1.47551337e+01
   1.25641085e+01   8.13561076e+00  -2.86227182e+00  -3.78756090e-01
   2.32384204e+00   2.80247360e+00   2.56757893e+00   4.47531421e+00
   2.91017356e+00   4.34883772e+00   1.03665613e+01   7.92095331e+00
   1.03157088e+01   6.49943564e+00   5.67884404e+00   7.19371481e+00
   8.83698687e+00   8.74615964e+00   8.67362962e+00   4.88629766e+00
   2.13930620e+00   5.49458264e+00   3.23933526e+00   3.65450484e+00
   5.90180274e+00   6.43431698e+00   5.46428829e+00   2.95053327e+00
   2.08223696e-01  -4.78343883e-01   4.58936286e+00   5.39153799e+00
   1.38676467e+00   6.85474859e+00  -1.79096809e+00  -1.78003148e+00
   2.29663643e+00  -4.86951470e-01   6.70023720e-01   6.91644150e+00
   1.01975357e+01   9.29341007e+00   7.31364170e+00   6.30646575e+00
   1.17447989e+01   6.20227344e+00   3.65434519e+00  -1.18170230e+00
  -1.07967007e+01  -4.16812659e+00   4.34849872e+00   9.27621400e-01
   1.59360228e+00   4.19844817e+00  -3.04865802e+00  -5.02658925e+00
  -3.22240015e+00  -1.41052599e+00  -1.80559079e+00   3.88990713e+00
   5.40462818e+00  -1.32345386e+00   5.31921562e-02  -1.35937998e-01
  -3.82256603e+00  -8.97143444e+00  -1.07835541e+01  -8.82000403e+00
  -9.30679486e+00  -1.38314384e+01  -9.43484899e+00   3.47372874e+00
  -9.73334967e-01  -5.38369632e+00   4.59286860e-02   5.68340412e+00
   3.92776778e+00   5.64719259e+00   5.74191730e-01   1.36303135e+00
   5.91288551e+00   4.90077077e+00   9.19664141e+00   1.47804487e+01
   1.43481910e+01   5.76310312e+00   1.69852433e+00   8.88882622e+00
   1.62066512e+01   1.23831988e+01   7.49782946e+00   4.41970641e+00
   1.86435777e+00  -1.80361239e+00  -1.04848995e+01  -1.28102494e+01
  -2.81975242e+00]