[-700.30262443 -699.93572965 -691.46150074 -613.23824723 -503.08692414
 -458.7870766  -459.64908966 -472.68845061 -485.36015959 -502.66444631
 -520.94969335 -532.55211044 -539.77940399 -552.51388176 -546.57499741
 -536.45268219 -545.12700112 -554.2738638  -573.25629353 -577.55268464
 -579.84525332 -579.06017859 -578.19057424 -574.73763076 -575.77934149
 -580.7159999  -574.41979625 -571.8375177  -574.07482445 -573.58153593
 -578.81753752 -579.11697676 -573.82165063 -578.51055452 -582.6007271
 -589.58266175 -584.90369171 -581.32457078 -583.44281388 -580.36771544
 -583.42161531 -585.01408001 -581.9414902  -579.06654077 -580.61094454
 -586.48890119 -567.97153972 -516.16700171 -471.30163899 -446.81660868
 -404.60206491 -355.10935752 -317.99906018 -300.56577475 -317.68389185
 -384.3590407  -462.28607493 -481.24530648 -457.6330896  -391.8364002
 -355.1367284  -345.81144486 -353.2106841  -375.4657714  -406.49050467
 -431.53170165 -454.7392086  -491.1680212  -509.08865775 -444.77282903
 -376.34784086 -331.86578987 -309.97296171 -300.07479237 -292.43092177
 -299.22452819 -318.87072813 -319.92159291 -330.91129655 -351.08932361
 -366.49987703 -398.49271058 -444.33858662 -451.03250064 -406.74270268
 -368.88311238 -351.55781677 -342.66183875 -343.83941416 -347.45465859
 -361.60529366 -399.6084316  -427.34554535 -412.42863806 -408.09437676
 -414.92249611 -430.40179976 -452.8726268  -461.91826523 -432.72850421
 -387.63031449 -363.15843272 -351.44454263 -342.94803753 -342.11668684
 -336.85280822 -316.90047129 -305.62835605 -300.1724818  -289.95703731
 -287.93943435 -303.7761447  -310.73267293 -304.605275   -301.9765077
 -321.44006294 -363.69454572 -396.81285171 -395.58957199 -385.54531186
 -381.97137546 -373.67844053 -355.314254   -360.67032366 -384.69041399
 -394.41040396 -399.3031366  -398.34656657 -367.27194185 -325.69341445
 -297.59935594 -283.97012589 -282.17020741 -278.08114941 -273.54698865
 -280.15658293 -303.09684843 -301.27377796 -297.2474637  -303.01768655
 -306.71110349 -307.21575635 -308.97992279 -322.83929723 -324.24742476
 -310.64384695 -297.01852958 -301.45348188 -341.78678945 -412.27651239
 -467.23971801 -528.03621631 -504.53753686 -483.14094294 -495.51723591
 -506.16130918 -500.58011552 -470.75845699 -441.62688555 -372.48609655
 -307.71661597 -271.17154807 -258.1509055  -261.88719906 -276.45329673
 -296.40234211 -298.63544469 -302.56673456 -335.40447136 -326.10094834
 -278.2566335  -257.79637761 -260.96385044 -266.58655874 -272.72403191
 -284.93334264 -305.42034716 -323.27017838 -346.40446094 -378.49407428
 -395.88006158 -378.63998028 -332.16822092 -291.25750288 -278.01663956
 -276.44806061 -274.22577023 -276.78034882 -295.45547923],[ -3.64153152e-14   3.24869869e-01   2.66117114e+00   5.86375024e+01
   8.36227448e+01   8.07360503e+01   6.75318320e+01   6.69283243e+01
   8.51638163e+01   1.06409183e+02   1.15392290e+02   1.20215101e+02
   1.26357365e+02   1.22961474e+02   1.09974370e+02   9.58916989e+01
   9.93993355e+01   1.16243864e+02   1.21304342e+02   1.19142164e+02
   1.18676642e+02   1.20093588e+02   1.18860767e+02   1.19557704e+02
   1.20095354e+02   1.16296830e+02   1.23419540e+02   1.28384922e+02
   1.26331798e+02   1.26806012e+02   1.20346612e+02   1.23110890e+02
   1.27698156e+02   1.20805396e+02   1.17594275e+02   1.10589065e+02
   1.18028668e+02   1.22205921e+02   1.17542330e+02   1.19559381e+02
   1.15734459e+02   1.15412027e+02   1.17700936e+02   1.19086671e+02
   1.19262833e+02   1.13027452e+02   1.27949140e+02   1.61776029e+02
   1.77926222e+02   1.65945321e+02   1.65113911e+02   1.83446481e+02
   1.98845544e+02   2.07449638e+02   2.11820366e+02   1.98510317e+02
   1.64500217e+02   1.44592358e+02   1.46136499e+02   1.64684699e+02
   1.76026707e+02   1.85641929e+02   1.89044067e+02   1.83502464e+02
   1.75412300e+02   1.66066328e+02   1.58041630e+02   1.39296853e+02
   1.17739638e+02   1.21986769e+02   1.50131648e+02   1.66609883e+02
   1.70055458e+02   1.74877244e+02   1.80807414e+02   1.75143876e+02
   1.49857243e+02   1.08021826e+02   6.48388679e+01   3.27241589e+01
   3.11130080e+01   5.64539098e+01   9.87493618e+01   1.27078067e+02
   1.61605567e+02   1.81892886e+02   1.88957217e+02   1.90151275e+02
   1.86841889e+02   1.84329503e+02   1.85314964e+02   1.79583931e+02
   1.67068010e+02   1.65126081e+02   1.62636257e+02   1.56391947e+02
   1.54841022e+02   1.29424735e+02   1.06301867e+02   7.60058986e+01
   4.15230089e+01   2.00566903e+01   1.37403917e+01   2.07720835e+01
   3.17462239e+01   6.91020159e+01   1.32864967e+02   1.60974209e+02
   1.77251026e+02   1.84123730e+02   1.79320942e+02   1.69855003e+02
   1.70141512e+02   1.75526521e+02   1.78947456e+02   1.71459926e+02
   1.24625530e+02   5.66763399e+01   2.30302840e+01   1.43404427e+01
   2.58598176e+01   6.61404382e+01   1.24942392e+02   1.51417762e+02
   1.46725105e+02   1.41573650e+02   1.45677745e+02   1.55868610e+02
   1.71056808e+02   1.84970850e+02   1.96233067e+02   2.04626308e+02
   2.09129474e+02   2.07164577e+02   2.05481016e+02   1.99694054e+02
   1.81980375e+02   1.90466129e+02   2.08643787e+02   2.07932410e+02
   2.00824649e+02   1.94517010e+02   1.86013576e+02   1.76210112e+02
   1.77112184e+02   1.76737306e+02   1.69388052e+02   1.63690938e+02
   1.70011496e+02   1.63076635e+02   1.47560990e+02   1.19270391e+02
   1.11033956e+02   9.49757823e+01   9.63050582e+01   1.14977231e+02
   1.23358156e+02   1.32475535e+02   1.36412399e+02   1.58578704e+02
   1.80376448e+02   1.85942146e+02   1.86821000e+02   1.87772075e+02
   1.79146598e+02   1.62201924e+02   1.62298270e+02   1.76764510e+02
   1.76733362e+02   1.70357156e+02   1.81372688e+02   1.86032072e+02
   1.95494313e+02   2.03060711e+02   2.04319245e+02   1.96964950e+02
   1.92270378e+02   1.89237968e+02   1.88546089e+02   1.71372081e+02
   1.51144510e+02   1.48293345e+02   1.58542696e+02   1.67011211e+02
   1.69131914e+02   1.71973161e+02   1.83254769e+02   2.05733255e+02
   2.12532261e+02],[  1.05693232e-13   1.90300045e-01  -1.07642647e+00   1.81947183e+01
  -4.51718340e+00  -8.54523750e+00  -7.27608510e+00  -1.36264118e+01
  -1.39014214e+01  -8.52825840e+00  -8.03985449e-01   5.98713023e+00
   1.43289498e+01   1.78864574e+01   1.64793304e+01   8.90475330e+00
   1.43404277e+01   2.62293622e+01   2.85568579e+01   2.52491980e+01
   2.78237572e+01   3.14928029e+01   3.34736215e+01   2.99676264e+01
   2.84350919e+01   2.74474534e+01   3.10305770e+01   3.63626065e+01
   3.59549108e+01   3.47122240e+01   3.02544185e+01   3.82201023e+01
   3.86890974e+01   3.33076752e+01   3.33080071e+01   2.98965121e+01
   3.82292651e+01   3.95857771e+01   3.23239103e+01   3.21077239e+01
   3.03738842e+01   3.12800439e+01   3.24929048e+01   3.30952987e+01
   3.47254847e+01   3.37662723e+01   3.84608918e+01   3.44734486e+01
   2.83886984e+01   2.86163941e+01   2.74950952e+00  -2.86803627e+01
  -4.43813538e+01  -4.67455044e+01  -3.54375980e+01  -9.20964018e+00
   2.34623464e+01   2.45385202e+01   7.85591811e+00  -1.32412675e+01
  -2.01886184e+01  -2.00125310e+01  -1.75009450e+01  -5.56008817e+00
   1.52420391e+01   3.25919195e+01   4.03368355e+01   3.06760423e+01
   1.99959096e+01  -9.54887716e+00  -3.13791694e+01  -4.73854398e+01
  -6.59762502e+01  -7.33302683e+01  -7.69774755e+01  -7.71320249e+01
  -6.17623104e+01  -5.13732519e+01  -4.68890683e+01  -4.13304137e+01
  -3.17722328e+01  -1.56279367e+01   1.31967144e+01   1.22161520e+01
  -1.45288906e+01  -3.27947237e+01  -5.18861964e+01  -6.82831642e+01
  -7.86455903e+01  -6.82891347e+01  -4.82587278e+01  -2.43977396e+01
  -8.35792759e+00  -2.42170284e+01  -3.76718855e+01  -4.78580568e+01
  -3.72801545e+01  -1.02339670e+01   5.08031239e+00  -2.88242067e+01
  -5.68556259e+01  -7.05585671e+01  -7.85185062e+01  -8.92015380e+01
  -9.68553534e+01  -8.45927558e+01  -7.15096306e+01  -8.61193330e+01
  -1.04933666e+02  -1.08514291e+02  -1.11448492e+02  -1.05990756e+02
  -9.78748769e+01  -8.49091622e+01  -7.37419727e+01  -5.17192360e+01
  -1.59458288e+01  -6.07506000e+00  -2.40065919e+01  -4.13367467e+01
  -4.63243074e+01  -3.31064250e+01  -4.01242119e+01  -4.58113129e+01
  -3.71304848e+01  -3.48636733e+01  -3.29180123e+01  -2.99907694e+01
  -4.50754786e+01  -6.44043236e+01  -8.33352663e+01  -9.18931489e+01
  -9.42213177e+01  -9.62346414e+01  -1.01557062e+02  -1.09379075e+02
  -1.07243018e+02  -9.89550701e+01  -8.75803406e+01  -8.18869043e+01
  -8.96220745e+01  -9.40406343e+01  -9.19137446e+01  -8.46269945e+01
  -7.51885119e+01  -8.05843594e+01  -9.84210510e+01  -1.05335823e+02
  -7.63331986e+01  -2.74699995e+01  -1.22077302e+00   1.19419850e+01
  -8.67589763e+00  -1.78454077e+01  -4.35088928e+00  -1.37245890e-01
  -3.29716114e-01  -3.12830552e+00  -2.17842556e+01  -5.83233632e+01
  -9.07709938e+01  -1.00712915e+02  -9.94263251e+01  -9.55623840e+01
  -9.13579688e+01  -8.64004383e+01  -8.33067261e+01  -7.61039845e+01
  -5.80197311e+01  -6.34083021e+01  -8.56409334e+01  -1.03665877e+02
  -1.03492152e+02  -9.35533921e+01  -8.42052248e+01  -7.63416951e+01
  -6.52062783e+01  -5.36384289e+01  -3.85618631e+01  -2.41066803e+01
  -2.65061217e+01  -3.45171900e+01  -4.96469587e+01  -7.06482045e+01
  -8.44033960e+01  -8.68043208e+01  -8.75330780e+01  -7.16670660e+01
  -5.57126727e+01],[ -9.76996262e-14   3.77355835e-01   1.72119477e+00   2.79536062e+01
   3.89452884e+01   4.60810881e+01   5.42965812e+01   4.89185705e+01
   3.99139955e+01   2.50587056e+01   1.67333442e+01   1.21377239e+01
   7.07666238e+00   4.21520060e+00   1.58316124e+01   2.19393075e+01
   2.31327545e+01   1.64577320e+01  -1.90151870e+00  -9.09477114e+00
  -7.38378070e+00  -4.23653590e+00   2.41540332e+00   2.12956399e+00
  -1.55237967e+00  -1.76209172e+00  -8.01823445e-01   2.07631204e+00
   2.12871520e+00  -1.72791529e+00  -5.40501827e+00   3.48361984e+00
   3.85289012e+00   2.74280237e+00   2.52335850e+00  -2.05124681e+00
   4.59219371e+00   3.61756370e+00  -3.27066207e+00  -2.46278460e+00
  -8.16946178e-01  -2.96794314e+00   9.91628422e-01   5.62735063e+00
   5.20574316e+00   7.81982365e+00   9.80822166e+00   7.02350211e+00
   1.40996935e+01   4.95602828e+01   5.56201681e+01   3.54201109e+01
   2.23675071e+01   1.44931867e+01   8.98109382e+00   8.22564337e+00
   2.68892731e+01   3.49058933e+01   2.31570257e+01   6.08026939e+00
  -5.61471708e+00  -1.14650898e+01  -1.00111392e+01   4.19874972e+00
   2.33843153e+01   3.42389335e+01   3.65793979e+01   4.03446377e+01
   4.36200663e+01   4.49092234e+01   3.29546697e+01   2.26543839e+01
   1.23980473e+01   7.44561826e+00   1.00838198e+01   1.89618721e+01
   4.15103643e+01   7.99124985e+01   1.04928067e+02   1.10880340e+02
   1.11925417e+02   9.25865815e+01   6.16312288e+01   4.00931395e+01
   2.41077130e+01   5.86013539e+00  -1.25952384e+01  -2.47115854e+01
  -3.18195972e+01  -2.80379451e+01  -2.24281949e+01  -1.41605495e+01
   1.02448684e+01   3.18772631e+00  -2.13710272e+00   1.02328002e+00
   6.89104144e+00   2.15968893e+01   3.64689935e+01   5.66831666e+01
   8.99292869e+01   1.09388996e+02   1.16484904e+02   1.16871261e+02
   1.12471720e+02   9.87699357e+01   6.70602955e+01   4.56870806e+01
   4.09115669e+01   3.80569872e+01   3.66155530e+01   3.47801952e+01
   2.75446083e+01   1.77847481e+01   1.52872697e+01   2.28461934e+01
   5.20366494e+01   9.49477827e+01   1.04684237e+02   1.04789822e+02
   1.01185962e+02   8.73625026e+01   4.93220494e+01   3.15347396e+01
   3.22075516e+01   3.78109401e+01   3.20719248e+01   2.93567780e+01
   1.94881939e+01   1.28293444e+01   9.62961070e+00   8.10788400e+00
   7.39706981e+00   2.70684516e+00  -6.98352000e+00  -1.83532601e+01
  -1.10292475e+01  -1.03935030e+01  -1.84802150e+01  -1.04969942e+01
  -9.35577492e+00  -1.11399653e+01  -3.09706074e+00   3.92819723e+00
   1.10125649e+00  -1.12712555e-01   7.16732420e+00   1.17521511e+01
   7.67863515e+00   9.61101051e+00   1.18639066e+01   1.03658629e+01
   2.05004512e+01   3.53760997e+01   3.90159204e+01   2.42920266e+01
   1.91089709e+01   2.80586685e+01   3.45938710e+01   3.45065864e+01
   2.03976213e+01   1.26060318e+01   1.03733785e+01   1.06901913e+01
   1.65385770e+01   2.43645419e+01   2.15748947e+01   6.64643767e+00
   1.78098191e+00   9.45361973e+00   1.33336243e+01   1.96077790e+01
   2.21512188e+01   1.50103900e+01   1.24416545e+01   1.65632045e+01
   2.07155705e+01   1.90933038e+01   1.20807211e+01   2.45089170e+01
   3.68015451e+01   4.58453514e+01   5.62522469e+01   6.11664390e+01
   5.41367736e+01   4.63834618e+01   3.46255955e+01   3.20012618e+01
   3.15420026e+01],[  3.10862447e-14   3.44134059e-01  -6.71576285e-02   1.84284082e+01
   1.05710496e+00  -1.49612676e+01  -1.88591563e+01  -1.43110536e+01
  -2.13187793e+00   5.55324780e+00   7.75400419e+00   1.23166157e+01
   1.40256793e+01   1.42276867e+01   6.35666410e+00  -4.77237530e+00
   1.06340117e+00   8.90185716e+00   1.00050851e+01   1.15256627e+01
   1.27335354e+01   1.01508913e+01   9.00768001e+00   1.06397037e+01
   1.43668482e+01   1.74266885e+01   1.69107407e+01   1.97641733e+01
   1.95534549e+01   1.51574151e+01   1.07575131e+01   1.61027854e+01
   1.78077185e+01   1.92757900e+01   1.94455179e+01   1.26894850e+01
   1.53820898e+01   1.67258018e+01   1.31199419e+01   1.35132360e+01
   1.57501558e+01   1.13508954e+01   1.52248611e+01   1.87715682e+01
   1.96755410e+01   2.17632734e+01   1.66119598e+01   1.05287622e+01
   1.03875091e+00  -3.92762720e-01  -1.11247980e+01  -2.35328350e+01
  -3.47828573e+01  -3.74921260e+01  -2.35751531e+01  -4.03807504e+00
   7.93751373e+00   1.85582575e+01   2.98673751e+01   2.40010887e+01
   6.67569866e+00  -5.86364597e+00  -1.28203260e+01  -1.59054821e+01
  -1.41619875e+01  -1.55486785e+01  -1.60330655e+01   1.96332689e+00
   1.03678303e+01  -3.85507075e+00  -1.07754429e+01  -4.76791026e+00
   3.74598450e+00   5.75915432e+00   5.98327515e+00   9.24031870e+00
   1.03271120e+01  -2.11796707e+00  -1.63244047e+01  -2.58111067e+01
  -2.37937998e+01  -1.91000534e+01  -6.78521273e+00   6.17618916e-01
  -5.98792723e+00  -1.93204996e+01  -2.10571018e+01  -2.17886039e+01
  -2.13698488e+01  -2.20238876e+01  -1.92614359e+01  -9.63293242e+00
   1.81732928e+01   2.12039556e+01   2.57184732e+01   3.72458676e+01
   3.45850912e+01   1.67051158e+01  -3.30675076e+00  -6.62079837e+00
  -1.49495102e+01  -2.16111133e+01  -2.29905522e+01  -1.30554945e+01
  -7.62836226e+00  -3.34065739e+00   1.28931622e+01   2.44792322e+01
   3.08311504e+01   2.61801194e+01   2.45627647e+01   2.35268472e+01
   1.81282458e+01   8.79359060e+00   2.50384555e+00   1.41488577e+00
  -2.02979969e+01  -3.62080632e+01  -5.49242982e+01  -6.71043757e+01
  -6.24412906e+01  -4.78572213e+01  -2.24556286e+01  -5.76346545e+00
  -3.84374444e+00   7.66651047e+00   7.31956295e+00   6.82013906e+00
   2.45664241e+00  -4.32773580e+00  -4.34558652e+00  -7.23800309e+00
  -1.43308791e+01  -2.81967589e+01  -3.85954595e+01  -3.48717952e+01
  -2.55398074e+01  -2.69044817e+01  -3.67044321e+01  -3.88213926e+01
  -3.72389008e+01  -3.68968300e+01  -3.11685892e+01  -2.52670859e+01
  -3.19315572e+01  -3.90363736e+01  -3.29052913e+01  -2.40446004e+01
  -1.68428251e+01  -9.84027756e+00  -6.85355716e+00  -9.00409107e+00
  -5.61513569e+00  -1.42256286e+01  -1.27075929e+01  -4.15422990e+00
  -4.27144989e+00  -1.12565469e+01  -4.87900925e+00   7.87731134e+00
  -3.11488014e+00  -2.40447573e+01  -3.88647725e+01  -4.17816057e+01
  -4.03398248e+01  -3.94295804e+01  -3.30373643e+01  -2.36687317e+01
  -2.28609552e+01  -3.42000649e+01  -4.47813998e+01  -4.40444289e+01
  -3.93726557e+01  -4.31276736e+01  -4.61949255e+01  -4.77699294e+01
  -4.07535968e+01  -3.54815648e+01  -2.84647613e+01  -1.98881611e+01
  -1.39346350e+01  -1.76189527e+01  -3.10630208e+01  -3.68944195e+01
  -4.01866386e+01  -3.85662798e+01  -3.93456429e+01  -2.97345160e+01
  -2.33200984e+01],[ -4.61852778e-14   6.62030077e-02   2.12268337e+00   2.02123622e+01
   3.03727701e+01   3.56554209e+01   4.10269898e+01   4.49945168e+01
   3.60741870e+01   2.32662920e+01   1.74403956e+01   1.81794760e+01
   2.25193850e+01   2.09066598e+01   2.38735552e+01   2.39963493e+01
   2.36570763e+01   2.24753372e+01   2.08527017e+01   2.91178855e+01
   3.01971407e+01   2.73496210e+01   2.23172074e+01   2.08058813e+01
   2.60861463e+01   2.77052488e+01   2.60299586e+01   3.10672842e+01
   2.98433431e+01   2.67703323e+01   2.34844574e+01   2.44903406e+01
   2.55347353e+01   2.60937767e+01   2.89710646e+01   2.38878011e+01
   2.41925020e+01   3.01179602e+01   2.94470916e+01   2.78155679e+01
   2.49809518e+01   2.20216789e+01   2.13676028e+01   1.96924424e+01
   2.38564764e+01   2.63057539e+01   2.07840955e+01   1.20644585e+01
   2.51106879e+00  -6.71879271e+00  -2.56859039e+01  -3.58632686e+01
  -3.51947090e+01  -2.44966187e+01  -7.80910300e+00   5.80497140e+00
   1.85978921e+01   2.62172052e+01   3.93445664e+01   3.49874552e+01
   2.63889915e+01   1.95890587e+01   5.08929522e+00  -1.86207914e+01
  -3.12756234e+01  -3.13327279e+01  -2.45553144e+01  -9.54805804e+00
   5.93601280e+00   4.47500897e+00  -3.71456790e+00   2.77504124e+00
   1.29199401e+01   1.43134477e+01   1.36379046e+01   1.57409959e+01
   2.95009807e+01   3.43244505e+01   3.54621267e+01   3.60784208e+01
   3.23317134e+01   2.83940013e+01   2.74448972e+01   2.45149752e+01
   1.18166334e+01   5.33097937e+00   1.24755337e+00  -6.33296630e-01
  -5.52213433e-01   4.12906128e+00   3.46975840e+00   4.11786707e+00
   1.12947531e+01   1.25799971e+01   1.45697019e+01   1.45561813e+01
   1.22684238e+01   2.15573315e+01   1.92149760e+01   1.09916711e+01
   1.64992104e+01   1.57558592e+01   2.00811257e+01   2.72806502e+01
   2.42236086e+01   1.62502296e+01   1.47777183e+01   6.96707810e+00
  -3.79162315e+00  -1.00982440e+01  -8.86357298e+00  -4.56886017e+00
   2.43383513e+00   1.24652873e+01   1.30503201e+01   1.75113877e+01
   3.47336399e+01   5.11476973e+01   4.61833216e+01   3.77064206e+01
   2.99358372e+01   3.05336061e+01   2.26533570e+01   1.09553565e+01
   1.22025221e+01   1.72009707e+01   1.85459392e+01   1.07080317e+01
   6.66459335e+00   4.56555438e+00  -4.63714427e-02  -6.61289280e+00
  -1.42471184e+01  -1.33211452e+01  -1.06486296e+01  -3.92802701e+00
   3.60825642e+00   6.30437645e+00  -4.16513352e+00  -2.01743043e+01
  -2.79954520e+01  -2.27691234e+01  -1.40202656e+01  -7.28820021e+00
   2.18934482e+00   4.36525471e+00   1.19583596e+00   2.60633560e+00
  -6.01989103e-01   4.66510068e+00   7.81987716e+00   5.45067264e+00
   1.58411655e+00   7.52644428e+00   1.11092345e+01   6.78430156e+00
   9.53762540e+00   7.51509006e+00   8.31811407e+00   4.97709567e+00
  -1.23403706e+00  -1.29867855e+00  -3.18889953e+00  -1.01953461e+01
  -1.33755590e+01  -1.40859803e+01   1.58208679e-02   2.24115855e+01
   2.71707374e+01   2.52071232e+01   1.53809002e+01  -1.91596276e-01
  -1.63381894e+01  -2.68199549e+01  -3.67390243e+01  -4.22794747e+01
  -4.26955913e+01  -3.29318714e+01  -1.50511133e+01  -4.91720733e+00
  -4.81517615e+00  -1.18687577e+01  -3.07646670e+01  -4.19299179e+01
  -4.06828483e+01  -3.20992936e+01  -3.35052937e+01  -2.72753068e+01
  -2.34822873e+01],[  6.92779167e-14   7.48595140e-02  -2.82970973e-01   5.74784898e-01
  -7.16354674e+00  -2.24664144e+01  -2.05626798e+01  -7.83223271e+00
  -1.97303814e+00  -5.92910370e-01   3.84679756e+00   6.09217216e+00
   1.05299701e+01   1.31885446e+01   1.87624787e+01   1.82334006e+01
   1.95098713e+01   2.08352337e+01   2.23297112e+01   2.71629523e+01
   2.48164717e+01   2.68397033e+01   2.59530324e+01   2.47909007e+01
   2.47780493e+01   2.23239670e+01   2.00293924e+01   2.19478860e+01
   1.91287552e+01   1.75477005e+01   1.76356368e+01   1.66585590e+01
   1.68873508e+01   1.77051042e+01   2.03010341e+01   1.81771133e+01
   1.95614661e+01   2.50833899e+01   2.61253053e+01   2.50399148e+01
   1.67781678e+01   1.54582661e+01   1.21337297e+01   1.15099380e+01
   1.36403989e+01   1.57757301e+01   1.27675250e+01   4.38988562e+00
  -8.04245321e+00  -1.78190053e+01  -2.04961260e+01  -2.33222970e+01
  -2.84604892e+01  -3.24717309e+01  -2.80478162e+01  -1.90919820e+01
  -2.51324729e-01   1.66785908e-01  -1.56745448e+01  -4.51495959e+01
  -5.63545558e+01  -5.05315433e+01  -4.72532737e+01  -5.22799416e+01
  -5.16692770e+01  -4.56018936e+01  -2.75042107e+01   6.85352623e-01
   1.09141040e+01   5.45513522e+00  -1.65917601e+01  -3.35818281e+01
  -3.92425726e+01  -4.62207820e+01  -5.17276397e+01  -4.93771109e+01
  -4.14865435e+01  -3.66828142e+01  -2.76484592e+01  -1.84114845e+01
  -1.30932328e+01  -5.19251317e+00  -5.70835557e+00   1.29355299e+00
  -3.10998709e+00  -1.00090822e+01  -2.14231857e+01  -2.11654011e+01
  -1.86760003e+01  -2.33234760e+01  -3.13624672e+01  -2.77939181e+01
  -3.25597698e+01  -4.31430404e+01  -4.54632791e+01  -4.65597575e+01
  -3.88379698e+01  -2.02620367e+01  -4.90238809e+00  -1.17000831e+01
  -7.42767950e+00  -1.15661667e+01  -1.08396988e+01  -9.54554201e+00
  -6.09594042e+00  -9.18306449e+00  -2.46993157e+01  -3.63336528e+01
  -2.86002501e+01  -3.01909666e+01  -3.05183566e+01  -2.99808665e+01
  -2.94241698e+01  -3.07746152e+01  -3.15899962e+01  -3.14853173e+01
  -1.99203041e+01  -2.26498156e+00   3.08969430e+00   1.03697569e+01
   6.49646461e+00  -7.05133435e-01  -1.01051667e+01  -1.37193234e+01
  -1.36775557e+01  -1.68177603e+01  -1.26181498e+01  -1.37618751e+01
  -1.95136527e+01  -2.50408434e+01  -2.45625463e+01  -2.20987335e+01
  -1.77811986e+01  -1.43671337e+01  -1.32357504e+01  -1.59318162e+01
  -1.29580725e+01  -2.88856050e+00  -3.07918859e+00  -1.01205680e+01
  -1.53765211e+01  -1.43447937e+01  -1.44914251e+01  -1.53445443e+01
  -1.17509438e+01  -1.08806999e+01  -1.17016156e+01  -6.30802069e+00
  -1.08119339e+01  -1.70952953e+01  -1.12676928e+01   6.69989207e-01
   8.99493764e-01   1.01577237e+00   6.18191397e+00   9.93311906e+00
   1.31783323e+01   9.33634267e+00   4.81954547e+00  -8.87731828e+00
  -1.05313643e+01  -1.23068859e+01  -1.56110225e+01  -1.70615943e+01
  -1.67023473e+01  -2.19739870e+01  -2.93721193e+01  -2.44561121e+01
  -1.22145468e+01  -1.36897059e+01  -1.30795801e+01  -3.18782779e+00
   3.05583061e+00  -3.16916546e-01  -1.04279868e+01  -1.61073814e+01
  -1.78274204e+01  -2.11914257e+01  -2.31593460e+01  -1.73684858e+01
  -1.02472083e+01  -3.83925116e+00  -5.80881987e+00  -7.54236815e+00
  -7.29441284e+00  -8.86158311e+00  -1.32351738e+01  -4.57475965e+00
   7.19481610e-01],[ -6.39488462e-14   1.67234174e-01  -2.15278172e-02  -2.34630028e+00
   1.42048178e+00  -5.74108967e-02  -3.59203982e+00  -6.46123337e+00
  -8.49439222e+00  -4.35513680e+00  -3.94835233e+00  -4.78550608e+00
   1.10203753e+00   8.57271389e+00   8.65398603e+00   5.20573158e+00
   6.01943491e+00   1.14075210e+01   1.65019992e+01   1.73988826e+01
   1.31141958e+01   1.48435146e+01   1.28227597e+01   1.32841369e+01
   1.46190046e+01   1.68204271e+01   1.44364696e+01   1.03093926e+01
   7.31400062e+00   8.16353744e+00   1.01086906e+01   1.04674413e+01
   1.10940901e+01   1.53659564e+01   1.39938786e+01   1.18624237e+01
   1.42874192e+01   1.48755051e+01   1.76447941e+01   1.80697698e+01
   9.50327435e+00   9.61050390e+00   8.43488134e+00   1.33768924e+01
   1.17994330e+01   6.63124669e+00   5.81705925e+00   4.73043701e-01
  -8.24790138e+00  -6.81048498e+00   1.47335454e+01   2.39665395e+01
   1.79677455e+01   1.14944660e+01   1.23516202e+01   9.01351322e+00
   1.01767423e+01   1.05905800e+01   5.06280724e+00   1.32119969e+01
   2.19130427e+01   2.64535015e+01   3.16538801e+01   3.23004083e+01
   2.73792994e+01   2.67016891e+01   2.92286977e+01   2.96802749e+01
   1.89938754e+01   1.30269324e+01   7.53896972e+00   6.37249043e+00
   9.31356483e+00   7.72839125e+00   8.96966312e-01  -7.91332506e+00
  -1.96195751e+01  -1.62198060e+01   3.46471996e+00   1.30147572e+01
   1.39988015e+01   1.79294269e+01   7.69667513e+00   8.59095036e+00
   8.54418948e-01   5.42947853e+00   1.08316602e+01   1.53258241e+01
   1.43197567e+01   1.43489194e+01   8.94935122e+00   1.01264333e+01
   1.03084260e+01   1.16028637e+01   4.65762847e-01  -1.42615164e+01
  -1.82775817e+01  -4.25542340e+00   1.38114035e+01   8.01735915e+00
   1.32577222e+01   1.63123053e+01   1.35302182e+01   8.38538594e+00
   5.07450690e+00  -6.52119776e+00  -1.82799499e+01  -2.26204460e+01
  -2.79922577e+01  -3.02521636e+01  -2.34832241e+01  -1.72890931e+01
  -1.56958465e+01  -1.07597542e+01  -7.74955536e+00  -5.09872560e+00
  -1.61667705e+00   8.26759555e+00   1.52038922e+01   1.21082304e+01
   2.88529486e+00  -7.39654805e+00  -7.08858753e+00  -2.98218315e+00
  -2.17897907e+00  -3.74361222e+00  -2.83656956e+00  -2.74889956e+00
  -4.86067630e+00  -8.41092163e+00  -1.61160793e+01  -1.96038446e+01
  -2.65629581e+01  -3.02762769e+01  -2.90547219e+01  -2.05109443e+01
  -1.64281439e+01  -1.09827683e+01  -1.16263675e+01  -1.94940860e+01
  -2.79037783e+01  -2.44386644e+01  -1.90358335e+01  -1.62340798e+01
  -1.50188957e+01  -1.29798774e+01  -1.19658050e+01  -1.19629954e+01
  -1.42212640e+01  -1.79986492e+01  -1.12828373e+01  -2.47862848e+00
   2.80264492e+00   3.42983891e+00   1.97953294e+00   5.85521436e+00
   8.57575186e+00   1.52025506e+00  -9.80597616e+00  -1.34737601e+01
  -5.60989471e+00   3.76587936e-01   1.94674257e+00   5.55589615e+00
   5.81993099e+00   6.35552619e+00  -4.98240545e+00  -2.11823782e+01
  -2.85573448e+01  -4.28472806e+01  -4.14187507e+01  -2.62948308e+01
  -1.58135061e+01  -3.65932534e+00   2.27483788e+00   5.65195414e-01
  -2.78545329e+00  -9.10975783e+00  -1.64578061e+01  -1.01271792e+01
   9.11550556e+00   1.74387807e+01   1.63337978e+01   9.02866181e+00
   3.39249281e-01  -2.21127745e+00  -3.14537283e+00   5.42887820e+00
   8.59926484e+00],[  3.99680289e-14  -5.79192889e-02   7.61892418e-01  -1.59129253e+00
   8.08914811e+00   1.50304413e+01   1.45267160e+01   1.69502151e+01
   1.64953516e+01   1.38297713e+01   4.85544286e+00   1.84725873e+00
   6.34361210e+00   7.86994111e+00   7.63600715e+00   6.93250167e+00
   2.42360801e+00   4.70384674e+00   6.16714699e+00   5.50689396e+00
   5.03348763e+00   3.36426575e+00   3.26180095e+00   2.19095328e+00
   2.33055634e+00   7.63397941e+00   4.81865404e+00   2.34833651e+00
   1.21401484e+00   4.52632021e+00   6.73434410e+00   8.99009098e+00
   8.84345552e+00   1.49797976e+01   1.19316040e+01   7.96179850e+00
   8.54154412e+00   7.48658626e+00   1.09024717e+01   1.10465445e+01
   3.39908093e+00   6.01847312e+00   9.49878961e+00   1.59556750e+01
   1.54871712e+01   4.41440312e+00   3.76198202e+00  -5.31388250e-01
  -8.02479071e+00  -8.94176834e+00   7.43033757e+00   1.63932959e+01
   1.87037200e+01   1.83375549e+01   2.08051334e+01   1.56704199e+01
   9.93806016e+00   4.15889935e+00   4.11670538e+00  -2.11445475e+00
  -4.06301700e+00   5.81266367e+00   2.02880211e+01   2.86357879e+01
   2.20010623e+01   1.09910000e+01   3.83741755e+00   3.68069732e+00
   3.52630812e-02  -8.89362144e+00  -2.40901079e+01  -2.20500577e+01
  -1.78564681e+01  -1.37285447e+01  -1.02357485e+01  -1.10171890e+01
  -8.07941269e+00  -6.17452728e+00  -2.69051757e+00  -1.77260214e-01
  -2.75764318e+00   5.14683221e-01  -4.51799199e+00  -5.32309779e+00
  -8.48790056e+00   3.36313088e+00   2.03902571e+01   2.72591897e+01
   2.89169371e+01   2.52881246e+01   1.19894636e+01   7.90494480e+00
  -2.60156197e+00  -5.23824408e+00  -1.15160766e+01  -2.04331745e+01
  -1.44472240e+01  -6.28301780e+00  -1.01856090e+01  -1.10262088e+01
  -3.69705480e+00   2.86902215e+00   1.55453529e+00   1.01545608e+01
   1.78419774e+01   2.76321711e+00  -9.75144168e+00  -6.68059339e+00
   7.76488616e-01   7.69481654e+00   1.21875777e+01   1.65859883e+01
   1.77540987e+01   1.05920740e+01  -9.96960131e-01  -8.42320428e+00
  -8.99645074e+00  -1.17572978e+00   1.96578325e+00  -5.95816537e-01
  -2.38331393e+00  -1.32086909e+01  -1.93549190e+01  -1.98379393e+01
  -1.49702633e+01  -1.42051178e+01  -1.29543233e+01  -1.42674561e+01
  -1.32188980e+01  -8.14458179e+00  -6.68577758e+00   5.90802426e-01
   4.41450712e+00   1.03627838e+01   1.56607740e+01   2.29997300e+01
   2.46707000e+01   2.52828794e+01   2.32493841e+01   1.42405007e+01
   3.35445697e+00   4.00805223e+00   7.79551991e+00   1.09263715e+01
   1.12661199e+01   1.17121401e+01   7.49420495e+00   5.97447254e+00
   1.74565505e+00  -3.25657656e+00  -1.56308682e+00   2.40788672e+00
   5.17374030e+00   8.02809469e+00   5.43958869e+00   6.10534393e+00
   5.82126034e+00   5.64225392e+00   2.35530576e+00  -6.43733790e+00
  -3.18454856e+00  -4.22254106e-01   2.59366631e+00   8.01178050e+00
   1.31564336e+01   2.06241241e+01   2.23026270e+01   6.41041740e+00
  -1.29474294e+01  -1.23499014e+01   3.24345812e+00   1.61409294e+01
   2.12085591e+01   2.07842143e+01   1.78823427e+01   1.78674943e+01
   1.61451465e+01   1.70538247e+01   1.39311153e+01   1.15655919e+01
   1.29001386e+01   5.58895189e+00   5.04449948e+00  -1.18099070e+00
  -4.18396573e+00   1.78294457e+00   4.57937172e+00   1.03556678e+01
   8.43966301e+00],[ -4.44089210e-15  -2.11551028e-01  -1.01209413e+00  -6.05918224e+00
  -1.19916191e+01  -1.32561046e+01  -1.25555243e+01  -8.57452644e+00
  -1.96929806e+00  -7.76879321e+00  -1.14226370e+01  -5.46476248e+00
  -1.11746708e+00  -1.59366738e+00  -8.64071506e-02  -1.61755915e+00
  -4.97441057e+00  -2.83587645e-01  -5.45856411e-01   1.15864862e+00
   3.07372769e+00  -1.89227806e+00   2.27608656e+00   4.07759269e+00
   1.30870362e-01  -2.79671192e+00  -6.04757427e+00  -2.14102735e+00
  -1.31557884e+00   1.94865587e+00   5.03462280e+00   6.29727813e+00
   3.32477967e+00   6.91782333e+00   5.60238962e+00   1.74103859e+00
   9.62370900e-01   2.82269317e+00   4.39380265e+00   4.08447147e+00
  -4.76659713e+00  -2.90781956e+00   3.69398784e+00   6.94366070e+00
   9.87967378e+00   5.56500513e+00  -1.81276418e+00  -2.85903870e+00
  -1.37797398e+01  -2.29361476e+01  -2.29814925e+01  -2.98026063e+01
  -4.25338862e+01  -4.71175425e+01  -4.05292526e+01  -3.04196512e+01
  -2.12067658e+01  -2.36736996e+01  -2.43255277e+01  -3.61830970e+01
  -4.06674349e+01  -3.26261856e+01  -2.75090736e+01  -2.29575106e+01
  -2.00987449e+01  -2.20347958e+01  -2.02273416e+01  -9.95996973e+00
  -2.52765032e+00  -6.45705155e+00  -2.68688045e+01  -3.15971897e+01
  -3.29956104e+01  -3.12010948e+01  -3.30675549e+01  -3.22287703e+01
  -1.83764414e+01  -1.92129312e+01  -2.16528527e+01  -1.10696806e+01
  -1.08407856e+01  -1.57822104e+01  -1.35079203e+01  -1.34738001e+01
  -2.18740351e+01  -1.74970542e+01  -1.24414992e+01  -9.11355411e+00
  -7.99076900e+00  -1.20961169e+01  -1.71540976e+01  -1.55167423e+01
  -3.03161760e+01  -3.74303337e+01  -2.98222953e+01  -2.23396030e+01
  -1.43955018e+01  -4.45798789e+00  -5.76968872e+00  -7.16155984e+00
  -6.94959637e+00  -4.12236502e+00  -7.60772202e+00  -3.15147700e+00
   3.85447795e-01  -9.72369164e+00  -9.18164649e+00  -1.37910183e+01
  -1.56892804e+01  -5.53579902e+00  -1.64937047e+00   1.71811006e+00
   3.19614162e+00   6.28237560e-01  -1.95397048e+00  -5.97589594e+00
  -2.43141838e+00   2.29217510e-01  -5.90359728e+00  -4.20186344e+00
  -6.95489497e+00  -1.90028817e+01  -2.19345650e+01  -2.85800212e+01
  -3.61381303e+01  -3.67514980e+01  -3.21519981e+01  -3.09211690e+01
  -3.17840340e+01  -3.26094663e+01  -2.87456437e+01  -1.90052719e+01
  -1.49369919e+01  -1.10103114e+01  -7.43549370e+00  -1.02530888e+01
  -1.36803780e+01  -1.16713394e+01  -5.02176981e+00  -5.99949934e-01
  -2.70443756e+00  -5.35221196e+00  -2.50616913e+00   3.79474779e+00
   3.91904897e+00  -1.68021901e-01  -6.30381864e+00  -5.13854774e+00
  -2.42487623e+00  -9.76631617e+00  -1.16628265e+01   1.53911538e+00
   2.65838428e+00   2.49664174e+00   5.80951074e+00   7.83451704e+00
  -1.43316712e+00  -7.32424116e+00  -1.14538346e+01  -2.34819716e+01
  -2.52254408e+01  -2.81277037e+01  -3.19781805e+01  -3.15268510e+01
  -2.91838219e+01  -2.68838349e+01  -2.45881167e+01  -2.37265943e+01
  -2.56311949e+01  -2.92998378e+01  -2.48669162e+01  -2.17274906e+01
  -2.10346191e+01  -1.91796441e+01  -2.17664012e+01  -2.29993174e+01
  -2.16096181e+01  -1.74476960e+01  -1.83785112e+01  -2.20290371e+01
  -2.90261933e+01  -3.22535148e+01  -4.14516668e+01  -5.06845143e+01
  -5.57205615e+01  -5.24541733e+01  -4.96644302e+01  -3.75727881e+01
  -3.13962919e+01],[  1.24344979e-14  -9.47035345e-02  -1.08346400e+00   8.48020045e+00
   1.07704045e+01   9.69411225e+00   8.36149204e+00   1.36877875e+00
   1.10639341e+00   1.60065142e-01   3.79580536e+00   3.45003240e+00
   4.75352426e+00   4.27188134e+00   3.81096239e+00  -7.49006822e-01
   2.07663492e+00   1.06675741e+01   5.97567064e+00   1.00967685e+01
   8.76372019e+00   5.49243548e-01   4.00856274e-01   7.01259651e+00
   6.58087730e+00  -1.32087515e+00  -4.09336873e+00  -1.39296661e+00
  -1.78846610e-01   2.32352205e+00   4.99718943e+00   4.10828639e+00
  -1.05184904e+00  -3.47233356e-01  -2.74114966e-01  -1.39155664e+00
  -3.12793562e-01   2.64773357e+00   1.92143075e+00   1.37403701e+00
  -6.51393166e+00  -1.05130502e+01  -4.67811936e+00  -4.05879667e+00
   2.78216183e-01   6.09738917e+00  -3.93949638e+00  -2.94316909e+00
  -4.60597953e-01   3.64429132e+00   2.20557543e+00  -2.24850611e+00
  -1.32696369e+01  -1.75466719e+01  -1.68452494e+01  -1.89167998e+01
  -1.54832357e+01  -1.57302330e+01  -1.84562461e+01  -1.10589346e+01
  -8.06355416e+00  -1.39130285e+01  -2.46200344e+01  -2.78878503e+01
  -1.94177077e+01  -1.35006502e+01  -1.60619805e+01  -1.48822672e+01
  -4.32935376e+00   2.52870547e+00   4.14341879e+00   9.56963435e+00
   1.47267285e+01   1.88862253e+01   1.85332665e+01   1.32021393e+01
   4.26728338e+00   2.37700683e+00   5.12031040e+00   5.13259710e+00
   1.90846014e+00  -3.69200975e+00  -1.34043522e+01  -1.67544557e+01
   2.98710313e+00   1.20953898e+01   5.27577874e+00   2.36560270e-01
  -5.37155974e+00  -3.70747845e+00  -4.08045916e+00  -4.12634368e+00
  -5.73097629e+00   3.67403745e-01   6.92590534e+00   9.66002241e+00
   1.79551869e+00  -7.59545635e+00   1.86726939e+00   4.89764924e+00
   1.24915885e-01  -7.48962586e+00  -7.29450133e+00  -9.03503316e-01
  -2.29077226e+00  -1.11258417e+01  -5.48524191e+00  -5.82590780e+00
  -1.09185931e+01  -1.17010637e+01  -1.10856555e+01  -8.14134685e+00
  -3.79894366e+00   4.47851322e+00   1.06145450e+01   1.23621655e+01
   1.29818272e+01   1.45123178e+01   2.05181487e+01   2.59917284e+01
   2.41147814e+01   1.26761437e+01   8.15271190e+00   4.44874818e+00
  -1.48807264e+00  -7.50990839e+00  -7.73706695e+00  -2.03535274e+00
   5.40842030e+00   8.35879812e+00   1.21395249e+01   1.41399006e+01
   1.13089034e+01   9.80929774e+00   1.17290929e+01   1.34915879e+01
   1.40283600e+01   1.16856211e+01   1.07012578e+01   1.13027111e+01
   6.96479161e+00   3.49122037e+00   8.84903535e+00   2.04243152e+01
   1.91603669e+01   1.83426545e+01   1.86914190e+01   1.86143408e+01
   2.03669664e+01   1.27708711e+01   1.20213384e+01   1.46398734e+01
   1.35429458e+01   1.64736325e+01   1.75431735e+01   1.49055763e+01
   6.80037046e+00   1.07008952e+00  -1.14971397e+00   1.23912056e+01
   2.06373502e+01   2.09419762e+01   1.42242056e+01   7.21469826e+00
  -1.97601636e+00  -3.52651935e+00  -5.77995892e+00  -1.62647302e+00
  -2.15475021e+00  -4.23792975e+00  -7.55494834e+00  -6.57700539e+00
  -9.26194264e+00  -8.30552352e+00  -1.06415427e+01  -1.91114650e+01
  -2.78593357e+01  -3.48053385e+01  -4.08747192e+01  -3.40279042e+01
  -1.92290615e+01  -3.44834321e+00  -1.00758405e+01  -1.56689544e+01
  -2.01120476e+01  -2.15192993e+01  -2.12842560e+01  -1.30927716e+01
  -1.01622491e+01],[  4.44089210e-15  -1.78988811e-01  -2.43241676e+00   7.76924809e+00
   1.03658662e+01   1.19941239e+01   1.14121836e+01   2.46327431e+00
   6.08631561e+00   1.23126105e+01   1.40005512e+01   5.38660447e+00
   5.08534943e+00   7.84029317e+00   7.57963032e+00   4.37817104e+00
   4.48534015e+00   1.07908252e+01   1.30137841e+01   1.69572915e+01
   1.36974003e+01   7.08465006e+00   3.91298615e+00   9.56563651e+00
   1.04530666e+01   7.43460041e+00   4.58039389e+00   1.32860710e+00
   7.47097439e-01   3.63828405e+00   4.70376477e+00   4.39985641e+00
  -1.59820972e-01   6.89258457e-01   1.85133813e+00   3.11465592e+00
   5.06020428e+00   5.79625178e+00   4.77682820e+00   2.64071497e+00
  -1.54763684e+00  -8.87089892e+00  -5.15860582e+00  -3.43917855e+00
  -1.90411619e-01   6.03772347e+00  -4.26907648e+00  -1.37175056e+01
  -1.41775264e+01  -1.01907153e+01  -9.75105745e+00  -2.83553596e+00
   1.13235513e+00   5.52063437e+00   1.14928422e+01   6.42206392e+00
  -1.96043937e+00  -4.52011385e+00   3.33748948e-01   9.80103202e+00
   1.13847709e+01   9.34288590e+00   5.95856457e+00   3.23325222e+00
   3.31974598e+00  -1.28524449e+00  -1.02534131e+01  -1.56895657e+01
  -5.92572697e+00   7.86766653e-01   7.49197478e+00   1.16368328e+01
   1.66869499e+01   1.45127352e+01   3.97235289e+00  -7.07774416e+00
  -1.07748427e+01  -1.25031151e+01  -1.24169691e+01  -4.10707947e+00
   1.29455455e+00  -4.03106315e+00  -1.37133073e+01  -6.50337881e+00
   7.97899984e+00   9.70765575e+00   9.33524025e+00   9.19040151e+00
   1.24949389e+01   1.29543190e+01   1.11510776e+01   1.35774958e+01
   1.52405263e+01   2.19235416e+01   2.19696828e+01   1.31843697e+01
   2.54512862e+00  -2.64922669e+00   1.11429496e+01   2.06721983e+01
   1.26249125e+01   1.81390714e+00   3.45086786e+00   4.74141286e+00
  -4.62950451e-01  -8.65233802e+00  -1.46185729e+01  -1.49558791e+01
  -1.37186206e+01  -6.44558215e+00  -2.63791876e+00  -5.07116698e+00
  -6.35451181e+00  -1.00328777e-01   1.48920346e+00   1.93555575e+00
  -5.24424517e+00  -1.79725827e+01  -1.38915558e+01  -8.00792934e+00
  -1.17208002e+00  -6.95163554e-01   2.76835085e+00   5.55303714e+00
   1.03912371e+01   8.43850169e+00   3.38901471e+00   3.25660065e+00
   8.03165893e+00   1.10449695e+01   1.70210946e+01   1.68509291e+01
   1.78731969e+01   1.70502675e+01   1.46895189e+01   1.47157536e+01
   1.92309747e+01   1.82113286e+01   1.82935725e+01   1.32683425e+01
   8.34092564e+00   3.40924900e+00   2.31796049e+00   8.73226851e+00
   5.11663074e+00   1.83223231e+00  -1.64262568e+00  -8.30054919e-01
   4.32278600e+00   7.82335850e+00   1.12653925e+01   5.12863577e+00
   6.02895375e+00   3.58492478e+00   8.12520166e+00   1.10357109e+01
  -1.35790061e-01  -1.08246536e+01  -1.00783432e+01   9.40296411e-01
   2.19700775e+00   8.63322981e-01  -1.80697656e+00   1.86835288e+00
   3.34548974e+00   7.95174988e+00   7.05615950e+00   5.82137498e+00
  -1.28709776e+00  -2.99374967e+00   5.25596656e+00   1.80560744e+01
   2.21351200e+01   1.52532971e+01   5.96234318e+00   4.61608586e+00
   3.99885405e+00  -5.42828018e+00  -1.69388857e+01  -2.31619557e+01
  -1.72915559e+01  -1.38381118e+01  -1.12890150e+01  -1.24351075e+01
  -9.16607286e+00  -6.29696639e+00  -6.60349432e+00  -2.95650781e+00
  -9.73049012e+00],[  9.23705556e-14  -4.07588412e-01  -2.87261548e+00   2.15630342e+00
   1.44668176e+01   2.19583072e+01   1.92296018e+01   1.22604648e+01
   1.10327078e+01   8.73139366e+00   6.58149015e+00  -2.81649881e+00
  -4.76230070e+00  -1.55191621e+00   6.33193285e+00   7.66741876e+00
   4.13120610e+00   3.02089195e+00   4.75734956e+00   1.04449696e+01
   9.39349502e+00   6.76594429e+00   3.19644916e+00   8.33519289e+00
   8.48355984e+00   1.01149474e+01   4.87802467e+00   2.43142117e+00
  -6.73828705e-01   3.74700446e-01   3.28678284e+00   4.59299282e+00
   2.50188432e+00   3.76449050e+00   6.79198437e+00   7.83846691e+00
   6.73365527e+00   6.52445277e+00   7.41826764e+00   3.33597568e+00
   7.53702372e-01  -3.44457170e+00  -1.06132559e+00   2.39765132e+00
   3.25565546e+00   5.51215506e+00  -3.02318347e+00  -1.49597930e+01
  -1.75451628e+01  -1.25603920e+01  -1.02581481e+01  -8.23668187e+00
  -9.81955093e+00  -3.76547524e+00   6.77211160e+00   1.45416758e+01
   1.19789469e+00  -8.16635481e+00   4.47403071e-01   1.04148198e+01
   1.54607672e+01   2.29285715e+01   2.24526364e+01   9.71423941e+00
  -3.55969691e+00  -1.10548320e+01  -5.46947956e+00  -1.15917522e+00
   1.29798846e+00   1.09064787e+01   1.45110959e+01   1.13984192e+01
   1.38100671e+01   1.32673697e+01   8.34205407e+00  -6.92717335e-01
  -1.08885506e+01  -1.57476223e+01  -1.39422175e+01  -7.10597070e+00
  -7.25338083e+00  -1.50227346e+01  -1.29551255e+01   1.08935528e+00
   8.43938480e+00   1.67210901e+01   2.71631612e+01   2.82171853e+01
   2.55090220e+01   2.66012880e+01   2.67018397e+01   2.68107620e+01
   2.50924939e+01   3.00676527e+01   2.59997511e+01   1.69795037e+01
   6.84747561e+00   2.24024803e+00   4.93700735e+00   5.85773495e+00
   2.93768024e+00   2.01147997e+00   8.40147809e+00   9.12766281e+00
   6.33347757e+00  -4.07803177e+00  -1.11096718e+01  -1.33647423e+01
  -1.01993313e+01  -2.67308603e+00   1.47507340e+00  -4.80724427e-01
  -4.03726202e+00  -1.26516895e+00   2.55483110e+00   2.34870751e+00
   1.13085023e+01   9.83757279e+00   1.04864917e+01   1.12406186e+01
   1.27357021e+01   8.31001327e+00   5.50012745e+00   2.23398650e+00
   6.31000751e+00   1.06206194e+01   1.06347008e+01   4.38889982e+00
   5.86258735e+00   4.94479077e+00   2.90999291e+00  -2.26217033e+00
  -7.14908756e+00  -8.17902963e+00  -7.47509311e+00  -1.00786322e+01
  -9.40304984e+00  -8.83462463e+00  -5.48514824e+00  -9.96249587e+00
  -1.21542590e+01  -1.15952829e+01  -8.50633788e+00  -1.47171663e+00
   4.89435472e+00   7.65555364e+00   3.96777620e+00   3.58999620e+00
   6.80374706e+00   1.12966146e+01   8.68819831e+00   3.23020391e+00
   8.80537382e+00   9.76682500e+00   1.25733365e+01   1.28773053e+01
  -1.69971161e+00  -6.58748903e+00  -5.81333369e+00  -7.98108556e+00
  -7.57792387e+00   2.25609253e+00   9.21266509e+00   1.09339876e+01
   9.55131201e+00   1.22908850e+01   1.50387114e+01   1.13981060e+01
   1.05451983e+01   5.01826991e+00   9.44431648e+00   1.57646428e+01
   1.32420312e+01   9.70207514e+00   3.28015241e+00  -1.59966519e+00
  -2.81208689e+00  -2.16582536e+00  -2.95344601e+00  -1.06398822e+01
  -1.32654228e+01  -2.61362146e+01  -2.84421116e+01  -2.38677293e+01
  -1.92422939e+01  -1.18761384e+01  -8.49139783e+00   4.73680281e+00
   9.32759878e+00],[ -6.92779167e-14  -3.25175968e-01  -2.44106692e+00  -2.79658708e+00
   3.72950967e+00   8.99417683e+00   7.16587567e+00   5.50363264e+00
   9.45014275e+00   5.82134338e+00   7.56785090e+00   5.09778678e+00
   3.60607072e+00   2.51428389e+00  -7.23383017e-01  -4.06229328e+00
  -4.29710609e+00  -8.04353066e+00  -4.39819658e+00   2.06402994e+00
   2.55559551e+00  -4.70573371e-01  -7.26838309e+00  -4.96815547e-01
   4.96710916e+00   8.20642852e+00   6.72106926e-01   2.55373259e+00
   5.43632558e-02  -3.03143799e+00   2.92868863e+00   2.25928428e+00
   2.08804827e+00   1.39543384e+00   4.79023052e+00   4.74203728e+00
   1.19519907e+00   2.29125273e+00   6.48992987e+00   2.49148229e+00
   3.22404052e-01  -1.57748815e+00  -1.42016567e+00   1.61544956e+00
   1.09120136e+00   2.35392666e+00  -1.42195574e-01  -1.12212851e+00
   7.32472712e+00   8.05395204e+00   1.84291955e+00  -6.53768671e-01
  -1.77658623e+00  -3.50113086e+00  -3.49783527e+00   2.50467886e+00
  -7.48217131e+00  -1.05882769e+01  -9.89430014e+00  -1.22452896e+01
  -1.20658139e+01  -5.36946780e+00  -7.55477942e+00  -1.13128794e+01
  -2.00700530e+01  -3.21540730e+01  -2.64646692e+01  -1.32758986e+01
  -8.97396930e+00  -9.55250922e+00  -1.43377152e+01  -9.58128791e+00
  -4.77049948e+00  -6.39698593e+00  -4.46129064e+00  -5.74987768e+00
  -1.27767002e+01  -8.16148793e+00  -5.28787744e+00  -3.04793095e+00
  -2.81829835e+00  -1.08784447e+00  -6.43996491e+00  -1.44927169e+01
  -1.12203612e+01  -6.91738073e+00  -1.77059117e+00  -4.04721801e+00
  -7.91295187e+00  -9.83646519e+00  -1.46995384e+01  -1.04430971e+01
  -9.16514852e+00  -1.10620731e+01  -1.14612930e+01  -6.09089390e+00
  -6.03215141e+00  -8.83587713e+00  -1.02503003e+01  -5.41031972e+00
  -1.54191504e+00  -3.69973097e+00  -4.98913353e+00  -1.37898393e+00
   6.80271735e+00   1.44582210e+00   1.58912832e+00   1.17598422e+00
   3.65479102e+00  -9.36624094e-01  -1.00356089e+01  -1.29904585e+01
  -1.51274857e+01  -1.32536926e+01  -1.18962177e+01  -1.38995061e+01
  -1.76379755e+01  -1.21415462e+01  -3.59281427e+00   1.51166626e+00
   5.39332903e+00  -1.50307563e+00  -8.27529971e+00  -8.31558693e+00
  -1.27288777e+01  -1.26977941e+01  -1.10057028e+01  -1.23696589e+01
  -8.80318636e+00  -4.49840447e+00  -1.54062912e+00  -3.80335584e+00
  -6.04509591e+00  -4.73235693e+00  -2.79966431e+00  -3.08722032e+00
  -3.71681014e+00  -3.75905642e+00  -4.27235421e+00  -8.50111337e+00
  -1.41365796e+01  -1.82846860e+01  -2.05551512e+01  -1.70433099e+01
  -1.62012883e+01  -1.20821942e+01  -1.03666323e+01  -8.21881365e+00
  -4.50802524e+00  -4.82236780e+00  -5.18622543e+00  -1.61993214e+00
   4.61551142e+00   3.87082795e+00  -1.92373223e+00  -1.48053368e+00
  -5.54891109e+00  -6.94162332e+00  -7.90048400e+00  -1.02262881e+01
  -6.98818702e+00  -1.84721960e+00   1.66945486e+00   3.66279532e+00
  -4.70156858e-01  -4.77499857e+00  -8.88726638e+00  -1.44795420e+01
  -1.31091443e+01  -1.03159560e+01  -8.38894478e+00   3.02603278e-02
   8.23056707e+00   1.11493754e+01   9.24516574e+00   4.52058946e+00
   1.74809276e+00   2.69530606e-01  -1.70393499e-01  -4.59174670e+00
  -1.39241985e+01  -1.07753180e+01  -2.45492521e+00   1.32754845e+01
   2.10624455e+01   2.42367184e+01   2.20569892e+01   2.82357215e+01
   3.36127232e+01],[  3.46389584e-14  -2.23672399e-01   2.85237882e-02  -8.48414362e+00
  -6.37502813e+00  -8.17627604e-01  -1.63376654e+00  -3.98205207e+00
   2.86874889e+00  -1.13377703e+00   4.30527866e+00   5.62629155e+00
   7.21489661e+00   7.68844520e+00  -5.36564521e+00  -8.94765561e+00
  -6.38162634e+00  -1.40488440e+01  -6.57475367e+00   7.15481605e-01
   2.09808014e+00  -4.35726993e+00  -7.95555029e+00  -1.26250132e+00
   3.48687967e+00   6.96586148e+00   6.41874283e-01   1.18563956e+00
   2.51979570e+00  -9.60297219e-01   1.96276709e+00  -3.17242615e+00
  -2.69881463e+00  -4.64727755e+00  -2.67667364e+00  -2.54740396e+00
  -4.83903662e+00  -3.25157209e+00   2.78408894e+00   1.39294676e+00
   1.80540208e+00  -2.53218953e+00  -3.70656644e+00   1.04225667e+00
   8.88000423e-01  -9.06282458e-01  -3.86402260e+00  -2.01222027e+00
  -2.38370275e+00   6.37286610e-01   6.52036161e+00   1.36867854e+01
   1.90076356e+01   1.89905314e+01   1.77871261e+01   9.33477062e+00
  -5.20156802e+00  -3.12978229e+00  -9.81173302e+00  -5.90469821e+00
  -1.64676531e+00   6.53792919e+00   1.71499758e+01   2.27358379e+01
   2.16239389e+01   2.03797813e+01   1.35296226e+01   5.57800796e+00
   3.72184590e+00  -1.91372212e+00  -3.60085100e+00   1.35801447e+00
   5.44922676e+00   5.28818057e+00   7.97610913e+00   8.94376377e+00
   5.05416013e+00   9.39662033e+00   1.34297812e+01   5.53372649e+00
   1.30145012e+00   1.68776642e+00  -7.46756673e-01  -1.11023908e+01
  -1.59025874e+01  -1.61051947e+01  -1.45598539e+01  -1.15892314e+01
  -4.27724447e+00  -2.91905109e+00  -5.29835794e+00  -5.45688746e+00
  -6.17152029e+00  -8.96833209e+00  -5.91146227e+00   8.96943519e-02
   1.77437629e+00  -2.02893230e+00   1.23481259e+00   9.06102146e+00
   1.28974184e+01   1.22640408e+01   1.06088024e+01   7.21452465e+00
   9.25415713e+00   4.96388982e+00   6.12503754e+00   6.08346093e+00
   3.89744077e+00   5.02478215e+00   4.54579812e+00   3.03837883e+00
   1.51247929e+00   7.40674946e+00   6.84408254e+00  -4.40432527e-01
  -8.31342457e+00  -1.93219883e+00   1.86998367e+00   4.67893480e+00
   2.17173174e+00  -2.11611621e-01  -1.78155875e+00   1.87954482e+00
   4.78730855e+00   7.94491006e+00   3.31793615e+00  -3.74861256e+00
  -2.54320522e+00   3.79142807e+00   2.57833003e+00  -5.10542906e+00
  -1.28937118e+01  -1.29699549e+01  -1.17152399e+01  -9.92811307e+00
  -8.24735337e+00  -3.18954159e+00  -2.49912702e-02  -4.20516197e+00
  -9.63291119e+00  -1.07034425e+01  -1.15453201e+01  -1.10932100e+01
  -1.16665392e+01  -1.08370012e+01  -1.24592308e+01  -1.16894856e+01
  -1.01443000e+01  -9.97025629e+00  -9.56936709e+00  -1.70592439e+00
   7.13680333e+00   8.21098041e+00   3.16768591e+00  -1.22593023e+00
  -5.33096893e+00  -1.45833781e+01  -2.11020174e+01  -2.00948527e+01
  -2.00119827e+01  -1.73043331e+01  -1.74854582e+01  -9.40332558e+00
   1.03787577e+00   5.92817785e+00   1.92055575e+00  -6.01037072e+00
  -1.75541820e+01  -1.64787153e+01  -6.40175871e+00  -3.94860142e+00
  -3.13570648e+00  -2.70560579e+00  -4.25325300e+00   2.73412966e-01
   3.21338808e+00  -2.40777238e+00  -3.90871214e+00  -4.09228077e+00
  -1.40851275e+01  -1.34379693e+01  -1.14301485e+01  -1.24919995e+01
  -1.06607219e+01  -6.06060215e+00  -9.79081330e+00  -6.06347903e+00
  -5.46324808e+00],[  1.43884904e-13  -4.28188115e-01  -2.18685000e+00  -4.00664916e+00
  -1.07247260e+00   2.81458538e+00  -9.28740348e-01  -2.31986846e+00
   5.57031096e-01  -1.54646236e+00   1.93832570e+00  -2.11420266e+00
  -3.28856798e+00  -5.18743619e-01  -2.07569442e+00  -2.76540836e+00
  -3.33531073e+00  -7.94723610e+00  -8.38433241e+00   9.47929906e-01
   4.69085690e+00  -5.73699769e+00  -6.45123181e+00   1.69003786e+00
   1.75578724e+00   4.00300597e+00   8.98218965e-01  -1.59408912e+00
   1.51448703e+00   1.47755339e+00  -1.85267689e+00  -8.28161793e+00
  -6.74437514e+00  -6.27644501e+00  -5.71224695e+00  -5.59066786e+00
  -6.17422735e+00  -5.09607114e+00  -1.74291741e+00  -4.91155020e-01
   1.98314796e+00  -3.14893508e+00  -1.55907380e+00   7.24048638e+00
   7.62844784e+00  -2.05851736e-01  -3.30158464e+00  -3.94048248e+00
  -1.21746967e+01  -1.20835156e+01  -1.62796128e+00   5.31693462e+00
  -3.47621664e-01  -5.59142487e+00  -5.75748200e+00  -6.10836651e+00
  -1.02581743e+01  -4.51930272e+00  -3.85788395e+00  -2.23584427e+00
  -6.42309859e+00  -7.77862494e+00   4.26437151e-01   5.74126682e+00
   9.41527897e+00   1.59923011e+01   1.23023348e+01   7.10826776e+00
   3.98631268e+00  -6.66938079e+00  -7.29119659e+00  -4.46339341e+00
  -1.60675518e+00   2.21964955e+00   4.40650831e+00   4.70129528e+00
  -3.90518372e+00  -8.22654878e+00  -5.54741284e+00  -9.67781042e+00
  -1.03983915e+01  -1.13616600e+01  -1.46589199e+01  -1.31522100e+01
  -8.91978756e+00  -8.05820780e+00  -6.48675032e+00  -9.75656200e+00
  -1.27394269e+01  -1.42354165e+01  -1.26825705e+01  -1.24300260e+01
  -1.07144475e+01  -8.52694636e+00  -3.31748067e+00   8.65369788e-02
   7.26126330e+00  -4.08394693e-01  -2.47294439e+00  -6.38150971e+00
  -1.02608591e+01  -9.62749836e+00  -5.12440734e+00  -5.67441040e+00
  -4.64246214e+00  -6.66554106e+00  -9.75558585e+00  -6.24199517e+00
   1.25352557e+00   1.48292120e+00  -3.02337977e+00  -5.54598609e+00
  -8.13711648e+00  -7.40573033e+00  -1.44659597e+00  -5.86456504e+00
  -3.11548528e+00   4.13878015e+00   5.11303405e-01   2.22220941e+00
  -2.93366225e-02   5.78716931e+00   5.27947675e+00  -4.36409894e-01
   1.32927376e+00   2.40412511e+00  -2.85991511e+00  -5.66272051e+00
  -7.49135010e-01   1.82495851e+00  -2.37983961e+00  -5.86120602e+00
  -7.44112980e+00  -6.53452407e+00  -1.99647798e+00  -1.01978860e+00
  -7.65757450e-02   4.57122768e+00   3.48857003e+00  -4.12374040e+00
  -9.14489164e+00  -6.16704223e+00  -1.24382700e+00  -2.28773853e-01
   7.65354182e-01   3.71786877e+00   4.87957917e+00   6.57379601e+00
   7.77955063e+00   1.11770040e+01   9.26111921e+00   1.25036871e+01
   7.89269420e+00   5.73302456e+00   8.81142733e+00   6.70738828e+00
   2.43306899e+00   2.33972679e+00   4.70466602e+00   8.57211936e+00
   7.09765644e+00   3.28388644e+00  -5.05281927e+00  -1.19740346e+01
  -1.24391278e+01  -1.17501385e+01  -6.72880204e+00  -7.74121443e+00
  -7.33929709e+00  -1.36337725e+00   1.43214019e+00  -4.45237963e+00
  -9.28484771e+00  -1.15719864e+01  -9.00847719e+00  -5.91181765e+00
  -1.47663020e+00   1.79740895e+00   1.75566154e-01   1.38108709e+00
  -1.19052587e-01  -7.52661003e+00  -4.07699385e+00  -4.85163915e-01
   3.51465028e+00   7.60250040e+00   5.05995244e+00   1.01674878e+01
   9.88787847e+00],[ -6.03961325e-14  -4.65481475e-01  -2.55975667e+00  -1.23344661e+00
   3.30116857e+00   9.89068001e+00   3.81749117e+00  -1.17510294e-01
   2.25869565e+00   3.08730588e+00   6.97963849e-01  -3.84377183e+00
  -6.01166223e+00  -3.18110722e+00  -2.74974112e+00  -4.17581074e+00
  -7.51347693e+00  -6.72475257e+00  -3.94996164e+00   6.83527679e-01
   4.67265897e+00  -5.96055907e+00  -1.25041523e+01  -5.43058586e+00
  -2.47999994e+00  -2.30272685e-01  -1.90080433e+00  -2.39327628e+00
  -5.06269519e-01   6.63268193e-01  -3.96305819e+00  -7.14828046e+00
  -4.12641203e+00  -6.65586377e-01  -3.01644280e+00  -4.17451769e+00
  -4.42794321e+00  -2.52605556e+00  -2.79916419e+00  -1.68052913e+00
  -8.27656195e-01  -2.11340756e+00   2.15691721e+00   8.67424120e+00
   9.70528676e+00   1.96775247e+00   1.75821076e+00  -1.29681643e+00
  -1.42297995e+00  -3.80046829e+00  -2.64853521e+00  -4.04542270e+00
  -1.25532618e+01  -1.64614881e+01  -1.67450556e+01  -1.49293583e+01
  -3.73003224e+00   1.92587479e+00   1.29924021e+01   1.16794445e+01
   4.64850176e+00  -4.11682293e+00  -9.39765514e+00  -7.96777599e+00
  -1.73019390e+00  -2.94786859e+00  -2.42467856e+00  -4.10678755e+00
  -4.13606624e+00  -6.01053712e+00  -1.53878510e+00   2.22639982e+00
   1.10663079e+00  -4.19496181e+00  -6.81932172e+00  -5.84263457e+00
  -6.90267350e+00  -6.33522485e+00  -4.56620889e+00   2.43701203e+00
   9.24141409e+00   9.28304513e+00  -1.09378868e+00  -4.34300520e+00
  -6.26106127e+00  -1.36682793e+01  -1.34215749e+01  -1.45082996e+01
  -1.39730511e+01  -1.26657174e+01  -6.97545695e+00   5.62469345e-01
   1.02506839e+01   1.47713272e+01   1.55665903e+01   1.33254310e+01
   1.32303960e+01   1.03869693e+01   6.26689564e+00   3.47477595e+00
   4.92044429e+00   5.64062592e+00   5.39505714e+00   7.90994925e+00
   7.23639518e+00  -3.70789015e-01  -3.90402752e+00  -6.38411308e+00
  -1.04124350e+01  -1.55393220e+01  -2.07592649e+01  -1.98530905e+01
  -1.95430945e+01  -1.13590002e+01  -4.72913527e+00  -9.33149711e-01
   4.09640683e+00   6.95380452e+00   4.42167970e+00   6.95166388e+00
   8.44413808e+00   2.17516342e+01   2.37264598e+01   1.85576978e+01
   1.64086097e+01   1.30165574e+01   7.93127519e+00   9.73404935e+00
   1.13516074e+01   5.62895858e+00  -2.36552340e+00  -5.64793387e+00
  -6.69010546e+00  -4.34121015e+00  -3.99333172e-01   5.68835646e-01
   1.29789651e+00   4.04908983e+00   2.22734896e+00  -1.29659215e+00
  -5.88116866e+00  -7.84761247e+00  -7.50799804e+00  -9.59911819e+00
  -1.23293876e+01  -9.56934407e+00  -8.07790789e+00  -7.46905517e+00
  -3.62802920e+00  -2.69033581e+00  -5.93676289e-01   1.24691372e+00
  -7.52969402e+00  -1.06157081e+01   7.29889426e-01   2.84918894e+00
  -1.88305404e+00  -1.82159200e+00  -1.45230615e+00  -7.36378690e+00
  -9.46212508e+00  -8.48608978e+00  -1.22714870e+01  -1.51487352e+01
  -1.87899645e+01  -2.88335005e+01  -2.29818041e+01  -2.04100289e+01
  -1.58697839e+01  -1.46679157e+01  -2.14975423e+01  -2.41552211e+01
  -1.76794487e+01  -1.44546274e+01  -1.29074569e+01  -1.29028937e+01
  -6.17575912e+00   3.33778470e+00  -2.03276229e-01  -4.04319236e+00
  -5.37834363e+00  -4.19254558e+00   5.64307959e+00   5.01088148e+00
   6.33445406e+00   8.56892249e+00   6.48397383e+00   9.06046316e+00
   1.14388578e+01],[ -6.48370246e-14  -2.14553568e-01   1.56908033e+00  -1.50271072e+00
   1.57630165e+00   5.43052634e+00   4.93759091e+00   3.80571488e+00
   9.43161915e-01   4.25134458e+00   4.79207264e+00  -2.37307929e+00
  -1.68759479e+00  -5.25572095e-01  -4.37535691e+00  -6.10311485e+00
  -6.60377503e+00  -4.10140413e+00   1.87712402e+00   1.42379759e+00
   2.37511409e+00  -1.42366258e+00  -6.98052584e+00  -6.88307757e+00
  -4.90562203e+00  -1.98595205e+00  -3.91054655e+00  -6.82518860e-01
   1.50560928e+00   1.56226257e+00  -6.38638205e-01  -1.23294910e+00
   7.03863662e-01   3.98753542e+00  -2.75213754e+00  -3.41552327e+00
  -3.44762287e+00   7.28532505e-01   2.01228317e+00   1.75899869e+00
  -8.33370052e-01   6.63068168e-01   4.12597718e+00   2.30265185e+00
   3.53407430e+00   2.34977503e+00   2.81923238e+00  -8.60984727e+00
  -1.27609427e+01  -4.59362352e+00   5.35725097e+00   5.98505422e+00
  -5.53680964e-01  -2.53725349e+00   1.72702827e-01  -2.23147784e+00
   2.09805679e+00  -5.80007578e+00  -1.22742575e-01   2.22457850e+00
   5.70478490e+00   3.48685919e+00   1.60156013e-02  -2.94772163e+00
   1.83473416e+00   7.30210928e+00   4.77722956e+00  -4.20161718e+00
  -5.33765325e+00   2.58297833e-01   4.10307914e+00   3.42660395e+00
   5.80785812e-01   4.43953127e-01   5.08522165e+00   7.83740699e+00
  -2.09622004e+00  -4.54597593e+00  -9.63869891e+00  -1.03395189e+01
  -5.46837992e+00  -5.50229857e+00  -8.19090566e+00  -2.40464382e+00
  -4.59442512e+00  -3.36063842e+00   3.51038251e+00   1.13395827e+01
   1.54430335e+01   1.83069457e+01   1.47740241e+01   6.48373890e+00
   1.30066128e+01   1.77832264e+01   1.12251871e+01   4.60527188e+00
   3.15793334e+00  -1.74884316e+00  -5.13146529e+00  -2.02111127e-01
  -4.07893494e+00  -6.88051206e+00  -2.91772033e+00   4.58633277e+00
   5.10769455e+00  -3.48196932e+00  -1.93339402e+00   9.34210540e-04
  -4.42034581e+00  -8.04571732e+00  -5.69623272e+00  -4.76254920e+00
  -6.19424842e+00  -5.01856893e+00  -7.10521256e+00  -9.60552102e+00
  -1.01128924e+01  -7.34526064e+00  -4.98250088e+00  -6.50645428e+00
  -6.47834049e+00  -3.69303862e-01   1.13974039e+00   4.75652828e+00
   1.16867700e+01   1.54408420e+01   1.71248947e+01   1.51025768e+01
   1.34307651e+01   7.27525425e+00  -8.64672943e-01  -4.51629684e+00
  -6.92245895e+00  -6.93047341e+00  -3.15954797e+00   1.55819499e+00
   2.98882624e+00   7.28774979e+00   9.59398712e+00   9.58059539e+00
   4.57999482e+00   7.18577920e+00   8.06283369e+00   9.94475709e+00
   1.09430254e+01   1.38301865e+01   9.01473554e+00   4.91129749e+00
   4.88147355e-01  -7.53440840e+00  -4.90355173e+00  -2.22092466e+00
  -2.49829949e+00  -2.69447225e+00   1.84020737e-01  -3.84758792e+00
  -7.08391384e+00  -7.75805919e+00  -1.29382591e+01  -1.58459633e+01
  -1.42775867e+01  -4.33371717e+00   2.76550311e-01  -6.60116757e-01
   4.09076737e-01  -2.28104128e+00   4.34709663e+00   2.51180942e-01
  -1.12494783e+01  -1.12142975e+01  -3.70403201e-01   3.25273566e+00
   4.33417451e+00  -1.32032825e+00  -9.67199670e+00  -1.46432877e+01
  -1.49728295e+01  -1.29084051e+01  -1.19885011e+01  -1.09478360e+01
  -1.22403493e+01  -1.03537384e+01  -1.44206803e+01  -2.43526026e+01
  -2.36304603e+01  -1.77415385e+01  -1.73176844e+01  -1.39202563e+01
  -9.45255284e+00],[  2.93098879e-14  -2.31410264e-01  -2.19832746e+00  -2.13722652e+00
  -1.82592536e+00  -2.28821672e+00  -6.99254826e+00  -7.96578538e+00
  -1.03174650e+01  -4.90532455e+00  -8.22843343e-01  -6.49094005e+00
  -6.96423681e+00  -3.79472087e+00   3.85563242e+00   3.28725782e+00
  -2.08865593e+00  -3.30932411e+00  -5.49130432e-01  -3.14215479e-01
  -1.16319447e+00  -3.73502460e-01   1.16846519e+00  -9.95345472e-01
  -3.12465591e+00  -2.43828114e+00  -3.84389681e+00   8.25861222e-01
   3.97383125e+00   3.90369569e+00   2.95422412e+00   6.64197389e-01
  -3.60519260e-01   1.43570753e+00  -5.44486534e+00  -2.76992154e+00
  -3.65097165e+00   1.72211442e+00   6.54531730e+00   6.32734175e+00
   2.13570348e+00   2.58178461e+00   6.69228600e+00   9.46314398e-01
  -7.73600079e-01   6.55752290e-01   1.95880475e+00  -7.21250189e+00
  -1.24921325e+01  -1.21029125e+01  -7.33176600e+00  -9.43374160e+00
  -2.04760877e+01  -2.49772618e+01  -1.75629103e+01  -4.86001234e+00
  -7.18469174e+00  -1.32877016e+01  -7.71191668e+00  -3.83836018e+00
  -2.31376208e+00  -2.72776732e+00  -9.61807729e+00  -1.09054343e+01
  -9.80016387e+00  -1.10375655e+01  -9.94930541e+00  -5.64485405e+00
  -6.92125232e+00  -1.01043370e+01  -1.77227246e+01  -2.51643106e+01
  -2.75108395e+01  -2.25148646e+01  -1.66495085e+01  -1.09304480e+01
  -7.12209940e+00  -7.65643044e+00  -7.93157723e+00  -1.14910467e+01
  -1.04315429e+01  -1.36215130e+01  -1.25211408e+01  -6.62733635e+00
  -1.37311908e+01  -1.46911191e+01  -6.59040296e+00  -5.66918251e+00
  -1.23085209e+01  -1.80057253e+01  -2.07381354e+01  -1.98236813e+01
  -2.07995046e+01  -2.68480462e+01  -2.70863304e+01  -2.45723466e+01
  -1.59953288e+01  -3.60716265e+00   3.18474423e-01   6.48388617e+00
  -4.52200906e+00  -7.72081407e+00   1.76209272e+00   8.78920507e+00
   3.92871236e+00   5.58014686e+00   2.50840189e+00   3.00836353e+00
   4.54095114e+00   5.22477226e+00   2.00613455e+00  -3.25859019e+00
  -7.68983601e+00  -1.17747778e+01  -1.61372807e+01  -1.95199608e+01
  -1.67318999e+01  -1.17168746e+01  -5.53693590e+00  -5.85800906e+00
  -5.37591875e+00  -9.29036641e+00  -1.81268566e+01  -2.87857842e+01
  -3.01428544e+01  -2.75277036e+01  -2.18338220e+01  -2.19770776e+01
  -2.57186540e+01  -3.00157610e+01  -2.88558616e+01  -2.40907866e+01
  -1.90083472e+01  -1.59169328e+01  -1.23872801e+01  -1.05649696e+01
  -9.96582335e+00  -7.41275334e+00  -6.69160881e+00  -6.29174624e+00
  -1.13318102e+01  -1.34344579e+01  -1.24845485e+01  -6.20036919e+00
  -1.08041823e+01  -1.16383637e+01  -1.44108297e+01  -1.62449953e+01
  -1.66899170e+01  -1.18649055e+01  -6.59094430e+00   6.60777603e-02
   4.88653672e+00   5.41433770e+00   2.04914615e+00  -3.36422878e+00
  -2.04312894e+00  -4.93616599e+00  -9.74492955e+00  -5.97399011e+00
  -6.64537395e+00  -7.79943749e+00  -8.92716699e+00  -1.19725840e+01
  -1.81014534e+01  -2.08391868e+01  -1.33012012e+01  -1.31976621e+01
  -1.43367491e+01  -1.48230498e+01  -8.27227423e+00  -3.69476576e+00
  -1.08489234e+00  -7.66412346e+00  -9.82436934e+00  -1.47555960e+01
  -1.61979701e+01  -1.54820092e+01  -1.20937409e+01  -1.16118898e+01
  -1.95689102e+01  -1.72856816e+01  -1.76619861e+01  -1.13031068e+01
  -6.36745851e+00  -6.33413353e+00  -7.37321683e+00  -5.24999509e+00
  -5.58037438e+00],[  4.17443857e-14  -4.00472927e-01  -3.85221079e+00  -2.53821550e+00
  -3.39042897e+00  -6.92767925e+00  -1.40625793e+01  -1.53050623e+01
  -1.77033992e+01  -1.65530343e+01  -1.07878860e+01  -7.52033428e+00
  -8.47351553e+00  -3.18493992e+00   2.89058068e+00   2.55596381e+00
  -4.81458209e+00  -6.46513904e+00  -2.27734727e+00  -3.19156043e+00
  -4.19438017e+00  -5.96374275e+00  -3.82867706e+00  -9.64921487e-01
   5.86280632e-01  -2.36235445e+00  -2.60185758e+00   1.58084961e+00
   2.34738026e+00   9.43677563e-01   4.38992995e-01  -3.80993058e+00
  -4.30419187e+00  -2.11774056e+00  -3.07065815e+00   7.26620234e-01
  -2.33509368e+00   6.42613105e-01   3.53898135e+00   3.17621101e+00
   1.21365118e+00   5.12731099e-01   8.32054665e+00   4.96051270e+00
  -1.40577613e+00  -1.52802467e+00  -3.80123843e+00  -7.21256816e+00
  -7.64048731e+00  -6.01969071e+00  -1.10812053e+01  -1.59998487e+01
  -1.48089847e+01  -6.20701219e+00   2.20919759e+00   5.17153134e+00
  -6.93021813e+00  -1.33759538e+01  -1.45278602e+01  -1.42164300e+01
  -1.11777270e+01  -5.96643457e+00  -5.73396117e-01   2.35636239e+00
   2.91557522e+00   1.25087289e+00   3.79179933e+00   8.92820604e+00
   4.34177888e+00   4.31187052e+00  -3.35231217e+00  -9.49524996e+00
  -1.11134822e+01  -1.57524281e+01  -1.17734498e+01  -6.20979514e+00
  -4.72066306e+00  -4.38358209e+00   5.74629412e-01  -4.17780570e+00
  -7.10142207e+00  -1.23614135e+01  -1.53804158e+01  -1.38642617e+01
  -9.43014318e+00  -4.26283690e+00   1.58989203e+00   5.33929501e+00
   3.34104039e+00   1.03579294e+00   6.22644561e+00   1.04354314e+01
   4.95052493e+00  -3.33045747e+00  -1.52827671e+00   1.62098514e+00
   1.72923087e+00   4.87243695e+00   7.32565985e-01   2.60799062e+00
   3.52207587e-01  -5.87462653e+00  -1.43778413e+00   7.13205026e+00
   2.65079543e+00   8.67846784e+00   2.07785399e+00  -8.25387673e+00
  -1.17703788e+01  -9.98211795e+00  -6.96629144e+00  -3.54440290e+00
  -1.68959123e+00   2.75927352e+00   4.42541315e-01  -2.50901350e+00
  -1.05164927e+00  -2.53323752e+00   3.77592345e+00   9.31988941e+00
   1.11021929e+01   4.90461206e+00  -8.50328590e-01  -8.70064913e+00
  -1.08648231e+01  -8.20469744e+00  -1.67731335e+00  -2.71680495e-02
  -2.67390108e+00  -7.32985695e+00  -1.16598123e+01  -1.27320801e+01
  -1.38664139e+01  -9.93540072e+00  -6.34771756e+00  -6.00194031e+00
  -6.97833600e+00  -6.64962289e+00  -5.47221055e+00  -4.54774915e+00
  -8.98567082e+00  -1.41746032e+01  -1.14874276e+01  -6.78149196e+00
  -7.75875930e+00  -7.82115236e+00  -6.10898561e+00  -7.29687801e+00
  -7.10541072e+00   2.23763689e-01   1.27195365e+00   2.58064446e+00
   6.08774752e+00   1.25144648e+01   1.48608503e+01   9.00391621e+00
   6.81418352e+00   3.58297931e+00  -3.40228946e+00  -3.41670821e+00
  -5.30036946e+00  -6.98037026e+00  -6.31430202e+00   2.36497129e+00
   3.71462206e+00   1.85720227e+00   8.89135736e-01  -1.99381668e-01
   2.00661988e-01  -2.05471047e+00  -1.16643415e+01  -1.76703291e+01
  -1.63731369e+01  -1.45531019e+01  -1.34125723e+01  -1.71937384e+01
  -2.11061109e+01  -1.57684513e+01  -5.66402255e+00   7.27645345e-01
  -2.44232427e+00  -2.62035443e-01  -4.80368488e-01  -3.78511764e+00
  -8.40226682e+00  -1.10126045e+01  -1.28093334e+01  -8.17123917e+00
  -5.81600845e+00]