[-777.95888727 -751.03575538 -719.98167288 -509.97753552 -439.55178466
 -432.52801296 -435.85043664 -434.66368127 -435.44474022 -440.92712052
 -443.89000509 -442.66845    -446.94760302 -450.54433363 -464.82786643
 -481.98459975 -480.75535768 -459.45276973 -413.84461652 -375.63712931
 -356.52873279 -351.27203018 -355.18698172 -360.71534264 -371.54728748
 -379.89772841 -387.75372659 -397.04236713 -406.79712828 -416.7445474
 -426.4586432  -426.02458453 -432.86245027 -450.03015738 -469.84921463
 -478.00081738 -469.24988687 -471.18617255 -474.50454246 -486.53494771
 -495.11072237 -507.64357614 -517.98752781 -524.79405056 -511.01417467
 -496.58896395 -497.05055722 -500.52081496 -487.47375967 -471.49930828
 -452.2888061  -442.22786032 -459.51733855 -475.84917928 -480.74351838
 -492.65906569 -501.2936412  -489.77511458 -450.15459334 -417.21397654
 -394.04083212 -372.50325436 -371.99531954 -390.8273235  -430.60826585
 -448.22961785 -434.72103786 -416.67286641 -406.14285106 -402.20645539
 -412.01962594 -429.39170417 -438.28320469 -455.77302679 -477.49197028
 -486.01312075 -500.69335407 -512.1232586  -514.61610803 -518.16853939
 -498.61173649 -473.82050289 -425.57486418 -377.15755093 -341.26871734
 -324.89334859 -331.03191015 -334.82136646 -359.67297445 -418.55791056
 -449.84571049 -462.57705315 -465.12466546 -461.49660554 -448.07678704
 -426.93685018 -405.24604219 -401.06385539 -434.67017016 -489.38365166
 -507.8058523  -510.87736834 -488.06268515 -453.23102554 -428.91922541
 -420.53525506 -430.88825956 -431.76574418 -414.83705358 -397.02512649
 -395.96895814 -405.74674258 -417.95302207 -429.78447494 -431.85080558
 -431.64047431 -428.22984548 -418.29149338 -416.64226753 -418.3867298
 -418.707451   -432.26294962 -450.034963   -482.94727159 -517.15232485
 -524.02092795 -518.32956598 -490.92968579 -462.02164083 -452.41509517
 -455.84329711 -484.15758344 -515.90416635 -506.66279279 -490.50170301
 -451.61518172 -421.31602818 -393.05756116 -375.16290519 -370.44641082
 -371.16017967 -368.43458171 -388.12613047 -423.96192508 -441.08285835
 -457.99811665 -471.87818613 -484.2678791  -503.43191637 -514.72918909
 -523.85462653 -538.05282425 -546.72092121 -547.68577581 -544.12772173
 -544.06699609 -547.13443484 -537.06989802 -532.78039211 -528.58285471
 -528.80780806 -538.39088459 -542.15659414 -527.42679536 -511.09602904
 -483.41980748 -441.68433466 -395.59439003 -367.22437859 -359.44584848
 -361.25732772 -361.95441595 -360.04775289 -359.78417896 -353.67806576
 -357.83709102 -363.4051169  -364.91444826 -359.45843363 -351.99888891
 -357.06862747 -360.17354235 -368.07878556 -398.73779165 -439.65803479
 -453.7094159  -461.23002874 -472.41927807 -448.77512712 -413.99761983
 -400.33951174 -410.74199561 -431.58809006 -447.82241483 -454.19014402
 -470.03152613 -484.96587434 -499.46460741 -496.64694861 -480.82534792
 -485.10625622 -498.08411683 -472.33300455 -445.22482041 -406.72788372
 -379.25339763 -384.55158646 -412.72957504 -433.82289624 -459.26953837
 -469.81985003 -468.55453867 -456.6384729  -444.64451099 -434.73023947
 -432.01475161 -449.17871609 -481.2148428  -487.0816758  -484.08412569
 -489.19639288 -507.01149613 -523.4311207  -499.52237689 -488.81669815
 -496.09583473 -499.13388918 -505.65352282 -503.42542047 -506.09558987
 -512.29144979 -508.6648672  -498.73787358 -480.1831155  -476.72804225
 -477.29024372 -472.00281526 -462.39991125 -472.68598966 -490.16416877
 -488.49182138 -478.70662129 -464.27662714 -442.47463393 -440.57770211
 -446.05205466 -441.95348422 -444.73610559 -464.30672195 -498.99038634
 -533.37418034 -546.92480339 -548.21543564 -527.43612432 -502.07437734
 -502.72314897 -511.86144456 -519.43356941 -510.03500748 -477.74049652
 -463.90681511],[   1.84297847    7.48027266   16.82680035  171.42700526  202.22122854
  194.56469342  179.30655818  170.20033249  165.73833129  162.4432306
  156.64923631  153.91554806  154.01910558  151.87285106  146.31215263
  150.57867467  142.19942995  143.61837971  163.87798447  184.44224408
  199.26879201  208.93027383  207.89813396  207.77466891  203.38405881
  198.86826332  195.08733615  193.39261704  190.54789478  185.45909009
  182.41856425  185.14732558  186.26540741  183.57936329  170.15770655
  152.39257958  143.33456819  136.60238342  134.87109871  131.20685138
  135.75570451  134.3628424   131.68838877  129.69948389  140.0036951
  150.97050142  151.00495637  146.73123482  153.10604913  162.17470863
  170.53076317  176.69771758  163.54357382  157.32548593  160.79644919
  158.64216916  162.54229188  165.51303127  164.48989663  160.7802631
  159.53681896  159.03429843  161.02859376  167.61428218  160.94984395
  150.07161612  146.5363314   141.2483902   125.66051207  113.03288265
  108.38862243   98.7371842    80.67290498   63.86002813   44.91373921
   40.35990107   29.59084712   11.93237336   10.16720684    7.49828762
   11.84838771   22.09108257   48.31778676   79.47051078  112.03934052
  131.68765942  136.28288547  139.65915934  142.81131827  135.84920473
  129.54071143  126.80941019  129.28172167  129.77542394  137.07913195
  142.9101355   146.7022367   153.72276772  152.33383639  135.86356654
  138.35344366  129.53727293   92.92635119   58.32087466   62.6724182
   82.30902516   99.33062093  113.58945409  120.51905124  127.11192622
  134.35923307  137.77857081  137.78298978  138.38053091  140.99860049
  137.81593302  135.86246493  142.67898585  144.41043327  146.12969195
  155.78118024  165.79385697  169.87957396  164.42027058  148.07347632
  137.28747425  140.92625935  161.86077035  169.6504317   165.78266469
  165.21849546  166.45721746  154.43485539  154.96138846  137.02291815
  115.97559449  121.19481841  145.54084153  153.60949544  151.44811782
  139.45224411  123.91119458  112.60804247   93.57362709   72.20890629
   53.85742643   38.13150255   25.61867025    6.55802709  -15.09576426
  -24.84965379  -24.65149173  -23.14395467  -18.17675872  -12.01000672
   -7.57243001   -7.82501475   -5.91270289   -4.03769402   -0.77022754
    6.3999571    19.23054254   46.21157475   78.75853646  102.42740463
  116.81979182  128.46742822  132.98348248  137.60134547  137.83295787
  133.68856     136.33664854  144.61740162  144.23274251  149.24081973
  146.72203451  144.80704188  154.85088887  160.449164    166.90673815
  180.96615388  193.58125441  201.90225822  200.00395951  186.11392574
  176.94181962  164.38288802  150.38677922  160.4794727   177.78755775
  191.71823699  193.0856663   187.26868335  179.09248694  177.89617127
  173.10134935  174.19097615  172.5609563   174.26727293  179.43320004
  169.97951625  149.07452714  162.0253328   173.55168671  176.27320411
  169.69324919  164.27473611  156.22005901  150.42815634  149.46762116
  153.35043789  155.39931489  150.07893729  144.93272076  143.90617626
  150.39160335  150.75218064  149.04828805  153.30493084  155.27025213
  152.07191102  141.22428575  121.97008624  137.48549827  151.26691773
  153.18502879  154.28577361  147.55797587  148.5581152   150.15890537
  139.5385759   135.22800846  131.63220887  128.83598176  113.23502012
   99.03735391   84.28389916   68.41519611   55.86731755   47.69699135
   37.060482     34.7666471    45.54417625   72.29517791   88.88211983
  101.70070018  114.7034474   124.8555752   125.74060777  116.33253411
  109.22648067  106.85496609   93.0777009    73.47774969   74.34871821
   81.33813859   98.65921452  112.67942034  120.14620647  142.0480896
  149.46714986],[ -6.59948077e-01  -1.17725318e+01  -2.29935730e+01  -4.86192010e+01
  -7.10728236e+01  -8.31039048e+01  -9.43260223e+01  -9.80861899e+01
  -1.01677621e+02  -9.16889022e+01  -8.61750318e+01  -8.23341113e+01
  -7.30610718e+01  -6.38506147e+01  -5.67902721e+01  -4.10025926e+01
  -4.64689183e+01  -6.05349737e+01  -8.13134695e+01  -1.05518140e+02
  -1.22903892e+02  -1.30989326e+02  -1.33611121e+02  -1.28983472e+02
  -1.27257656e+02  -1.23005437e+02  -1.12667950e+02  -1.00438822e+02
  -9.17929437e+01  -8.75684347e+01  -7.89554111e+01  -7.52014060e+01
  -6.80780753e+01  -5.07563352e+01  -4.32489267e+01  -4.58333110e+01
  -5.60396223e+01  -5.97873417e+01  -5.95365596e+01  -5.67688904e+01
  -4.15623396e+01  -3.52046533e+01  -3.18946700e+01  -2.90840394e+01
  -3.54632715e+01  -4.36580981e+01  -3.98271637e+01  -3.99401089e+01
  -4.71205351e+01  -5.06325356e+01  -6.26954202e+01  -6.41223481e+01
  -5.24252597e+01  -4.15219809e+01  -4.25493270e+01  -3.81437445e+01
  -2.51181894e+01  -3.26340520e+01  -6.16549600e+01  -8.57994146e+01
  -1.00097973e+02  -1.07294587e+02  -1.01430483e+02  -8.49549748e+01
  -5.84965246e+01  -4.92598314e+01  -6.12134579e+01  -7.55176704e+01
  -7.67584617e+01  -6.81467076e+01  -4.88646852e+01  -1.98793755e+01
  -8.99599492e+00   3.36287486e+00   1.31770604e+01   1.81561715e+01
   3.12583655e+01   3.78564549e+01   3.43578231e+01   2.62981072e+01
   9.70033437e+00  -5.48372785e+00  -2.27875066e+01  -6.02485297e+01
  -1.05390750e+02  -1.26904250e+02  -1.24462847e+02  -1.17388518e+02
  -1.07589342e+02  -8.54947682e+01  -7.05350932e+01  -5.83931164e+01
  -5.19439028e+01  -4.94312785e+01  -4.91491490e+01  -6.25568111e+01
  -8.59223308e+01  -8.34949606e+01  -6.21548929e+01  -3.74278762e+01
  -2.48160083e+01  -2.25672145e+01  -4.71096778e+01  -7.32673886e+01
  -7.79539186e+01  -7.27647490e+01  -6.00060341e+01  -5.88039089e+01
  -8.02498114e+01  -9.84935081e+01  -9.76291439e+01  -9.31067983e+01
  -8.59054839e+01  -7.55964885e+01  -6.83587592e+01  -6.78532128e+01
  -7.38697070e+01  -7.71519873e+01  -8.23850081e+01  -7.95957293e+01
  -6.96402789e+01  -5.49312850e+01  -3.19271805e+01  -8.99165945e+00
  -2.67506838e+00  -1.16794416e+01  -1.19908792e+01  -1.91509992e+01
  -3.48604466e+01  -4.70650903e+01  -4.53687813e+01  -2.62381705e+01
  -1.63205375e+01  -1.64398698e+01  -3.14710407e+01  -6.93434764e+01
  -8.84835292e+01  -8.99023925e+01  -9.73104693e+01  -9.85623900e+01
  -8.94169585e+01  -8.24275962e+01  -6.36297500e+01  -3.36817873e+01
  -1.87420737e+01  -5.19520924e+00   1.38327790e+00   6.25404595e+00
   1.58652733e+01   1.76837781e+01   1.09699531e+01   1.06815095e+01
   1.61392955e+01   1.87894137e+01   2.61721805e+01   3.14639084e+01
   4.31966017e+01   4.26043412e+01   4.00235667e+01   4.11705373e+01
   3.67681081e+01   2.58897121e+01   1.57425158e+01  -8.52256570e-01
  -6.48219118e+00  -1.10474480e+01  -3.60355218e+01  -7.35607654e+01
  -9.92736353e+01  -1.05005665e+02  -1.19762408e+02  -1.36390432e+02
  -1.41273790e+02  -1.43236410e+02  -1.45824593e+02  -1.47097545e+02
  -1.45349470e+02  -1.43887534e+02  -1.50965540e+02  -1.55524968e+02
  -1.46966361e+02  -1.41157744e+02  -1.25298827e+02  -9.89065161e+01
  -7.58367209e+01  -6.95060724e+01  -6.59748928e+01  -6.45669310e+01
  -7.01167522e+01  -7.79020789e+01  -7.38430173e+01  -6.83685414e+01
  -5.42895778e+01  -4.55808878e+01  -3.90391705e+01  -3.10491970e+01
  -1.52431545e+01   5.76669534e-01   7.49037138e-02  -9.15193799e+00
  -1.09241856e+01  -1.53138986e+01  -1.77623340e+01  -2.99739380e+01
  -5.86240335e+01  -7.56850726e+01  -7.59044841e+01  -7.26671315e+01
  -6.98362933e+01  -5.43595614e+01  -3.92308756e+01  -3.62753871e+01
  -4.80578041e+01  -5.57152439e+01  -6.01284563e+01  -5.45337086e+01
  -4.06819087e+01  -1.95918543e+01  -1.27089088e+01  -1.20241153e+01
  -1.62897334e+01  -1.53401576e+01  -2.26288435e+01  -2.33450829e+01
  -1.82306379e+01  -1.31990321e+01  -8.75669526e+00  -7.64347744e+00
  -8.73748388e+00   3.82870123e-01   2.39121421e+00  -4.89319602e+00
  -6.57490508e+00  -6.18494950e+00  -9.79164651e+00  -1.55450269e+01
  -1.32719433e+01  -2.13418823e+00   8.93882739e+00   2.15707001e+01
   1.35134185e+01  -6.82252517e+00  -3.63329629e+01  -5.24287889e+01
  -5.84293100e+01  -6.07274998e+01  -5.99125100e+01  -4.88475553e+01
  -3.69244923e+01  -2.52270502e+01  -1.25433265e+01  -1.17336799e+01
  -2.58819375e+01  -5.42457121e+01  -6.97052017e+01  -6.76025337e+01
  -4.90645492e+01  -2.97986039e+01  -2.68254135e+01  -1.96344303e+01
  -2.10999125e+01],[  -0.56581552    5.66809042    9.66939949  -24.21011402  -19.41845142
  -21.93662526  -25.68724668  -23.36972481  -23.49145237   -7.06229193
    4.8252238    13.95117457   20.37744675   33.06451984   40.60228531
   36.52916178   44.52458896   55.2066371    53.02631782   31.41888509
    7.23681062  -13.03129755  -21.29036228  -22.23570389  -21.3271541
  -16.79877883   -4.72147495    4.57392011   11.11052543   17.82686351
   23.60263849   23.70997064   21.89287866   20.68222842   19.27256009
   35.04100977   51.68109526   59.78287181   59.04903792   53.86506939
   55.53102639   55.59761523   49.81535326   46.98004383   36.61552704
   23.14245619   22.50231855   24.12874198   16.44063965   12.25933246
    6.04985516    6.37532989   24.12408493   36.05347105   26.31591727
   26.78223984   30.26014527   27.65326075   42.76295893   56.58411703
   61.57603328   58.35445676   56.56462971   47.81263242   46.13977773
   50.4252068    50.15204512   49.67270363   61.23924858   68.76561424
   69.89745802   80.01892381   91.96214018   91.37727447   94.02369218
   87.50336693   85.84269099   84.29969204   78.08414664   74.91846631
   70.13660727   74.7621128    84.37422778   72.13974358   53.1759662
   32.29551684   30.48713229   42.19725883   46.70445164   40.99321441
   39.96374381   43.24737817   40.20593053   29.45057122   20.05819211
   16.15955996    9.66753753   17.9223184    26.89129367   30.77731412
   30.84732218   42.61467236   82.2227001   115.96443664  123.11056432
  112.90859462  102.23953505   84.61191474   73.23849089   62.2616267
   57.02393689   48.9289114    36.92482519   30.54040299   30.48108166
   38.06780068   39.80976149   37.86310172   38.48670285   43.564575
   37.29641114   19.69085026   19.68725147   31.87191229   41.59085209
   44.90530316   43.39200875   26.23547008   23.5927201    31.1394647
   40.77481094   44.06136382   42.24022759   52.26100928   82.81974801
  117.87343443  117.59865821  102.4070366    85.37982739   70.87806552
   77.99071642   83.64032146   84.80404854   88.16095983   94.09940056
   91.23782597   91.73037706  101.38051572  111.10074938  114.3632949
  110.0174037   110.24413814  110.58585824  105.00480229  105.72277465
  104.41856614  102.5111656    98.90968699   93.1590992    89.43635487
   84.24215771   68.1322812    60.45894713   56.23218238   67.3531784
   77.10958798   75.11791091   69.85016494   62.94450951   65.32650885
   49.84629335   26.948618     14.11174964    4.4569687    -3.28052137
   -0.16533627    4.36397152   -5.41926702  -12.12250095   -6.5165099
   -3.14739092   -8.41506371   -9.56238068   -8.22271497    1.64611948
    4.65813286    8.53401605   10.59136119   19.0384716    28.35592372
   31.78826446   34.19022958   42.46009922   46.68272185   50.43629502
   47.37433041   51.95990432   57.4748031    49.90154797   47.20952342
   50.52118378   51.65628947   49.22701993   35.65877369   28.34180654
   39.41101248   44.41092516   41.79246606   33.77842717   29.52869985
   33.08176722   34.79723877   46.71776816   63.60124684   70.68405626
   71.66411254   71.23697992   62.64591185   63.95252192   68.74171498
   61.61605091   60.32357465   54.47855474   46.92776269   46.6702645
   47.76409354   44.02805141   44.38096379   44.65943391   52.57918178
   58.92184552   55.02850719   56.3076139    66.44295758   79.91713244
   84.36029677  102.11460382  123.3912896   124.7116914   120.88707151
  116.24045958  114.49054589  115.29883604  112.56587368  110.10254846
  109.09205521  107.18088686  115.3544327   117.85185661  115.63446433
  102.29003233   86.96599532   87.03663229  102.3168052   104.96517659
  101.36212065   92.71090488   85.37280278   80.30858373   91.19650119
   88.60972273],[ -0.47697951  -4.60179275  -9.82458147 -11.31651489 -10.21626351
 -16.93958201 -27.76074755 -33.13148797 -29.01932858 -16.54087022
 -15.18577178 -11.5120424   -9.2907117   -3.89785121   7.09690093
  -0.38512671  -6.89925382   6.54571046  12.79451236   2.32673832
  -9.49405876 -17.33723384 -20.97786734 -22.12549832 -16.64832162
 -13.40656862  -7.92631996  -5.91030003  -3.61382443   2.53350008
   1.27377412  -1.01249663  -0.69244504  -9.29920059 -15.95528308
  -6.63869716   5.60518552  15.78828745  18.54240676  14.64397602
   9.42270515  14.24065186   1.54073219  -1.79449062  -2.95439068
  -5.37917845 -13.34307076 -17.76083747 -19.33497233 -22.48125745
 -16.53892653 -17.75485037 -20.71869544 -16.03552591 -15.08262919
  -9.64779262  -5.54430415  -1.23010876  10.8249417   12.890537     6.193993
  -8.08341843  -7.68375403  -5.3839371   -5.81194875  -5.62144266
  -2.34297814  -6.57019326 -11.04499858 -16.33218419 -27.83934756
 -40.44559694 -42.96961243 -40.93002374 -37.10630669 -32.44066657
 -30.03449391 -34.72048844 -39.05783781 -44.09802607 -56.3004742
 -64.11524791 -65.6672227  -57.87010239 -44.38571323 -47.7232353
 -40.0911699  -27.45426326 -17.55856267 -15.19745638 -13.39944871
 -12.51999748 -13.75281712 -21.12275064 -26.28565694 -14.78926099
  -0.91157958  10.31453791  12.96009622   5.31779526   0.65112796
   0.46772225 -16.42013603 -36.37308832 -42.92419797 -44.47091406
 -32.60450401 -25.70347298 -15.51018171  -5.8748106   -0.53702379
  -2.95453601 -14.88136886 -24.79432332 -35.10243173 -35.89329818
 -30.37730539 -23.87336602 -11.65833744  -4.06338491  -9.859933
 -19.32439819 -22.65311641 -11.58865519   1.75691981   4.77299757
  -1.38005173 -15.19055266 -15.76548639  -4.43683865   3.80354191
  12.8330803   14.9546962   12.86917016   6.25222467   0.74593714
   5.75107222  12.97480001  -3.15124412 -21.01210279 -25.6465479
 -31.85809308 -35.05157506 -45.55867204 -51.41452412 -49.8182501
 -46.11807677 -37.82507903 -38.32841012 -42.45687571 -45.53697486
 -49.01379599 -54.4878664  -58.15178617 -58.90525141 -63.68436798
 -72.10505368 -64.71324957 -55.1264661  -53.2843184  -47.19638708
 -39.45405911 -27.70015266 -15.69719671  -2.18128395  -3.31098447
  -6.00073426 -17.8918276  -28.92826069 -23.73690697 -22.73852024
 -24.34679893 -26.12997488 -39.16261835 -43.37017576 -37.18265731
 -32.3865426  -29.39128549 -25.17486987 -18.64142917 -11.4388488
  -8.15958261  -8.91743697  -9.35356807  -0.50697237  -1.47807322
  -4.08849273 -13.69213104  -8.40482838  -3.28589342  -0.92624144
  11.10135527  13.20836498   9.16551223  11.68193381   8.73707396
  10.88391946  10.48079568   5.51949034   5.34039783   2.7945289
  -2.06567007  -7.20983343 -16.3724107  -23.47272733 -25.78504874
 -19.19304314  -7.31587342  -5.69874329  -4.08664276  -4.49909347
  -3.54787357   8.25123863  21.99322848  26.74690186  27.92470534
  19.7486104    3.55425739   3.14557951   5.67875788   9.97922971
  13.50313776   2.87034575 -11.81159989 -10.48358647  -5.69934301
 -13.58753315 -15.46467155 -12.60607486  -9.49584065 -11.49668095
 -19.83362938 -24.47137388 -20.34339336 -19.91170279 -25.50037204
 -26.56964162 -30.9845863  -36.19418364 -28.96460668 -27.4107529
 -32.57077488 -26.27790204 -13.16046898  -3.46329048   4.71511891
   8.15121797  19.46179435  19.30853985  23.7300574   27.94378143
  23.31068906  18.82454155  12.55678999   3.8915041    6.57595474
  11.40801575  12.60306065   7.30735002  10.068167     5.23264695],[ -2.20725110e-02  -4.88275928e+00  -8.48954032e+00  -6.14328711e+00
  -1.26105140e+01  -1.45406283e+01  -1.98503019e+01  -1.97825505e+01
  -1.53021263e+01  -1.01887304e+01  -9.20051001e+00  -7.86326102e+00
  -9.81370522e+00  -8.34295449e+00   1.21514710e+00  -4.13054148e+00
  -1.38336503e+01  -8.24586855e+00  -9.09532155e+00  -1.86610078e+01
  -2.51088526e+01  -2.91067878e+01  -2.59428343e+01  -1.96482604e+01
  -1.71999620e+01  -1.97598090e+01  -1.92355144e+01  -2.40315523e+01
  -2.39427847e+01  -2.36448423e+01  -2.78630008e+01  -2.71337661e+01
  -1.94139929e+01  -1.66516961e+01  -9.68125563e+00  -7.59092493e+00
  -7.53789567e+00  -2.97670976e+00  -9.02960034e-01  -3.63256340e+00
  -4.36349127e+00   2.11484983e-01  -1.00267370e+01  -6.80973122e+00
  -5.67408095e-01   6.06973197e+00   3.69278973e+00  -3.14845332e+00
   2.62188221e+00   7.13291203e+00   8.92928203e+00   2.35987590e-01
  -9.80090772e+00  -9.64520974e+00  -8.49311495e+00  -7.13630444e+00
  -3.88950152e+00   3.86955809e-01  -2.53825950e+00  -1.26438512e+01
  -1.84302011e+01  -1.81286301e+01  -1.31077771e+01  -1.21621649e+01
  -4.43575373e+00  -4.23833059e-01   6.78426288e+00   7.13851618e+00
   7.73555063e+00   1.10553937e+01   1.43343293e+01   2.53980951e+01
   3.39642397e+01   3.65785149e+01   3.52746631e+01   4.40619150e+01
   5.00248957e+01   4.35049823e+01   4.19990364e+01   3.76927488e+01
   4.81347973e+01   4.61889763e+01   3.01049218e+01   1.65088049e+01
  -4.47900084e+00  -1.73785162e+01  -1.30537538e+01  -2.20293821e+00
  -2.36086239e+00  -4.58088990e+00  -5.36050394e+00  -5.12491508e+00
  -2.13373040e+00   6.06462078e+00   1.13242330e+01   1.68212716e+01
   1.45124116e+01   2.01936050e+01   2.12548840e+01   1.50029398e+01
   1.46260633e+01   1.65362547e+01   6.72198229e-01  -3.38741957e+00
  -3.78515636e+00  -1.49609287e+01  -1.15686119e+01  -8.68791041e+00
  -8.52266792e+00  -5.41557052e+00  -2.96070843e+00  -1.50822871e+00
   4.14403765e+00   7.53669676e+00   6.27280247e+00   9.34695618e+00
   1.18536760e+01   1.35558861e+01   1.40555658e+01   1.71381408e+01
   2.19960906e+01   2.82141446e+01   2.50876300e+01   1.99651399e+01
   1.80427244e+01   1.63307229e+01   1.88295207e+01   1.64445919e+01
   1.82039910e+01   1.53388535e+01   4.16975224e+00   8.26573371e+00
   1.58698366e+01   1.02408732e+01  -1.41734081e+01  -4.18226787e+01
  -4.23711223e+01  -3.12306222e+01  -3.14299197e+01  -2.78125267e+01
  -1.28290349e+01   3.32705385e+00   1.65053583e+01   2.89874606e+01
   3.22264605e+01   3.29986910e+01   3.68890367e+01   3.82526968e+01
   3.67517065e+01   4.62997937e+01   5.04149293e+01   4.67242072e+01
   4.67577419e+01   5.15482665e+01   5.50108798e+01   4.99170637e+01
   4.77868825e+01   4.77087801e+01   4.60249963e+01   4.15258902e+01
   3.86726933e+01   4.22610659e+01   2.84700386e+01   1.33107478e+01
   1.05900794e+01   1.48949071e+01   1.76401516e+01   1.18040951e+01
  -5.91108559e+00  -4.23922446e+00   1.46190530e+00   4.72070545e+00
   5.95451525e+00   4.65731030e-01   6.36654503e-01  -2.25770935e+00
  -4.97336547e-01   6.93000400e+00   1.07362807e+01   5.21491815e+00
  -6.77242699e+00  -9.83134166e+00  -1.01853927e+01  -8.90334695e+00
   6.06448673e-01   1.85140343e+00   9.51559680e+00   5.57894146e+00
   8.15744773e-01  -6.84353270e+00  -1.12675609e+01  -5.62603011e+00
  -5.90486695e+00  -6.05915604e+00  -1.57471932e+00   1.39027722e+00
   1.99875126e+00   1.13238523e+00   9.67172465e+00   7.79061541e+00
   7.23879881e+00   1.40177787e+01   1.60248935e+01   1.79453140e+01
   1.37200070e+01   1.42870668e+01   1.31577861e+01   1.19595500e+01
   1.50869294e+01   1.84640306e+01   1.61283270e+01   1.16668732e+01
   5.94944240e+00   3.25191746e+00   1.40981870e+00   2.18337215e+00
   1.03689150e+00   1.67414965e+00  -5.99853315e+00  -6.81321063e+00
   6.15255817e+00   1.20457774e+01   8.70952319e+00   4.53199656e-01
  -1.53861914e+00   1.44239640e+00  -2.98746480e+00  -8.05728620e-01
   2.05139240e+00   3.23946080e+00   1.69929663e+00  -3.91824807e+00
   3.06412872e+00   1.32780110e+01   1.17621320e+01   1.99707235e+00
   1.14105491e+00   1.71176998e+01   3.03532147e+01   4.45251708e+01
   5.58983852e+01   4.68580213e+01   2.00474954e+01  -1.06510583e+00
  -1.61630750e+01  -2.48120865e+01  -3.06924045e+01  -2.16857694e+01
  -2.00235757e+01  -1.32915999e+01  -6.90219537e-02   2.57279545e+00
  -1.01379369e+00  -1.11369932e+01  -1.59440777e+01  -1.80679946e+01
  -1.37073973e+01  -7.24131913e+00  -1.07189442e+01  -5.54431483e+00
  -3.19067983e+00],[  6.00915510e-01   3.44372603e+00   6.18834691e+00   1.03129528e+01
   7.63647119e+00   4.60676615e+00   5.87012491e-01  -8.73142764e+00
  -1.65891469e+01  -2.10397774e+01  -2.06604650e+01  -2.73647825e+01
  -3.64930197e+01  -3.92784516e+01  -3.03806397e+01  -2.29428006e+01
  -1.26122109e+01  -1.22433994e+01  -2.31529744e+01  -3.39049081e+01
  -3.07799774e+01  -2.65379136e+01  -1.90721248e+01  -6.08739018e+00
  -6.79149287e-01  -8.28493396e+00  -1.56000696e+01  -2.41503391e+01
  -2.11689302e+01  -2.12046433e+01  -2.26760921e+01  -1.88952425e+01
  -1.07846315e+01  -9.93022404e+00  -6.53943929e+00  -1.45963971e+01
  -1.64165335e+01  -1.28075683e+01  -1.35460004e+01  -1.19578750e+01
  -7.96915657e+00  -3.62539923e+00  -4.28536860e-01   4.70137444e+00
   1.19508121e+01   2.16235987e+01   2.07856858e+01   1.52536413e+01
   1.52812208e+01   1.82729794e+01   8.10689564e+00   1.41222327e-02
  -4.92562769e-02   1.14391581e+01   1.47200331e+01   1.40228382e+01
   1.25586361e+01   9.25710249e+00   1.73279099e+00  -4.43050507e+00
  -3.17371951e+00  -8.21574330e+00  -1.46734285e+01  -2.10733895e+01
  -1.51162740e+01  -1.34443595e+01  -1.88335913e+01  -3.11788881e+01
  -3.80431498e+01  -4.29548121e+01  -3.82165492e+01  -2.85391165e+01
  -2.13832437e+01  -2.48795731e+01  -3.46657037e+01  -3.54099664e+01
  -3.94927367e+01  -5.48416233e+01  -4.95600508e+01  -4.42905567e+01
  -3.55293328e+01  -3.37584112e+01  -3.87049041e+01  -4.11410454e+01
  -4.62406694e+01  -5.13100345e+01  -5.41581357e+01  -5.25757835e+01
  -4.83225089e+01  -3.60385301e+01  -3.07938773e+01  -3.23787994e+01
  -2.92932065e+01  -2.17757506e+01  -2.16349851e+01  -2.76404518e+01
  -4.19991210e+01  -4.16152608e+01  -3.13271104e+01  -2.66582177e+01
  -2.17680300e+01  -1.42574254e+01   2.65550030e-01   1.22444790e+01
   1.62340976e+01   9.22218987e+00   6.89562620e+00  -4.03234463e+00
  -1.53569619e+01  -2.41195458e+01  -2.11196637e+01  -1.14888186e+01
  -5.97025719e+00  -9.08136476e+00  -1.02234011e+01  -6.81708150e+00
  -1.29730808e+01  -1.41473824e+01  -1.42138695e+01  -9.58027894e+00
  -3.43909662e+00   4.97776363e+00   6.76084777e+00   1.84837716e+00
   1.79016917e+00   4.95272293e+00   1.61221809e+01   1.91421528e+01
   9.23350139e+00  -8.43679906e+00  -2.68945115e+01  -1.53123802e+01
   5.75924903e+00   1.20695452e+01   1.74994419e+01   2.54610414e+01
   1.06912050e+01  -5.57474273e+00  -8.42985493e+00  -1.43411405e+01
  -1.68744056e+01  -2.20726563e+01  -2.07877401e+01  -2.38405129e+01
  -3.01084604e+01  -3.35690829e+01  -3.60336896e+01  -3.61080825e+01
  -4.13207452e+01  -4.48828741e+01  -4.58607891e+01  -4.00512974e+01
  -3.39869512e+01  -2.58003689e+01  -2.22473215e+01  -2.25022379e+01
  -2.42020031e+01  -3.34976866e+01  -3.95076692e+01  -4.78592912e+01
  -5.41233640e+01  -4.08531746e+01  -3.03173566e+01  -2.16644333e+01
  -1.24315335e+01  -1.38328763e+01  -2.22927913e+01  -2.97176690e+01
  -3.57336215e+01  -2.93679544e+01  -2.68301177e+01  -2.27872167e+01
  -1.88617820e+01  -2.20370939e+01  -2.28263295e+01  -2.62308751e+01
  -1.83728698e+01  -6.14356171e+00   9.51492765e-01   1.00755963e+01
   1.45053781e+01   1.79219790e+01   1.24291587e+01   5.66328728e+00
   1.76462767e+01   1.77046830e+01   1.08148908e+01   8.02121115e+00
   8.57134883e+00   6.96996685e+00  -5.14224070e+00  -1.21753083e+01
  -7.75735894e+00  -1.14908552e+00   5.04632272e-01   5.28720978e-01
   6.14737198e+00   6.88965294e+00   1.17756141e+01   1.05864965e+01
   9.27084208e+00   1.42963119e+01   1.38676050e+01   1.00332045e+01
  -2.31185721e+00  -6.36402669e+00  -1.08823115e+01  -7.62332103e+00
  -2.45872860e+00   2.74678370e+00   2.45564148e-01  -1.02222538e+01
  -2.07532420e+01  -2.80803602e+01  -3.97068197e+01  -4.32703380e+01
  -3.29144991e+01  -1.32142575e+01  -1.67584860e+01  -1.53922989e+01
  -1.02195977e+01  -7.06900133e+00  -1.62101537e+00  -5.23434473e+00
  -9.45043835e+00  -9.76822503e+00  -1.69025940e+01  -1.88521075e+01
  -1.68735949e+01  -1.18658043e+01  -1.54741594e+01  -1.96074950e+01
  -1.88298955e+01  -2.21317355e+01  -2.68323822e+01  -2.89681945e+01
  -2.31271283e+01  -2.03304394e+01  -1.96434482e+01  -2.58244053e+01
  -2.80634604e+01  -2.30506436e+01  -1.92450431e+01  -2.28633773e+01
  -2.96561355e+01  -3.06087454e+01  -2.71473517e+01  -1.62446561e+01
  -6.87406657e+00   4.74566930e+00   8.72212935e+00   7.86315533e+00
   1.37533342e+01   2.00701312e+01   2.29482400e+01   2.15121684e+01
   1.35194575e+01   6.67520111e+00  -5.50812634e-01   1.04790690e+01
   1.62094960e+01],[  1.37918108e-02   1.60836944e-01  -3.27142072e+00   3.50914238e+00
  -1.09548574e+00  -5.75284337e+00  -1.00660928e+01  -1.92498353e+01
  -2.52653773e+01  -2.71475318e+01  -2.53175366e+01  -2.76772241e+01
  -2.58964963e+01  -2.65755351e+01  -2.57423743e+01  -2.69209445e+01
  -1.93263436e+01  -2.44314479e+01  -3.64455283e+01  -4.82374357e+01
  -5.14731722e+01  -4.66150611e+01  -4.43832743e+01  -3.68800367e+01
  -3.03996350e+01  -3.30782508e+01  -3.84214895e+01  -3.82983817e+01
  -3.43599716e+01  -3.51072486e+01  -3.53135782e+01  -3.48946674e+01
  -3.17675573e+01  -3.17486759e+01  -3.23329088e+01  -3.55360144e+01
  -3.41650474e+01  -2.63398952e+01  -2.28508278e+01  -2.00355299e+01
  -2.11428598e+01  -1.82961827e+01  -1.55606491e+01  -1.68766210e+01
  -1.14850442e+01  -4.54271300e+00  -7.76733085e+00  -1.40115785e+01
  -2.51746650e+01  -3.34321922e+01  -4.02199594e+01  -3.60347822e+01
  -3.69954256e+01  -3.04210983e+01  -2.18797427e+01  -1.60880508e+01
  -1.72126695e+01  -1.92227873e+01  -3.45693635e+01  -4.37101926e+01
  -4.27840973e+01  -4.25580221e+01  -4.45675921e+01  -4.36541432e+01
  -3.49235167e+01  -2.39753941e+01  -2.73795416e+01  -3.45129044e+01
  -3.25122128e+01  -3.07069717e+01  -2.72260350e+01  -2.44724706e+01
  -1.61148884e+01  -8.16742872e+00  -4.63975670e+00  -2.01011347e+00
   4.68260528e+00   1.42482520e+01   2.64426762e+01   2.85135832e+01
   1.90037523e+01  -4.76796279e-01  -1.35791435e+01  -1.46145124e+01
  -1.00177826e+01  -1.36327084e+01  -1.62521538e+01  -2.63041394e+01
  -3.43503657e+01  -3.45404955e+01  -2.96979829e+01  -3.16812231e+01
  -2.88027746e+01  -1.83105593e+01  -1.24797084e+01  -1.78547516e+01
  -2.58602522e+01  -2.69280997e+01  -2.59878160e+01  -2.85042484e+01
  -3.06473827e+01  -2.74765412e+01  -2.72743667e+01  -2.24611667e+01
  -2.17406362e+01  -2.23473343e+01  -1.71839639e+01  -1.58473489e+01
  -2.39529117e+01  -2.92785231e+01  -2.80643229e+01  -2.66361095e+01
  -2.90913862e+01  -3.98674409e+01  -4.90056937e+01  -5.21415178e+01
  -5.47753094e+01  -4.80973194e+01  -4.53871702e+01  -4.77980770e+01
  -4.96006301e+01  -4.36940311e+01  -2.86926485e+01  -2.30467573e+01
  -2.45828229e+01  -2.49905025e+01  -1.92693795e+01  -2.43143827e+01
  -4.46830364e+01  -5.83021103e+01  -6.62912777e+01  -5.11789268e+01
  -3.24509141e+01  -2.41457453e+01  -1.93770937e+01  -2.30450287e+01
  -3.73881841e+01  -4.54579453e+01  -4.97383795e+01  -5.49154093e+01
  -5.04159347e+01  -5.07392961e+01  -4.04883950e+01  -3.23512262e+01
  -2.50872951e+01  -1.57974266e+01  -1.66870467e+01  -1.86180288e+01
  -1.45390498e+01  -1.56282966e+01  -2.40539137e+01  -2.89600821e+01
  -2.85719773e+01  -2.76538120e+01  -2.26229666e+01  -2.04044326e+01
  -1.65162913e+01  -1.07757751e+01  -1.99380761e-01   7.68813566e+00
   7.84279239e+00   1.41602507e+01   1.44119330e+01   8.51793728e+00
   5.82461746e+00  -8.86080024e+00  -2.84898420e+01  -3.88463459e+01
  -3.68895625e+01  -2.01143167e+01  -1.33927716e+01  -1.23703444e+01
  -1.00668595e+01  -1.29740232e+01  -1.38692716e+01  -1.47400235e+01
  -1.06501108e+01  -1.16554440e+01  -1.15683042e+01  -1.19027562e+01
  -1.32597241e+01  -1.67818979e+01  -2.09503582e+01  -2.30402032e+01
  -1.08450798e+01  -4.60546231e+00  -1.01023412e+01  -9.19081078e+00
  -2.37855555e+00  -3.46449623e+00  -2.19295952e+01  -3.54202525e+01
  -3.24147610e+01  -2.94045395e+01  -3.37216715e+01  -3.67552360e+01
  -2.59224463e+01  -1.83333752e+01  -1.75549762e+01  -1.34837181e+01
  -1.14832810e+01  -5.01453822e+00  -6.76322684e+00  -1.63989815e+01
  -2.61666023e+01  -3.05000609e+01  -3.09869787e+01  -1.95553749e+01
  -1.39909252e+01  -7.57584747e+00  -1.07031823e+01  -1.44596939e+01
  -9.94159704e+00  -1.67440392e+00  -4.94044499e+00  -6.63825384e+00
  -1.47106344e+01  -1.58696086e+01  -2.04156578e+01  -2.20055630e+01
  -2.08156288e+01  -1.82035320e+01  -1.30385524e+01  -1.08902829e+01
  -1.54127923e+01  -2.68289958e+01  -3.53678145e+01  -3.41599749e+01
  -3.33425416e+01  -2.49717420e+01  -2.10536229e+01  -2.47323680e+01
  -2.47920584e+01  -2.57390069e+01  -2.68484678e+01  -2.59955019e+01
  -3.33115466e+01  -3.79682046e+01  -3.62120992e+01  -2.68614318e+01
  -2.60229013e+01  -2.98273848e+01  -2.76083996e+01  -2.19225153e+01
  -1.71509373e+01  -1.89231714e+01  -1.43509599e+01  -1.55902726e+01
  -2.30534611e+01  -1.91768199e+01  -1.00436722e+01  -5.74501821e+00
  -6.67038187e+00  -1.56393407e+01  -1.80540713e+01  -1.27285134e+01
  -1.68996813e+01  -2.12502623e+01  -2.10073842e+01  -1.06363072e+01
  -8.24776056e+00],[ -0.23205441   5.28400012   7.16058152  11.10981641   9.88716733
   6.93747708   0.32283574   5.34179986  11.69792273  15.77929311
  20.68571851  23.00656019  32.19414514  32.93294345  24.30121567
   6.98150406   4.95053533   8.74639446  17.05300214  23.28731499
  22.47297741  21.44651381  16.97736335  16.40827468  14.91427019
  15.36109501  17.17454637  22.33635207  20.73208149  18.2820584
  16.99004576  13.2389967    9.13869859   9.11230494   8.06119983
  10.54201519  13.26515216  16.99548303  16.74701416  13.36655908
   9.63491951  10.75813617  10.11735488   7.29508428   5.06192847
   3.9308864    5.43486692   2.19324136  -9.14169016 -17.3381375
 -16.45035822 -10.56147329 -17.07922805 -20.70632951 -14.99855093
  -4.96490116  -3.09709836   0.67415516  -1.91739729  -3.58716734
   0.48889422   5.3833139    3.04973833  -3.764614    -4.15881651
  -0.06383845   4.09432      4.71379982   0.87014341  -1.60081715
  -0.17789874   0.14972998   0.57584116  -3.52953908 -11.35403874
 -13.54061749 -13.94979786 -12.61905971  -6.78074217  -2.35653429
  -5.74030167  -5.00192053   1.85739153   6.22851302   5.61576959
   6.45007323  12.67647452  13.39893123  15.18409239   8.06226574
   7.11817371   4.73586041   0.90844445  -1.90785898 -10.80271008
 -23.03532084 -28.31077114 -16.14413563  -3.53290988  -4.12997864
  -3.20239735  -8.54234452  -8.48450282  -0.53079886  -5.23218867
 -10.92849827 -10.67349601  -8.43079768  -8.85463695 -13.91190152
 -19.80879022 -25.71012457 -26.54661217 -23.75790037 -19.96953329
 -19.51761425 -12.73482748  -8.1922618   -7.99678477 -10.79131409
 -13.33978472 -14.65578158  -8.40901109  -2.64700262  -9.97913719
  -6.50230346  -5.57301257 -15.62323213 -24.72131559 -20.25775519
  -9.330533    -3.56431072  -8.58887468  -9.73062245 -11.07644563
  -9.14791777 -11.19659766 -17.88033117 -20.10412036 -22.82314687
 -16.8779446  -12.62291409  -8.61229748  -0.2480969    0.34516829
  -6.47125887 -12.87561864 -16.32020385 -14.93540179 -15.10237311
 -17.03161539 -13.05805642 -10.18810585  -9.77383837  -8.76974624
  -8.26010478  -8.61732083  -8.14064654  -5.22729849   1.2318126
   2.83359089   1.95876458   5.3199081    0.86827291   2.90471233
   5.40848029  13.62233421  27.42749445  32.61788166  38.24868936
  40.03393917  41.93146372  49.41334489  49.17332062  46.72610152
  41.47454014  38.82882947  30.35168155  28.8628109   25.7416114
  23.11840971  16.6255877   14.00520261  11.53337956   9.3166458
  15.9512162   15.00544713  16.75824394  18.72391965  14.86194021
   6.89292424   5.24808562   7.60991906   7.00125451   0.90627212
  -2.80679374   1.82366712   2.06086136   4.63005432   7.86018708
  11.08509428  12.12953424   0.47842593 -15.82183392 -12.57959426
  -4.74278012  -6.20801463  -0.94118451   1.8728056    3.24272503
   0.29434898   2.95946844   7.24992809  14.49027882  20.19192116
  25.33282264  15.19701807   1.19038518  -4.17339281  -5.85052658
   1.8985492    7.45567011   5.60998685   4.4663002   -0.72216117
  -8.88735276  -9.98657636  -4.78413445  -8.81800457  -8.6161726
  -6.7486672  -11.6235881  -13.18834347 -13.22253905 -18.92901802
 -29.27558171 -37.61757479 -35.91821836 -33.31067475 -21.2766263
 -15.82774096 -12.12708482  -9.10541133 -11.28991833 -10.85990692
 -12.46764677 -10.46057733  -7.466201    -6.1094355  -10.50413986
  -6.83199936  -1.06931773  -7.25308213 -22.53710853 -18.05698526
  -7.16740623  -4.55342519  -7.34243139 -10.43905363  -0.33701394
   0.69988024],[ -0.45844895   1.17559643   2.31136475   2.40421278  -0.91495245
  -6.80848368 -11.52830059  -6.17139213  -2.21785006  -4.12185077
 -11.79819135 -15.51088991 -14.83630194 -17.75934172 -21.96074301
 -23.49186692 -21.28814474 -16.25422538 -13.62463131  -4.739765
   0.90450041   7.25670236   6.52283609   8.88649436   8.92639282
  12.99429906  14.56855395  14.66147046   9.75544814   9.4468647
   8.60854521   5.91966257   2.4268946    7.93927509  10.11340107
   5.20574068   0.98649548  -5.31256537  -6.44622446  -5.89649383
  -6.92613504  -3.24309989   1.85013834   3.18828061  -7.25893684
 -17.19134797 -12.29459886 -10.80011788 -12.48611895  -6.12103224
  -2.21003937  -4.33308759 -15.56484194 -17.84466571 -17.80749918
 -13.80546976 -10.04593046  -3.13939992   2.69979885   5.1469303
   5.42447361   4.19645414   2.26359727  -1.81616167  -2.58015719
  -9.2139911  -13.06524393 -21.70593995 -24.25727419 -15.88456059
  -6.55260537  -1.38576122   3.40194289   7.11957678   3.3855429
  -1.05434604   2.63360235   3.38446942   4.29113392   5.90923676
   0.31391398  -4.16751751  -0.76333659   7.14633044   5.71673899
  -0.33078926  -4.72112353 -12.01830433 -17.12824762 -20.61947627
 -18.60909061 -13.78734825  -9.86285187  -6.83958703  -8.94705571
  -7.19057395  -9.09518926  -8.36015403  -3.30723622  -1.24475085
  -2.31084535  -9.42228176  -8.82676875  -7.80751336 -20.02857555
 -18.99159767 -16.24894432 -22.58753492 -25.99296741 -24.98425794
 -17.64731344  -7.49442928 -10.83858599 -18.98243594 -18.91911553
 -22.5706559  -18.21881005 -15.74319977 -11.89998618  -7.71170376
  -5.27417829 -12.51572757 -14.17522557  -2.96648862  -2.67611766
  -3.22536817  -9.18276792 -15.00709692 -18.08884629 -13.40277406
  -9.27353826 -12.11404845 -14.75448876 -18.81499328 -18.16388067
  -7.70730784  -7.38917487 -11.3832588   -9.66705331  -7.86811498
  -9.61308723  -9.2298792  -11.23673056 -16.53735467 -12.88502189
  -5.3190953   -2.51165088   0.94455699   2.75482239   4.62719141
  -3.65327468  -8.71822177  -8.14909976  -9.31426821 -10.33249849
  -4.17738436  -1.34949797  -3.40995844   4.65685455  11.54341543
  10.68471471   7.08204588  11.38243663   5.43265223  -3.84449637
 -11.19715719  -9.99667611  -7.03436293  -6.32702551  -7.8832638
 -15.7961519  -16.95579435  -9.86065953  -9.86535477 -16.42786764
 -23.61945332 -24.04322669 -23.59938156 -15.45094337  -4.26159568
   7.43282799   6.44414603   3.53121903  -1.40447352  -5.40731605
   1.39921703  -3.71836529  -3.53942264  -7.87117829 -11.51370972
 -11.5158513   -7.13671     -8.34540054  -7.61998485 -12.33996216
 -13.69506381 -10.01996888 -12.19765003  -9.93154254 -11.93397894
 -10.89963465 -13.42277373 -23.91722801 -33.95779898 -29.84894275
 -27.68352357 -28.31279925 -25.24796317 -24.87060216 -22.29038916
 -22.40183046 -19.08487639 -25.17936362 -29.0796217  -32.88237068
 -31.14146911 -27.11012612 -27.48344023 -30.6120604  -32.78146278
 -26.26557022 -19.38474338 -15.36113506 -25.52182852 -30.04620237
 -33.02792916 -30.43136248 -24.19626098 -28.69438522 -34.58474642
 -38.14147358 -45.65024693 -43.51843218 -31.5420492  -30.23811482
 -27.59426116  -8.19011444  -0.25861944  -7.01095453 -13.67259424
  -9.03224581  -1.38536957  -3.14731644 -11.5028444  -23.06021969
 -31.24671321 -33.37410224 -26.3086613  -20.92497624 -23.07366479
 -22.83587813 -17.94707297 -19.73319049 -25.62842997 -18.38009238
 -11.6408177  -12.09688042 -16.85219713 -18.2092961   -5.60930934
  -2.17647328],[ -1.26704721  -3.47312254  -4.4065226    0.80185156  -0.94051917
  -3.88381117   2.23810164   6.95938846   1.22157487  -7.2750932
 -18.95060439 -17.98635437 -18.09261815 -17.95956004 -24.4400852
 -18.1962116  -14.92514654 -20.2102013  -27.29478598 -17.59289836
 -13.7499537   -8.48750725  -9.23717365  -4.71525449  -3.86413293
   3.79254127   4.57020811   1.87099874  -4.30572032  -7.12072526
  -7.84009499  -9.55397524 -13.18456295  -6.05290453  -0.31929411
  -3.94244954 -12.02172652 -17.73784672 -11.69369997  -8.64762394
 -12.864061    -9.55613508  -4.75025783   1.55351174  -1.73786743
  -9.48615861  -8.79485476  -5.47493245   1.3988919   15.3252657
  14.80341991   9.29053756  -5.38442012 -13.38104772 -16.21221697
 -11.95650607  -6.50277029  -5.38397707 -10.55532219  -8.89965515
  -8.57943669  -8.81533565  -7.45502073  -4.5783539    1.90778435
   3.21747097  -4.0215408   -3.87759521  -5.36739811  -7.37051653
 -14.35543999 -15.75273069 -11.72262304  -7.71920166  -5.10549135
 -13.2268324  -16.10215722 -16.91776871 -14.44916032 -16.42221151
  -6.32262198  -4.04116829  -8.20833946  -3.44770641   9.08180747
  12.52284191  11.02284931   9.88116091   4.04889399  -5.87750086
 -10.33131636  -5.28453612   3.36209558  11.39883867  17.79557147
  21.37642588   8.7011446   -2.8061189   -6.69850754  -0.54129961
   2.99140401   2.90356459   5.85870717  14.92509022  10.55248809
  11.58737255  14.41822833   8.33789534   4.62341833  10.91048748
  21.09730658  32.99992444  34.11806001  22.47595893  21.8186107
  22.46924343  23.24442984  19.17984405  12.00744062   3.85788358
   1.67166551  -6.87080303 -15.06492835  -7.9260926   -0.22176948
  -7.10963582 -14.9036458   -7.41595415  -3.91792068  -2.80157291
 -15.50748505 -21.63477564 -16.03901234 -14.36054463  -9.22830402
  -7.75246946 -11.98485618 -12.02664657  -7.63380448  -1.23901838
   6.27383349   4.95214509   4.05977524  -1.36107604  -0.81503596
  -0.49549174  -0.66131292  -2.05341046  -1.15634702   6.91571032
  -3.34865468  -7.49615873  -2.09367935  -0.24637914   2.31873743
   6.78491794   5.28420332  -1.92848804   1.84606877   2.53900627
   0.73143098   2.70884078   8.01279549   5.68979779  -2.73523697
  -5.58254926  -9.33316339  -1.50478697   6.71850734  10.59885661
   8.10642061   8.60504913  12.10412568   7.81062279  -3.67238755
 -11.49033744  -7.86239753 -10.87518205 -10.06633748  -8.77797622
  -8.01753567 -14.46153917 -15.20117213 -16.77384831 -18.01706853
 -10.35994526  -8.49908959  -3.48987315  -9.2899131   -9.00062955
  -9.70496861 -12.2680737  -19.25521968 -17.88400176 -21.25797742
 -21.60809999 -16.94973486 -13.49124873 -14.35185217 -14.81480759
 -10.62781843  -4.1443254    2.70705419  14.36989382  20.66809617
  18.85686948  12.5882856    1.44101505  -2.84117578  -2.99791418
  -3.11604378  -3.47215555  -6.31478006  -5.19737693  -6.48551658
  -8.73807835 -12.49356357 -15.30148805 -17.67276805 -19.93931235
 -14.80136627 -12.29328912  -5.20066598 -11.56448811 -14.20073042
 -23.68081529 -21.27948532 -11.43614694 -11.56576728 -14.46999671
 -18.17295935 -16.09479778  -7.617172    -0.04754111   3.20476975
   3.81617713  -2.0183703   -5.9429329  -20.43142006 -30.05977566
 -27.38718983 -23.58511807 -21.01782403 -16.77373662 -15.65062075
 -13.44089073 -14.88536121 -12.26219525 -14.87800605 -14.3945552
 -12.92040478 -13.50635999 -16.20762008 -10.44408492  -4.32719107
  -4.49736202  -5.3615506   -7.7019285  -11.98548339  -6.02884116
  -3.44183448],[ -0.55875443   1.64799107   4.42465841  -3.46231238  -5.95148556
  -7.05544884  -5.53664653  -3.19539265  -6.29833719  -8.27608027
  -9.75703344  -3.40013947  -2.4880055   -1.3415183   -8.43068814
 -10.12417241  -9.8494782  -12.93532155 -13.32702237   1.14352165
   5.28805835   2.0630516   -2.98047401  -2.02358179  -2.41427823
   1.28702064   3.58864103   3.87388722   5.382084     6.74399654
   5.38151983   1.61981002  -2.9132015   -6.16621297  -6.99274439
  -7.20905248  -7.87870213  -8.83763359  -8.44824525  -7.60554174
  -9.58242913 -10.22593803  -7.65133136   0.44371608   4.10817072
   9.05426489   4.54529969   1.91461175   6.64735295  10.67217938
   3.68369337  -3.90642726 -12.31052695 -12.88998669 -11.34123369
  -3.1032788    4.69786169   4.09047425  -1.9593562    1.40611625
   1.34056834  -3.64699657  -6.95392453  -8.88649146  -9.15534362
  -9.36752646 -15.76459647 -17.04145418 -16.90669984 -14.53504185
 -16.45371343 -18.14630732 -14.67664287  -5.62236082  -1.99560569
 -15.75720176 -19.9922963  -14.58090669 -12.92853358 -16.31744956
 -12.79004554   0.58599194   2.6749743   -5.66291397 -12.73904058
 -15.22275977  -8.33694087  -6.09944921  -6.41701032 -12.88966066
 -14.1501912  -13.19842936  -8.31502636  -3.67124248  -9.568969
 -16.20003467 -27.97579199 -30.02302982 -25.3888794  -16.42021497
 -18.23119163 -20.50611467 -15.7438112   -9.50718965  -7.09933873
  -4.71185713  -6.11870231 -14.56083945 -20.67118645 -23.42242069
 -21.10584982 -17.29457716 -13.70184612  -7.21335864  -0.70255438
  -4.57522127 -10.70473424 -18.51983608 -23.56879215 -29.9997905
 -31.84783502 -28.62237246 -29.55438496 -29.07078749 -19.60233693
 -15.38526629 -15.65881774  -4.10069173  -3.44919171  -7.5340217
 -19.09627161 -17.22158373 -10.07205901 -11.67013067  -5.81574524
   0.29895101  -4.1629257   -7.44298722  -5.97611952 -12.53101853
  -8.28611907  -5.33107313 -11.28122022 -19.5994333  -17.72302203
  -8.29253735  -1.61965445   0.13389136  -0.87516054   4.66465433
   0.60368918   3.12354761  10.48585968  17.8638804   21.08504598
  20.20155296  14.69680399  13.67196952  17.74195951  12.21486208
   2.99221071   1.42581229   7.43528395   4.33688118  -3.00567185
  -6.36976257  -4.51005704  -2.05044274  -3.03715892  -7.25711881
 -12.18507577  -8.99115139  -7.43429598 -10.42575629 -16.35009655
 -20.09806228 -12.64854431 -10.16775563  -7.95063938  -3.58733584
   1.67501033   6.57344128   8.33521031   4.60510948  -0.39749015
   0.38332439  -1.0463846   -1.5532338   -7.10255486  -0.27743479
  -0.65010976  -4.19190333  -6.31176918  -4.97333963  -6.33122244
  -9.70170348  -5.47007516  -3.64715236 -10.29245887 -13.59085172
 -13.45915515  -9.8600624   -8.75861047  -0.82257926  -5.67845477
  -8.93306375 -15.30739232 -19.28892235 -14.9111569  -11.96363633
 -11.40598593 -13.3430198  -15.57151108 -16.21060023 -13.37968601
 -11.24533469 -15.00761708 -22.39978743 -16.81658017 -16.09109594
  -6.81468707  -3.36905989  -4.228029    -7.87501419 -12.8363582
 -16.89815466 -13.66602155 -16.156262   -14.61896225 -14.13112843
 -25.83875014 -22.23037135 -18.63423067 -19.16825511 -22.47500921
 -23.82706695 -24.59712709 -23.58004078 -27.41982996 -25.35336195
 -26.38341094 -25.60753479 -25.91569711 -25.35956784 -30.04960518
 -31.61862527 -31.21306933 -26.23793338 -25.48944791 -22.52687231
 -15.59567812 -19.49940786 -23.51568414 -16.66062988 -16.92664508
 -16.52307952 -12.20958584 -12.75347432 -20.59102348 -19.37299367
 -18.30924528],[  2.49123675e-01  -2.25733453e+00  -3.41344289e+00  -3.23265332e+01
  -3.60310922e+01  -3.32960240e+01  -2.99650147e+01  -2.62972127e+01
  -1.81064351e+01  -1.41191839e+01  -1.62022542e+01  -1.15563536e+01
  -1.03303578e+01  -1.07578032e+01  -1.08742504e+01  -1.64309994e+01
  -2.22845706e+01  -1.21960183e+01  -1.62107428e+01  -2.10664767e+01
  -2.88656547e+01  -3.84960841e+01  -4.70420826e+01  -4.59356452e+01
  -4.26470279e+01  -3.73280619e+01  -3.09651480e+01  -2.62591225e+01
  -1.64228188e+01  -1.13313939e+01  -1.37909379e+01  -1.78315207e+01
  -1.39078848e+01  -1.43474061e+01  -1.60315888e+01  -1.16642282e+01
  -1.75185639e+00  -3.12889842e+00  -5.11548774e+00  -1.02846698e+00
  -2.85597090e+00  -1.09683512e+01  -1.52500819e+01  -1.23217904e+01
  -1.05479512e+01  -3.34191001e+00  -4.87966256e-01  -6.97909021e+00
  -8.07699821e+00  -1.35262645e+01  -1.69184413e+01  -2.33978510e+01
  -2.55206360e+01  -1.47078194e+01  -1.34456737e+01  -1.19233605e+01
  -9.22084797e+00  -4.34729543e+00   1.64290141e+00   4.28083336e+00
   2.00362622e+00   2.47919011e+00   2.94487825e+00   4.13777153e+00
   4.35163830e+00   1.06798898e+00  -3.36738059e+00  -4.53465521e+00
  -9.97470829e+00  -9.45681629e+00  -6.73054548e+00  -7.33408293e+00
  -4.73775719e-01   5.20543200e+00   9.14375154e+00  -4.28806378e+00
  -1.03548690e+01   3.78105540e+00   1.07491040e+01   1.09365297e+01
   3.95585971e+00   4.89064600e+00   3.97328762e+00   9.12732168e+00
   1.26493120e+01   5.15681268e+00  -1.38435586e-01  -8.35477199e+00
  -1.37210193e+01  -8.88785908e+00  -6.66276067e+00  -6.46886603e+00
   7.45361331e-01   6.41160782e+00   1.67881210e+00  -5.87185463e+00
  -8.62744113e+00  -6.51879868e+00  -5.55679154e+00  -4.01167603e+00
  -9.84739308e+00  -1.10102450e+01  -1.26117479e+01  -1.09546104e+01
  -6.00109728e+00  -5.28360839e+00  -6.66481369e+00  -8.82952330e+00
  -1.57413438e+01  -2.05732830e+01  -1.89375074e+01  -2.44525727e+01
  -3.03868643e+01  -3.35258137e+01  -3.60116457e+01  -4.07065875e+01
  -4.09274855e+01  -3.77761559e+01  -3.46089621e+01  -3.10438510e+01
  -3.06657128e+01  -3.05965444e+01  -2.68868432e+01  -2.81842532e+01
  -2.05201286e+01  -1.43545378e+01  -7.54590546e+00  -2.22966261e+00
  -1.27734601e+01  -2.48606162e+01  -3.37288773e+01  -2.53509491e+01
  -1.42139045e+01  -1.79442390e+01  -2.33060045e+01  -2.95814429e+01
  -2.51957782e+01  -1.25847147e+01  -6.85410493e+00  -7.13359517e+00
  -1.42490173e+00   3.13299031e+00   5.19259487e-02  -5.96792824e+00
  -5.38142933e+00  -2.54901681e+00   2.12875319e+00   1.23356785e+00
  -6.22038939e-01  -2.05233503e+00  -6.69409394e+00  -4.75633167e+00
  -2.60781417e+00   2.01311542e-02   3.23703298e+00   9.89235179e-01
  -4.18380834e+00  -7.04059264e+00  -4.59469890e+00  -8.67430083e+00
  -1.54359368e+01  -1.44514344e+01  -8.70754470e+00  -7.15937108e+00
  -6.23420116e+00  -1.20409451e+01  -1.49562346e+01  -1.66419065e+01
  -2.03947112e+01  -2.35536817e+01  -2.68498989e+01  -3.00423607e+01
  -3.04190318e+01  -2.58778922e+01  -2.19623154e+01  -2.39518409e+01
  -2.03168023e+01  -1.54453305e+01  -7.05126700e+00  -2.30980663e+00
  -5.83285865e+00  -6.78886401e+00  -1.15801285e+01  -1.72884485e+01
  -1.64554950e+01  -1.32198936e+01  -9.25191995e+00  -9.95570695e+00
  -1.61195134e+01  -1.29100305e+01  -1.54740352e+01  -1.53580643e+01
  -1.73673307e+01  -2.16972858e+01  -2.28923543e+01  -2.53255723e+01
  -2.48439021e+01  -1.88849814e+01  -2.03992944e+01  -2.56158930e+01
  -2.48331580e+01  -1.62488496e+01  -1.89212560e+01  -1.68276331e+01
  -2.39252119e+01  -2.03762984e+01  -1.61317252e+01  -1.01301876e+01
  -4.82573873e+00  -1.04222085e+00  -3.46253647e+00  -5.78302780e+00
  -5.42926630e+00  -5.42839205e+00  -7.37406435e+00  -5.70485276e+00
  -5.76384120e+00  -1.07532472e+01  -7.46279061e+00  -1.28672161e+01
  -6.89955606e+00   1.61236085e-01   6.02989615e-01  -2.25831679e+00
  -1.32467045e+01  -1.81462875e+01  -1.80393832e+01  -2.18406678e+01
  -2.25375002e+01  -1.93265836e+01  -2.49869254e+01  -2.88029991e+01
  -2.38352845e+01  -1.87434395e+01  -1.91532338e+01  -1.91114403e+01
  -1.14142595e+01  -2.84428675e+00  -3.44273660e+00  -1.30264670e+01
  -1.50519071e+01  -9.98038591e+00  -1.01082350e+01  -5.36914859e+00
  -5.87746096e+00  -8.65352579e+00  -1.06179159e+01  -8.81186662e+00
  -1.52615054e+01  -2.18327885e+01  -1.24855334e+01  -1.70091498e+01
  -2.39713642e+01  -2.64334469e+01  -2.85967494e+01  -2.66879970e+01
  -2.52473431e+01  -2.51080782e+01  -2.22706447e+01  -1.68753493e+01
  -1.45601284e+01],[ -0.67495846  -4.36224209  -4.3797689  -26.11871291 -23.54228337
 -19.78486351 -11.40917303  -6.0873119   -3.07703311  -3.61983395
  -8.42275757 -10.44981969  -7.97817688  -7.56333449  -8.06621978
 -12.50733736 -14.28023293   0.85344135   3.98098896   6.26867638
   5.03458672  -5.44127867 -14.34663504  -8.96322447  -4.03034706
   0.16944015   0.43467485  -2.09072594  -1.60302988  -3.63218407
  -4.42461089  -5.25191833  -0.73996563  -3.20241362  -6.66595985
  -4.1341387    2.78275924   2.02485488   3.44789781   1.04411448
  -5.18026703  -8.11643005 -14.52395959 -12.94988349  -7.78463824
  -5.91481214   2.13372718   7.47022415   5.57912863  -2.61519414
  -2.68346765  -4.96452371  -9.0135589   -2.92959977  -4.18841694
   1.6881122   -1.46054545  -1.47525872   9.96052941  14.82469903
  14.31572027  15.24450867  15.12600858  13.02663962  11.70752001
   8.58682037   3.75903857   8.99186125   0.77259186  -2.42643356
  -8.9808048  -16.11888496  -9.23333736  -5.48163715  -3.13205588
  -4.74130905  -6.56311471   2.14931166   5.06775436   3.66745498
  -4.6367256   -9.39708264 -12.87724244  -2.45146089  -5.01459962
  -6.60498141  -3.98592122   5.57605551  11.44209394  13.6988114
   4.82860575  -0.14692375   2.03574184   4.32061292  -0.22796308
  -4.27781169  -5.66690845  -5.95249117  -5.96378488  -2.34039008
  -2.69573241  -0.39502265   1.24656358  -2.20061361   1.37026176
   0.95905085   1.54116029   6.98481284  12.52522568  19.09056368
  23.43140972  14.01029055  11.27297411   1.63645673  -2.10704704
   0.86541155   3.2655929   11.95265062  17.97932905  19.64877472
  11.99271856   1.77720681  -1.32516935  -1.71213966   4.35898635
  10.66773299  12.84966121  17.77749085   9.87047056   4.22214899
   1.34114991   4.29353244   3.97988115   4.06958153  -0.13051335
  -3.57230449   4.83853527  11.63973255  15.80838788  12.65917157
   9.18074168  10.20464564   7.17886536   0.37015531  -3.05904744
  -0.53383986   7.00715255  10.89247231   8.9191939    4.75631976
  -1.40637981   0.53458559  -3.56303523  -5.3549654   -2.63895566
  -4.64991075  -5.51717065  -7.77332217  -8.97664826 -12.76509505
 -13.29123595 -15.31758475 -19.07797559 -16.36166246 -12.34180847
 -10.70821389 -12.99803312  -8.29898728  -8.41162781  -8.73740145
   0.18917075   2.72793115   3.04403247   5.84043973   5.99026083
  -3.05110719  -4.16080752  -1.78911488   1.03642628   1.89726579
   1.42141379  -3.53921832 -11.11828278 -13.70565312  -8.53049748
  -3.68484601   0.83514012  -0.9908212  -10.27237765 -12.77117182
 -10.87054909  -2.49747597  -1.5752905   -5.3719391   -8.0597986
  -9.24401508 -14.24452888  -8.80548269  -8.58208001 -11.50216917
  -6.40494027  -2.07420516  -2.60189642   0.22371745  -1.86728411
   3.98557558  10.28447298   7.78542031   4.33581454   2.10508239
  -1.27696587  -9.77643105  -6.95995774  -2.52739737  -7.64621588
  -8.58325675  -6.76899253  -3.78577161  -3.21857948  -8.09724506
 -10.11073403  -2.79553437  -3.10102224  -3.38857582  -8.85757481
 -14.46219348 -16.96857103 -12.14945271 -17.80607274 -14.41779726
 -14.23080744 -18.5910102  -14.35171366 -10.78530293 -11.32985595
 -15.13129046 -22.9653691  -29.25746691 -28.052271   -29.9845777
 -30.84477206 -28.06088909 -18.63643681  -5.53894005  -2.70499719
  -6.89729682  -4.0896914   -0.39291178  -1.4106659   -7.79022165
  -5.76306577  -9.60807304 -15.66598199 -18.57913276 -12.20661485
  -4.426757    -4.19555832  -8.26358893 -10.94535849  -5.4139839
  -2.43041133],[ -0.60426024  -3.20607017  -2.95156107 -10.7687022  -12.32316477
 -11.24915342  -9.98864953  -7.3376584  -10.39012409 -11.30535279
 -13.72648665 -18.01230296 -15.154478   -15.06555199 -11.02351721
 -12.96552193  -1.99865895  -1.36097447  -2.94777574  -2.77206834
  -2.24886861  -4.26412116  -3.31690148  -0.37626353   3.34942811
   0.77273946  -5.63373119 -11.15272569 -12.34555602 -11.72919751
  -8.83344445  -9.44059348  -7.65906941  -8.29579858  -6.77408266
 -12.07141333 -10.40105149  -7.01555524  -9.17910959 -19.48685794
 -22.38172416 -15.32724165 -15.39325713 -14.98314843 -11.49537536
 -10.28301338 -11.00573058  -2.10684058   0.16689934  -1.79352866
  -0.58146647  -2.74360805 -10.73020189  -7.63772534  -7.95064318
  -4.63250166  -6.50015766  -7.635151    -7.30424572  -7.03134798
 -11.97055496  -8.94070372  -4.36435225  -7.30693802 -10.06611432
  -7.13094651  -3.03617136  -3.01295107  -3.37863893   3.71528681
   5.50139384   9.07069652  14.27470065  13.86555328  13.5228806
  15.87592846  18.32167669  18.4243885   13.85116162   7.83462738
   8.953824    10.10553818   6.74653143   3.74919156  -6.52551985
 -13.78929733  -7.1105796    0.9341682   -1.98983143  -3.24123146
  -6.9055346  -11.76912024 -15.64740704 -14.05309824  -6.4999222
  -0.27509619   0.9103684    0.86252374  -4.89732059  -3.5647036
  -0.17290243  -0.66610855   2.20758698   0.71412975   0.45980992
  -3.70557509 -11.59958129 -18.99941433 -19.46060299 -13.67000401
  -9.85394986  -8.62161856  -2.67044633  -2.91156779  -3.26611438
  -2.18143403  -4.84180171  -3.74460316  -2.44871692  -2.17817634
  -6.35848949  -4.9999144    0.81636721   8.86075452  11.07117047
  18.61404942  13.94766656  10.8734532    4.63182117   2.93299944
   2.61004788  -0.0743042   -5.02536291  -5.47803099  -6.17649529
   0.39019683   8.25477064   7.96791522   5.75561838  -0.79521379
  -1.41485004   6.78688782   6.00723587  11.02918187  12.6109489
   6.57646052  10.18871963  15.18016752  18.5037344   23.42934649
  26.30030135  25.13056711  21.63883996  19.50426622  14.46180428
   3.13637739  -3.57748405   0.72100743   6.98808511  11.7487291
  16.58672998  13.12774119   5.6911868   -1.29680823  -1.65394971
   0.04197114  -0.71933605  -6.98163088 -14.09827602 -16.69924319
 -11.56742397 -10.71850973 -13.32103838  -8.71156981  -5.31511407
 -14.1779507  -16.37451929 -14.28160774 -12.01030821  -6.68766367
   1.27759295   4.40159172   4.70488657   2.45922497  -1.14617147
   4.62389349   7.49321671  -1.72969197  -5.52862246  -6.17892815
  -9.15508127 -10.78761689  -9.09575079  -5.79489148  -9.08005895
 -12.43145833 -11.15993236  -5.12275963  -7.11241274 -11.0995264
  -6.45254762 -10.01324349 -10.10242989 -10.21353924 -17.67732143
 -14.17597769  -9.54268284 -17.0208553  -21.48021301 -19.2189654
 -18.10702428 -25.77822192 -27.48945332 -23.60944032 -26.73455755
 -22.07305793 -17.10681812 -20.13666848 -19.49896259 -16.94435265
 -22.19004155 -17.32097788 -14.51220823  -7.93007329  -7.53330463
  -9.22976301 -10.55237507 -12.22725546 -15.90797775 -13.45048122
 -10.96406409 -13.80895673 -14.53904906  -9.44608964  -4.73559689
  -2.77449577  -4.47414464  -1.57510839  10.48319384  13.37443537
   9.76886949   8.29193551   3.07983216 -12.71371672 -22.22395476
 -23.78881448 -24.81687277 -26.40015188 -28.74144621 -24.34125718
 -17.88020146 -11.84177064 -13.75222269 -12.79347276  -5.55391088
  -1.6436509  -10.13639314 -13.05118161 -15.93702555 -10.93804532
  -7.80516231],[  0.52057576  -0.96372381  -3.34127364  -6.24488566  -5.68198047
  -4.29837988  -6.10488047  -5.93092788  -5.33505348  -5.97155801
  -6.05585879  -3.41297587   2.81601075   1.03439086   4.66017327
  -0.59043258   1.31072379  -3.98520987  -8.76677388 -25.29004171
 -36.14482447 -33.94297151 -27.45331274 -29.74207515 -28.38509722
 -30.3756231  -29.01606882 -24.90550925 -18.19751428 -14.37823578
  -8.96235659 -13.39934656  -9.64356038  -3.03440114  -1.91408622
  -7.85197549  -1.94583263   4.96081517   3.99796107  -2.41097806
  -5.81987607  -2.81960472  -5.40065707  -9.08926081  -4.54545576
  -4.49714777  -7.00091795  -6.33369827  -1.20134046   5.80126839
   2.25450386  -4.08897037  -7.97682201  -1.60267545  -2.56793597
 -10.20428692 -10.55126078  -5.5093067   -6.33687842 -11.35958448
 -17.64654269 -15.27662295 -11.38615698 -11.73705426 -11.16610254
  -8.67117572   0.30746876  -0.82341913 -11.04977589 -17.05650809
 -17.77003548 -11.37397171  -7.02794925  -4.44969952  -0.4447465
   5.97167167   5.53962959  -4.37873249 -12.25869409 -15.04029311
 -10.03022074  -9.90774019 -13.6116013  -26.51680968 -28.10595683
 -26.48257605 -26.49379681 -22.53639437 -23.4568046  -17.82166721
 -13.36215759 -10.50010944 -12.73128403 -14.00845645  -5.97741932
  -4.03746079  -6.83072055  -2.65663518  -1.46448447  -6.31327615
  -3.35179925  -4.06261173 -11.22615335  -8.32915897  -7.72034423
 -13.09468552 -16.43793013 -14.62974423 -16.09570658 -18.85529372
 -20.63775059 -23.1856066  -18.35654001 -15.89277145 -16.67915317
 -18.13744307 -17.2884493  -20.63876765 -26.67230907 -23.0936654
 -19.20134937 -14.41423502 -10.29863738  -3.81423159  -4.60299171
   2.82047708   2.54865531  -2.88948459  -5.429615    -9.66037181
 -13.15327022 -14.25179586 -11.40030693 -10.39258879 -16.32645007
 -17.69454775 -13.40683892 -11.11075615 -15.52297347 -19.67086569
 -13.63926136  -9.06051722 -11.98453887  -6.20954387  -9.88922796
 -14.57729518  -8.56723897  -7.05035699  -7.42823594  -7.80521296
  -3.10676347  -1.51947036  -5.12467446  -2.38574396  -6.22732037
 -20.65491337 -26.80722603 -15.36339762  -9.92136599  -4.87126695
  -2.79267656  -3.61028595  -6.4955485  -10.89382282 -11.3069949
 -12.01902938 -17.49566061 -24.73548146 -26.11274011 -21.98260104
 -14.0502824  -12.51673535 -10.10268369  -8.16814993   0.89720052
  -2.68630823  -3.94355757  -8.45813152  -9.39135445  -6.44919276
  -7.65503317  -9.75626187  -7.62417812 -10.78753614 -14.41372472
  -9.4202883   -2.73754237  -6.92316119  -0.233903     3.12051271
  -3.34683771  -5.52011582 -10.36198718 -10.57295998 -14.27794783
 -17.72168743 -14.76879338  -4.59106939  -5.97809821  -5.5661646
  -1.39260744  -6.36883607  -6.60796441  -7.6872545   -8.9723434
  -0.30495243  -3.16717089 -13.96506664 -15.1596101   -8.25347502
  -7.99948652 -14.58539547 -15.04382638 -12.49206441 -14.1543759
  -8.76258366  -2.86184166  -7.15478014  -8.81437536  -7.07432687
  -9.28539979 -12.52049949  -4.63863606   4.0496911    1.10664799
  -1.14678209  -4.41563424  -8.18772961  -5.53868137  -2.39689335
   2.43423654   5.80580159  -4.07745974 -14.72291062 -14.78686649
 -20.06889796 -17.78160944 -10.48758987 -10.8409196  -16.85417463
 -18.22923752 -16.19341577 -20.15419516 -27.00149513 -26.97742417
 -18.98832197 -14.18209714 -15.39637579 -17.48473896 -11.9930675
  -7.16985343  -0.13960335  -8.15308711  -9.29665158  -4.24206114
  -7.41646712 -17.46736406 -14.32934654 -14.26837338  -7.20141386
  -5.09501413],[  0.03376932   3.30489079   4.11063664  -2.71725169   0.94557071
  -1.95966659  -5.79593798  -4.65879657  -5.83935655  -5.04246795
   3.74756041  11.01894496  14.33445906   8.20554021   0.76345166
  -2.73005924 -11.42975968  -6.90391816   3.07126782   4.42653597
   2.82765247   2.75458398   8.33984791   8.90568243  11.46608724
   7.44612771   7.08157714   6.18519323   7.36077249   6.35691748
  11.23220311   8.69659249  10.61646469   9.14674753   0.60024944
  -1.53475652   5.17136657  10.38163638   8.93875841   3.76120221
   2.92728879  -0.72390764  -9.46912044 -11.2017128    0.42810263
  -2.34339933  -3.28482883  -0.39366226   3.62180569   3.92312043
  -4.62423397 -10.59739068  -7.35542567   0.08867102  -1.03594937
  -3.03425061  -2.28587952   3.10209699  11.74929726  11.7054833
   9.20747193   5.82376033   3.82640345  -1.20431538  -5.06804728
  -6.01411822  -4.72365858  -7.03881572  -5.19985186  -1.48762029
  -3.75309986  -7.43325497  -2.88307056   2.19346837   2.76464493
  -0.76335264  -2.12440494 -11.89970481 -18.09762606 -15.10653928
  -1.45015153   3.49571288  -2.23653932  -7.89778474  -7.61373489
  -6.35083212   1.91746775  13.20552512  10.29530765  -2.35650999
  -8.65139606  -7.83085029 -11.65591692 -13.48797707 -13.00550467
 -14.49191963 -17.11345155 -11.83083089  -5.01023458  -9.47378397
 -10.305036   -10.31091724 -11.5636553  -13.39142012 -11.42651393
 -11.36986556 -10.68790185  -5.68897054  -1.77623366  -2.0038774
  -1.23236185  -7.37543385  -7.07378169  -2.26849546  -2.68377922
  -7.58286417 -10.55155486  -8.76528704  -0.53941018   2.86026868
  -1.6415974   -3.40012714  -6.33845275  -9.79760097  -8.73575394
   0.05691368   1.52023715   4.27571461   6.61000557   0.3602628
  -3.76494827  -5.01554348  -5.68009164  -4.35671127  -5.6912596
   1.20946158   1.7921472   -1.91842378  -0.63026891  -9.05465108
  -7.73009967   7.93300393   6.23371397  -3.69888766  -5.97177698
  -0.4891869    2.88352641   2.59126216  -4.11013821 -11.91568    -11.01820164
  -9.42572153 -11.58979832  -8.02900308  -7.51189761  -9.68090134
  -2.8693695    5.47571548   4.64363385   8.28750711   7.37460703
  12.42927493   6.77340399  -2.93880656  -9.37890889  -9.90709769
 -10.39905002 -14.09235045 -18.20326042 -13.52214803  -9.26593525
  -8.66800265 -13.69388474 -23.27775766 -20.15447852 -23.19975233
 -25.18597866 -29.49226174 -32.58983356 -25.55946421 -19.51080573
 -17.21963394 -17.51728469 -20.09645609 -13.36395507 -17.15622143
 -17.54059638 -13.11892666  -6.6807629   -3.81555738  -3.00069275
   4.57088416   0.3115621    0.76580102  -3.19802016  -7.06532862
  -8.84060377  -2.88131668  -8.2007362   -5.33337602  -2.26761616
  -8.48878201 -11.78373537 -15.75925701  -8.77165769  -6.13816498
 -10.12372737 -11.73481772  -7.09075271  -2.97385387  -4.78543336
 -10.44425962  -3.79556406  -3.2539507  -12.00684596 -17.39181463
 -15.48604123  -8.29266842  -9.99523429 -10.92235043  -9.31754767
 -14.68560946  -9.61245687  -9.85222246 -10.07031992 -10.01813496
 -14.10157329 -16.35729704 -12.34769869  -7.40432579  -6.25678305
   0.41032732  -3.3882825  -12.34654247 -15.33904779 -14.40936985
 -11.67245601 -14.08544323 -16.05305691 -10.61674671  -4.0764099
  -4.67468459 -13.92129275 -10.50874779  -8.96277267 -12.7798261
  -6.13699948  -3.8645392   -9.78478487 -12.44047585 -10.95118311
  -5.37323813  -7.48143318  -4.36328375  -4.5606177  -10.30808562
 -13.83399475 -14.99416593 -16.53004593  -4.94827072   0.88851325],[ -0.95407883  -0.3519325   -1.0518424  -10.69646266 -14.12805248
 -16.44901002 -18.68165816 -11.96009082 -11.1633333   -8.7266096
  -1.46413233   0.62074536   0.90150129  -5.04407721 -14.16040382
 -10.40043591 -14.48393449  -9.19324508 -11.08508054 -12.12746327
 -14.66176386 -12.629534    -4.91884394  -6.38818789  -4.87665457
  -5.96783409  -5.88978239  -8.73875194  -9.09284075 -11.01071467
 -10.92154143  -7.3960431   -4.22153184  -0.84442074   2.93038838
   5.34081563   9.10012201   9.31246168   1.48310791  -4.02857654
   2.49024578  -1.65546806  -6.73083229  -6.20319965   0.24238915
  -4.55667522  -9.79789806  -5.8237367   -1.77450442  -7.98306592
 -11.00017224 -10.87316972 -10.51782815 -11.93506569  -8.99302157
  -7.19713616  -6.29120579 -12.39420848 -21.0537957  -26.78166147
 -28.36079266 -26.7758619  -23.56656542 -21.37702796 -17.08279104
  -7.06410886  -6.54709269 -11.51699248 -13.27621975 -12.97510766
 -14.58085977 -17.58182204 -14.30550318  -8.10020176  -7.96237167
  -7.38411522  -5.60561485 -10.99557114  -8.39368301  -2.93601401
  -1.6122489   -1.41466207  -6.74766266  -8.72955939 -16.08908653
 -17.237081    -5.14158063  -2.7725627   -6.9285938  -11.10617743
 -11.14549764  -7.05438874  -6.38566956  -6.38919749  -6.87794687
  -8.19731557  -7.50924806  -0.77869703  -0.66219224  -2.34560812
   1.42732864   2.34630312   7.39444464   8.3807245    8.07383961
   3.92652335  -1.31496418 -10.17676441 -11.57929354  -8.48647425
  -5.68794714  -0.49020214  -3.71468917  -3.34174224  -3.60892212
  -3.97817968  -6.44168321  -3.95432956   0.66347312  -0.3795831
  -2.36856375  -1.45947062  -1.81668326  -4.38904477   0.66920646
   2.19863734  -1.47347039  -1.79607671  -7.91513955 -15.43404599
 -18.73969811 -10.75920971 -10.15842929  -6.4991258   -5.7639322
  -6.16012537  -7.17334439 -15.31597041 -14.96295948 -16.33963721
 -15.31753667  -8.84126578  -9.01184478 -10.15045114 -12.16780475
  -9.85442149  -5.85459443  -3.7121487   -7.44146218 -14.98770147
 -11.98658584 -16.04236381 -19.21434956  -8.67510253  -2.16341554
   0.81833752   6.2960246    6.72213782   3.84684321   6.35909346
   0.23045728  -1.72655401  -1.01653137  -3.97297706  -7.47577751
  -5.03084841  -6.29064898 -11.21864769  -6.78689748   0.21574179
  -4.88625155  -9.723718   -13.37408225 -20.2942261  -17.55598454
 -15.49688182 -14.79823805 -17.81757182 -15.25267635 -11.35684352
 -13.73391754 -11.89605843 -11.17306435 -16.159149   -14.60874478
 -19.98547347 -17.82096534  -9.36992203  -9.12864551 -10.17833108
 -11.78820971 -14.60988115 -20.56274841 -16.12063148 -18.51369048
 -22.31230137 -20.10418501 -12.89339415 -12.37398434 -14.16917602
 -10.03126327  -1.10805948   1.40268668  -0.24455058   4.50442834
   1.85755293  -0.27567402   1.56117149   4.85939756   3.39785945
   1.5012016    0.48557558   5.10418902   7.19554892   2.75282791
  -0.91711279  -6.7385094   -7.49309873 -11.71720431 -13.12011718
  -5.4020153   -5.81117484  -0.04815853  -5.00819058  -2.72134938
  -7.23517179 -10.4219845   -8.43495398  -6.07457952  -2.88211765
  -1.26495143   1.40939849   2.12110133  -7.19266849 -11.72953005
  -9.18464838 -15.60565744 -18.46065511 -16.80212808  -9.84871815
 -12.31059936  -8.69039343 -12.22823625 -14.30132575 -14.27013692
 -15.35389051 -13.48884641 -10.33409946 -13.95500021 -16.5272253
 -13.85645607  -8.87180782  -5.71428501   4.42929561  10.15293345
   3.8504305   -3.69700843  -9.91658476 -12.00896849  -3.95506441
   0.13054808],[ -0.79497651  -0.40065233  -1.36669219  -2.10649355  -3.36311189
  -5.00903657  -9.35102429 -10.2863732   -7.04877455  -4.04587406
  -7.00268545 -12.72652101  -9.65975742  -8.22533101 -16.1039968
 -15.49496247 -17.22477878 -11.6228098  -14.73762798 -20.84425457
 -25.89759389 -25.36697974 -22.77675955 -27.99484662 -27.90477122
 -19.99691926  -9.39813674  -3.84836307  -3.05842833  -8.6526972
  -9.6317117   -3.86100688  -4.91521403  -4.2294271    0.51813039
   0.66748846   1.90525858   0.19292629  -6.66190103 -10.86210977
  -9.2078364   -6.20894441  -1.38097388  -0.91600065  -0.36244293
  -2.91402759  -5.8698151   -8.17011133  -7.3674645   -7.76126833
  -7.86712353  -4.56111458  -4.78807482 -12.54446878  -7.24322009
  -4.91884914  -2.89609011  -9.11346137 -18.15375453 -23.38345008
 -22.98079345 -20.15352575 -19.90928998 -21.25660364 -20.12142578
 -12.97331962 -13.81464693 -20.36500692 -22.35455651 -17.40349857
 -12.97956417 -11.26118143 -11.5741051  -13.1118605  -13.48074345
  -8.6031049   -1.78022535   3.50529247   7.16509476  12.41393275
   8.11273595   2.58730888   0.85034826  -8.55655903 -22.46482911
 -21.64587923 -13.00372052 -14.84367536 -15.74785868 -20.5405694
 -21.46999002 -24.85634505 -22.49084851 -22.18504113 -22.49346103
 -21.7645273  -19.61682692 -12.07339777 -13.48122008 -13.03158129
  -5.91479086  -3.10239019  -8.46125216  -6.79284807 -11.67024591
 -18.88539304 -17.41862577 -17.6583118  -21.47534088 -20.83080681
 -18.07528864 -12.38356081 -15.43330517 -18.23301807 -17.57406739
 -17.03381681 -16.17658798 -11.62577134 -13.70071091 -10.69050553
  -2.94809642   1.90406145   2.31882815  -2.91486934  -1.1155063
   0.57040464  -0.76243398  -3.81095838 -10.44059477 -11.3197779
 -11.94467286  -9.729719    -7.75640252  -0.7561398   -3.04020893
 -10.90475043 -10.20534335 -12.63504821 -16.27974288 -19.08159063
 -20.87723498 -21.4138047  -20.74293727 -18.64173149 -18.73044387
 -11.11651529  -2.81644988   3.92463842   4.00402195  -3.17372799
  -0.9382901   -6.45336377  -9.21190396   2.91150853   9.36264723
  14.42348144  15.84991344  11.30100923   5.72792857   4.13791421
   1.12708381   0.3989874    2.48814929   2.03110845  -4.09155242
  -4.8590404  -12.53645095 -24.08710776 -20.68553745 -12.88916881
 -10.80834157 -10.29758642  -8.83053987 -13.8306392  -13.29613067
  -8.30348645   0.43774421   2.91595657   4.68527017   0.13055804
  -5.28651461  -3.60001881  -1.48171199  -6.36280494  -9.7055348
 -13.57684866 -10.69965445  -4.45412484  -9.60710487 -12.20178862
 -10.98155638  -9.86771443 -15.1201245  -14.52627865 -13.00901362
 -14.08678587 -14.38289635  -9.71040244  -7.24416114 -10.57311359
 -10.93453485  -5.97203669  -3.6288771   -3.84540098  -5.20600063
  -3.53776224  -8.07092795 -10.9656604   -9.85005844 -10.27257803
 -13.04028446 -14.81970331 -17.86507797 -18.69370155 -15.8291659
  -9.96082387  -8.76102456 -12.2915703  -11.66961426 -10.59278407
  -2.976399    -0.6765149    3.09412787  -4.96726177  -6.01932918
  -9.67592992 -13.93241882  -9.52468577 -11.20502503 -11.18453835
  -9.02281238 -10.12197915 -14.65400041 -17.44811455 -18.71754947
 -14.5348065  -10.78169922  -8.06337136  -9.57453887  -6.84902805
 -13.91188831 -16.26140864 -15.8127323  -11.66237779 -14.92292578
 -24.3021819  -22.84175886 -15.6405195  -11.32448788 -11.5107058
 -16.24026388 -13.27741848 -17.18328196 -20.13501126  -9.89628148
  -7.02456175  -5.66811681  -5.81157013  -5.24884288   5.62440896
   8.90711929],[  0.10304468  -0.17998886  -0.82419636   2.29551225  -0.62388663
  -3.5457557  -11.01425176 -17.19723747 -14.0472143   -3.95979613
  -3.45914274  -2.92549159  -4.71669279  -3.6545913  -10.51359038
 -10.53622249  -7.53000962  -5.00575559  -1.17917462   2.30669707
   2.72626524  -4.29140525 -10.64562964 -10.35980607  -5.34868704
   0.45659268   6.51207045   6.24693892   1.84433123  -4.93449957
  -5.74440766   1.20494022  -2.25331199  -8.67867675 -12.02885821
 -10.41116507  -9.45845584 -11.4202874  -12.18008174 -12.97659971
 -14.28434758 -14.34586672 -11.47409986  -9.97153693 -12.78631354
 -10.18429578  -7.96505645 -12.07194699 -15.3447079  -15.84420298
 -16.34160814 -13.53057203 -11.2023596  -12.06148783 -13.16310946
 -11.97050694  -6.08083841   1.91602059   7.89028464  10.14742192
   9.21042424  11.44996348   7.56333689   0.2685027   -0.79687027
   5.84480814   4.75721788  -0.76386668   0.80259579   7.89113855
   8.4090558   -0.13541507  -5.34481611  -9.49305624  -7.6838531
  -4.33249147  -5.14980404  -2.46475334  -0.98430192   1.36532593
   2.90861205   5.77772825   4.88049072   1.08378283   4.38721598
   5.91525046  11.46841352  12.51882266   7.81432509  -5.22981138
  -8.47867084 -12.00560091 -15.04105049 -17.11753701 -15.31442536
 -11.80884454  -9.31031037  -2.3698304   -7.10160257 -10.42926792
  -6.33520776  -4.81771147  -8.83143513  -6.95118989  -5.51869679
 -10.26306897 -10.17247767 -11.63810679 -17.45349194 -17.09145399
 -15.29114012 -10.86934177 -12.10116135  -6.71494421  -2.17513582
  -3.44463169  -6.66919837  -3.98797277  -2.02836667  -2.12951473
  -0.14512955   0.54549653  -6.53671194 -13.03560467 -11.6361515
  -6.6025523   -4.91223651 -10.56808339  -7.53754671  -1.84989835
  -0.8495621   -9.81631952 -14.61479369 -11.76253418  -9.94785694
  -3.41560379   1.42080202   7.59733684   8.04332379  11.20558052
  16.69624727  20.57267202  17.55206139   2.60751295  -1.68476489
  -2.65840521  -2.56870771   1.96116249   1.49107811  -1.03732892
   1.20603098  -1.90921866   2.10671088   4.12890957  -4.16080551
  -9.68443909 -15.18949866 -17.04623859 -16.72420618 -11.50588315
  -7.54959786  -4.47660182  -2.44272575   0.60440963  -2.3145721
  -3.40560988   6.77069341   4.88371849   2.00023728  -0.21726367
  -3.34616944  -4.31728604 -10.13060631 -13.74117324 -16.41065167
 -14.78364154  -9.48926044  -3.4463523   -5.24768033  -8.72801407
  -9.93477294  -9.16104919 -11.39827691 -12.95405864  -8.75484077
  -8.52017903  -6.09098461  -1.57284229 -10.21437632 -13.93322255
  -8.95378806  -4.32306402  -3.09660958  -3.46725659  -1.8985954
  -0.07625729  -4.08396802  -3.53455047  -7.22576216  -7.83792323
  -9.06081913 -13.71403597 -17.80098343 -16.5290619  -15.81947087
 -13.39476366 -13.31311768 -13.37642906 -10.75669194  -7.09865666
  -9.90825151 -10.17972765  -7.77676788  -9.73973794 -15.46867497
 -14.22375471  -8.17909979  -7.64972114  -2.52773137   0.25488277
  -1.30655095   1.08542544   1.3415923   -6.34852268  -6.96495086
  -5.80316209  -5.48211033  -6.03031139  -9.63083207 -10.05335971
  -5.0189999   -4.25654631  -6.09627304  -2.06982461  -2.03142586
   1.33031586  -1.13340189  -0.41724175  -2.36777585  -7.12496307
  -7.35774703 -10.11783576 -17.37970649 -18.78923875 -11.76752321
  -5.64662866  -3.33063869  -0.23209508  -8.65327728 -18.46335341
 -24.97790793 -17.64013088  -9.78341429 -16.78547787 -18.77804072
 -15.67033012 -12.24183924 -11.68162971  -3.99295651  14.7506156
  23.97477233]