[-741.27082422 -741.27082422 -741.27082422 -691.21096142 -622.16453339
 -601.55174142 -609.03031377 -628.38759978 -643.89653523 -654.81225714
 -663.18898805 -667.88322612 -678.58424833 -673.418847   -670.67939099
 -679.40738106 -686.56557232 -689.27110452 -690.27964969 -691.08701796
 -692.26597567 -697.22243937 -702.47952588 -696.21150224 -698.22258404
 -702.4514165  -700.37154268 -698.44643145 -701.32675551 -702.79506186
 -701.84018497 -702.04681526 -701.82826488 -703.06402515 -700.23857886
 -697.92206958 -700.9346417  -697.92729109 -697.55753931 -700.53090107
 -697.71789391 -699.56909173 -700.20553337 -698.55013075 -694.98969152
 -691.60713509 -689.74948247 -691.51043614 -626.04075762 -578.92212221
 -578.19553424 -554.60553344 -509.75827811 -467.05918216 -451.54070983
 -455.33860237 -461.84138897 -472.92175578 -480.45773064 -487.98728595
 -509.4273059  -527.76400155 -550.87294368 -585.18452287 -616.96224216
 -642.94041953 -658.97854768 -668.54440012 -671.57132287 -674.68365464
 -678.34632755 -686.12936999 -687.82564938 -663.80526041 -620.7360965
 -578.53360992 -536.6291029  -482.43383371 -451.16893644 -437.06325922
 -426.86832932 -424.00720492 -426.65270438 -430.17135973 -428.88378311
 -445.47364004 -463.58639262 -431.90399927 -407.49337636 -404.19550319
 -396.12126836 -401.5881009  -426.98980491 -475.5956453  -526.33345555
 -559.70718548 -571.69585664 -550.78678898 -526.17002644 -460.8532622
 -406.79341341 -357.61515619 -337.27741836 -332.49414572 -335.83544659
 -344.1930753  -342.94795583 -337.57865445 -354.76840567 -368.47716054
 -382.15475914 -388.59042197 -412.21093889 -440.99339628 -472.75987928
 -498.46253066 -535.76400926 -565.85505557 -575.06198255 -571.1433255
 -547.25543732 -434.30048142 -399.05648953 -417.58094096 -436.72334156
 -455.2571522  -473.76438423 -507.50530556 -554.48840317 -588.64456607
 -608.34031167 -613.52085986 -619.21440581 -620.93276971 -627.52044103
 -597.67975351 -530.0566094  -491.75010517 -467.96083038 -451.90685555
 -451.00656896 -457.27441973 -451.45494939 -444.14893391 -445.89917572
 -434.84460646 -432.95067157 -432.82221056 -429.75490713 -435.85577461
 -453.04476733 -467.27698343 -484.1383078  -485.37154902 -483.95382482
 -498.93296135 -516.04701038 -529.12623884 -539.91678941 -535.5504321
 -528.04232274 -527.683142   -536.67248293 -550.37528189 -560.54977377
 -577.51420204 -597.32458685 -614.38369506 -629.55718246 -618.95413745
 -603.09621472 -525.09273266 -415.20994943 -378.96705973 -388.46073438
 -415.49777264 -433.95544017 -442.02962667 -443.5379791  -452.58040144
 -467.00263413 -464.44275432 -450.79194436 -456.33402052 -460.35977874
 -446.06914425 -427.28172501 -419.39225937 -408.13694959 -398.73968336
 -391.45593022 -397.89115083 -398.62938307 -403.31361537 -401.70214934
 -405.20499653 -408.34817328 -410.24386154 -420.04836004 -433.86894646
 -451.92039549 -480.83478493 -527.53462114 -564.25518671 -591.54508045
 -604.02332778 -614.79532711 -618.40246179 -628.55521124 -643.71418312
 -655.22676254 -663.86438326 -664.60637961 -665.29571171 -671.69574459
 -670.06316932 -665.03747564 -652.92462855 -629.48429227 -608.52262643
 -598.19363866 -595.30701084 -595.30494943 -588.17553425 -578.98636247
 -574.40326031 -569.8399206  -567.73183719 -565.67191302 -562.42883517
 -560.74142002 -558.45274359 -564.40020834 -564.58313564 -566.04095536
 -569.83752305 -572.59264171 -577.72749994 -581.49362242 -582.88269897
 -587.27019065 -594.71640421 -605.34710447 -607.61749354 -612.73835785
 -619.60073887 -625.07245529 -629.07314513 -630.4584043  -631.53041595
 -641.5214894  -646.92646176 -653.15622177 -649.91546892 -646.94592157
 -651.15777944 -652.35855656 -660.68473787 -667.36440156 -669.07376158
 -675.03271253],[ -4.97379915e-14  -4.97379915e-14  -4.97379915e-14   5.76329363e+01
   1.11512378e+02   1.20099402e+02   1.15466013e+02   1.07916800e+02
   1.01504822e+02   9.52482953e+01   8.64328030e+01   8.15472702e+01
   7.06963799e+01   7.92560656e+01   8.43856191e+01   7.62032641e+01
   6.64284988e+01   6.30813026e+01   6.21337752e+01   6.18638759e+01
   6.16183452e+01   5.58690604e+01   4.94328991e+01   5.73325203e+01
   5.39746270e+01   4.99548657e+01   5.16698000e+01   5.36768091e+01
   5.06699675e+01   4.97871606e+01   5.06426838e+01   5.06038334e+01
   5.15632669e+01   4.97931471e+01   5.41823762e+01   5.75429375e+01
   5.28299434e+01   5.45294549e+01   5.58960403e+01   5.28492783e+01
   5.61781966e+01   5.36958251e+01   5.21743522e+01   5.35488245e+01
   5.80093089e+01   6.24155597e+01   6.24160788e+01   5.86401419e+01
   9.55666894e+01   1.22438081e+02   1.17703765e+02   1.03856703e+02
   1.06538442e+02   1.12533715e+02   1.09247690e+02   1.03411163e+02
   9.43386438e+01   7.98086495e+01   7.57005126e+01   8.27206877e+01
   8.47449685e+01   8.53621606e+01   9.29727340e+01   9.62721038e+01
   9.26536196e+01   8.96105427e+01   8.27738197e+01   7.81730870e+01
   7.67149436e+01   7.48945687e+01   7.06695460e+01   6.57346058e+01
   6.33118279e+01   8.64035625e+01   1.26559515e+02   1.42652173e+02
   1.55511296e+02   1.64947769e+02   1.63332315e+02   1.45481633e+02
   1.36455928e+02   1.26848272e+02   1.18582763e+02   1.13270213e+02
   1.26748482e+02   1.37659688e+02   1.34722488e+02   1.32661418e+02
   1.19670885e+02   1.06854585e+02   1.21255031e+02   1.42170775e+02
   1.60660637e+02   1.64185624e+02   1.52951788e+02   1.48513912e+02
   1.33066901e+02   1.00171124e+02   8.47530602e+01   7.69686704e+01
   7.33643663e+01   1.08728517e+02   1.44139080e+02   1.50597523e+02
   1.53407681e+02   1.57319684e+02   1.59144536e+02   1.59503878e+02
   1.51079072e+02   1.28113397e+02   9.14749704e+01   5.83571176e+01
   2.61830548e+01   1.08457512e+01  -4.03179620e+00  -1.61079276e+01
  -1.97032336e+01   3.06827275e+00   3.69885845e+01   5.88118473e+01
   6.58243546e+01   7.77917274e+01   9.05374847e+01   1.04160077e+02
   1.20192180e+02   1.28094704e+02   1.45743812e+02   1.53279791e+02
   1.44515950e+02   1.26287160e+02   1.12806296e+02   1.00501430e+02
   8.53622148e+01   8.01327678e+01   7.89940606e+01   8.90892889e+01
   1.06213227e+02   1.30573931e+02   1.63229343e+02   1.75899496e+02
   1.74922206e+02   1.71298003e+02   1.79631550e+02   1.89221811e+02
   1.88729328e+02   1.94012145e+02   1.96453654e+02   1.94859513e+02
   1.93011274e+02   1.85190169e+02   1.75497940e+02   1.75794146e+02
   1.78842375e+02   1.73677165e+02   1.62122058e+02   1.43715798e+02
   1.15930304e+02   1.01987023e+02   1.09957013e+02   1.34979184e+02
   1.59460014e+02   1.58109400e+02   1.58456324e+02   1.58111410e+02
   1.54986957e+02   1.47670040e+02   1.39729262e+02   1.32104782e+02
   1.22119379e+02   1.08913775e+02   9.15086339e+01   1.04067258e+02
   1.32244884e+02   1.48485453e+02   1.62711236e+02   1.59855987e+02
   1.49215935e+02   1.42363924e+02   1.48949318e+02   1.51661202e+02
   1.48958690e+02   1.54182553e+02   1.70137461e+02   1.68124484e+02
   1.60846069e+02   1.57441159e+02   1.65147444e+02   1.59396099e+02
   1.64290975e+02   1.61363363e+02   1.61059812e+02   1.53666227e+02
   1.51068574e+02   1.45208616e+02   1.52619728e+02   1.58931691e+02
   1.71423293e+02   1.85927454e+02   1.96443246e+02   1.94956790e+02
   1.88977690e+02   1.76233392e+02   1.51810673e+02   1.36905433e+02
   1.24749175e+02   1.24253456e+02   1.22422085e+02   1.21463930e+02
   1.16465137e+02   1.04714078e+02   9.71296752e+01   8.96751851e+01
   8.50579314e+01   8.54210021e+01   8.12152110e+01   7.78026786e+01
   7.84046104e+01   7.94440411e+01   8.64644041e+01   1.00842185e+02
   1.02998124e+02   9.65241103e+01   9.13296844e+01   9.72536046e+01
   1.00156888e+02   9.89763139e+01   1.00866465e+02   1.04731441e+02
   9.77690606e+01   9.62906821e+01   9.70131510e+01   9.70926574e+01
   9.19397253e+01   9.31597888e+01   9.28116857e+01   8.62386543e+01
   8.83597700e+01   8.61377949e+01   8.77244584e+01   8.97977965e+01
   8.96481005e+01   8.71672687e+01   7.94064663e+01   8.10739494e+01
   8.37349356e+01   8.41168576e+01   8.38303201e+01   8.42764013e+01
   8.60859237e+01   8.79239318e+01   7.70478873e+01   7.30337056e+01
   7.56846386e+01   8.13387154e+01   8.56191329e+01   8.47501257e+01
   8.23473916e+01   7.43481925e+01   7.43638324e+01   7.65016585e+01
   7.23020261e+01],[  8.70414851e-14   8.70414851e-14   8.70414851e-14   3.13125946e+01
   2.74613379e+01   2.10316508e+01   1.92012589e+01   2.90660366e+01
   3.77748250e+01   4.41870220e+01   4.15404665e+01   3.83002467e+01
   3.63208753e+01   4.44058838e+01   4.95436955e+01   5.00009180e+01
   4.17183040e+01   3.98057284e+01   3.96511998e+01   4.08834917e+01
   4.35379338e+01   4.04563870e+01   3.66578598e+01   4.20799397e+01
   3.77631284e+01   3.79053491e+01   3.70893652e+01   3.78865140e+01
   3.74803818e+01   3.89170649e+01   3.85344782e+01   3.90397422e+01
   4.14958739e+01   3.96160892e+01   4.39987617e+01   4.76105147e+01
   4.21554875e+01   3.82347845e+01   4.16008648e+01   4.12443963e+01
   4.26657468e+01   4.10391273e+01   3.87731132e+01   3.88194593e+01
   4.21915157e+01   4.64283210e+01   4.37534524e+01   4.01943699e+01
   5.88789532e+00  -3.57479200e+00   5.89559495e-01  -3.20069215e+01
  -6.09865066e+01  -7.41606119e+01  -7.68678873e+01  -6.30951072e+01
  -4.92116120e+01  -5.44607875e+01  -5.60589445e+01  -4.76145017e+01
  -4.20231119e+01  -3.85820485e+01  -2.96379600e+01  -1.09324545e+01
   3.62802103e+00   2.32099968e+01   3.05020039e+01   3.80712681e+01
   4.18623778e+01   4.48391509e+01   4.28178114e+01   4.63151238e+01
   4.30622911e+01   5.31301215e+01   6.54860817e+01   4.64975847e+01
   2.07768015e+01  -1.00505266e+01  -3.45215464e+01  -6.38715214e+01
  -6.91559355e+01  -7.18367005e+01  -6.80819982e+01  -5.88229604e+01
  -4.49301773e+01  -2.43984027e+01  -3.51985811e+00  -9.46955874e+00
  -2.34564504e+01  -3.25345950e+01  -3.82015849e+01  -3.17130830e+01
  -1.14759955e+01   1.66432488e+01   3.94824543e+01   5.32093934e+01
   5.10405653e+01   3.45050443e+01   2.14203149e+01   7.34270105e+00
  -6.17436968e+00  -2.96023705e+01  -6.23254779e+01  -8.43585231e+01
  -9.10023047e+01  -8.50488826e+01  -6.68502956e+01  -5.31821534e+01
  -3.23336491e+01  -2.49390134e+01  -2.21412491e+01  -1.12819916e+01
   1.42964153e+00   1.30903387e+01   2.02838886e+01   2.59734779e+01
   3.46638051e+01   2.93704633e+01   1.74263803e+01   1.13299566e+01
  -1.19790135e+01  -5.22743884e+01  -4.27301778e+01  -2.36587354e+01
  -3.96114383e+01  -4.61977031e+01  -2.60825525e+01   5.47260355e+00
   3.44002079e+01   4.20908029e+01   4.03679483e+01   3.04064358e+01
   2.86312706e+01   2.47035875e+01   2.04609667e+01   1.07981018e+01
  -7.10766935e+00   7.94285083e-01  -5.36139617e-01  -1.35681628e+01
  -1.62369123e+01  -2.07930816e+01  -2.21322249e+01  -1.82288543e+01
  -1.82067898e+01  -2.54187519e+01  -2.34671713e+01  -1.91824824e+01
  -2.13890415e+01  -2.70511573e+01  -2.38665948e+01  -2.62779740e+01
  -2.35116705e+01  -9.94974383e+00   8.83427016e+00   2.47364901e+01
   3.41833116e+01   3.35285197e+01   3.56432699e+01   2.81179775e+01
   2.48140388e+01   1.72167113e+01   2.35187531e+01   2.92442424e+01
   3.33821240e+01   4.22258351e+01   5.50858331e+01   6.22205039e+01
   6.19155254e+01   4.77095462e+01   2.73680031e+01  -1.72754292e+01
  -5.57219783e+01  -4.98683313e+01  -3.00680045e+01  -2.12455644e+01
  -2.80478212e+01  -3.32916048e+01  -3.85966093e+01  -4.02176530e+01
  -4.10687677e+01  -3.77132556e+01  -3.43567262e+01  -3.52934168e+01
  -4.25316797e+01  -4.74298409e+01  -4.78251522e+01  -5.74023207e+01
  -6.29455771e+01  -6.86221862e+01  -6.70818471e+01  -6.24784902e+01
  -6.03075369e+01  -6.36887553e+01  -6.11447746e+01  -6.11396720e+01
  -5.59183710e+01  -3.88062627e+01  -2.09830879e+01  -1.94131686e+01
  -1.97455628e+01  -1.45711346e+01  -6.22127431e+00   5.20301562e+00
   1.43271146e+01   2.44250550e+01   3.03082526e+01   3.44774169e+01
   4.04817740e+01   4.16562584e+01   4.79471494e+01   4.85700726e+01
   3.96407713e+01   4.16975191e+01   4.60024129e+01   3.92592607e+01
   3.14567286e+01   1.78473391e+01  -2.34733618e+00  -6.14880240e+00
  -9.86757510e+00  -1.89818913e+01  -2.87580427e+01  -2.43350941e+01
  -2.64179735e+01  -3.27160803e+01  -3.41900295e+01  -2.96794091e+01
  -3.43676999e+01  -3.76741770e+01  -3.85384249e+01  -3.85707178e+01
  -4.12260076e+01  -4.02071009e+01  -3.94855887e+01  -4.38760173e+01
  -3.84605439e+01  -3.85136659e+01  -3.60954262e+01  -3.40051063e+01
  -3.15362338e+01  -2.76810994e+01  -3.20945588e+01  -2.89459408e+01
  -2.07069126e+01  -1.50873301e+01  -9.15182550e+00  -3.06063083e+00
   1.33551832e+00   5.22234961e+00  -6.32129571e-01   9.47692663e-01
   1.30523934e+01   1.70791312e+01   2.01843621e+01   2.49064230e+01
   2.07064688e+01   1.92965988e+01   2.86075032e+01   3.49311790e+01
   3.64939713e+01],[ -5.32907052e-15  -5.32907052e-15  -5.32907052e-15   1.29564473e+01
   9.98495105e-01   7.62449841e-01  -1.97542923e+00   3.69033382e+00
   5.18066876e+00   1.11466830e+01   1.38111813e+01   1.08957559e+01
   1.50192040e+01   1.72746719e+01   1.86606865e+01   2.48541607e+01
   1.95222568e+01   1.93059312e+01   1.95665847e+01   2.13743852e+01
   2.56964384e+01   2.45956120e+01   2.40631223e+01   2.64996707e+01
   2.19746337e+01   2.50269577e+01   2.25744667e+01   2.31694595e+01
   2.53661134e+01   2.77183372e+01   2.64034869e+01   2.74550954e+01
   3.11708374e+01   2.85090760e+01   3.09140248e+01   3.48007702e+01
   2.95408502e+01   2.12939775e+01   2.62306714e+01   2.79333424e+01
   2.73705379e+01   2.78391004e+01   2.62024096e+01   2.58576695e+01
   2.83812495e+01   3.23554996e+01   3.02877364e+01   2.95028574e+01
   1.78491900e+00   2.56632175e+00   1.41044336e+01   1.04349368e+01
   5.68346073e+00   1.14694750e+01   1.83951861e+01   3.53149062e+01
   4.75938896e+01   4.79072845e+01   4.85120732e+01   4.57943540e+01
   3.88931499e+01   3.43763444e+01   2.66324687e+01   1.99329248e+01
   1.47008735e+01   1.46691408e+01   1.33185696e+01   1.95930242e+01
   2.41916898e+01   2.94477925e+01   2.98031658e+01   3.54437713e+01
   3.27196427e+01   3.77799674e+01   4.15550552e+01   4.08775159e+01
   3.44432940e+01   2.22429137e+01   1.14264246e+01   6.55406529e+00
   1.83061813e+01   2.54556782e+01   2.97246624e+01   3.07050166e+01
   1.86497870e+01   1.43034095e+01   3.20734447e+01   3.13201125e+01
   2.89170094e+01   3.20317825e+01   2.38670891e+01   1.13144314e+01
   6.83895926e+00   1.47686995e+01   3.26377267e+01   4.08357921e+01
   4.48983147e+01   4.77553708e+01   4.89672739e+01   5.66223806e+01
   5.88126530e+01   4.07816298e+01   2.10211506e+01   1.52486532e+01
   1.32419771e+01   4.38581736e+00   1.61665117e+00   3.25409623e+00
   1.20755535e+01   2.85791878e+01   4.82770653e+01   6.11500762e+01
   7.36222511e+01   6.93347697e+01   6.18885678e+01   6.77498074e+01
   8.00253258e+01   6.84803004e+01   5.03498165e+01   4.23095234e+01
   4.39095563e+01   5.68982915e+01   7.48674614e+01   8.54598805e+01
   6.30421941e+01   3.89873260e+01   2.21771155e+01   2.32494361e+01
   3.78471399e+01   4.72822893e+01   4.28279494e+01   3.57836265e+01
   4.57246180e+01   4.86707188e+01   3.81268562e+01   3.12326658e+01
   2.93258950e+01   3.58978891e+01   3.12549709e+01   2.28188865e+01
   2.19642652e+01   2.05860664e+01   2.16746405e+01   2.27730800e+01
   2.46430894e+01   2.04226995e+01   1.21285500e+01   1.29855672e+01
   6.28232114e+00  -2.55615283e-01   1.81802357e+00  -7.96716316e+00
  -1.32459158e+01   2.02943477e-01   1.05149469e+01   2.32464898e+01
   3.21904197e+01   2.32012332e+01   1.39725474e+01  -6.94567328e+00
  -2.00716436e+01  -2.48442888e+01  -1.82479006e+01  -1.42592785e+01
  -1.84477601e+01  -8.52056440e+00   1.19661354e+01   2.64158173e+01
   2.86157305e+01   3.35805153e+01   2.97057411e+01  -2.38425119e-01
  -1.37689426e+01  -2.70688221e+00  -5.54180781e+00  -1.20859975e+01
  -1.98635545e+01  -2.87548918e+01  -3.34339887e+01  -3.27511276e+01
  -2.89358078e+01  -2.94042190e+01  -3.43865140e+01  -3.77808264e+01
  -4.23158437e+01  -4.39883724e+01  -4.33662509e+01  -4.35323560e+01
  -4.22303027e+01  -3.73926119e+01  -3.22071591e+01  -3.03211129e+01
  -2.81607444e+01  -2.29265312e+01  -2.18431660e+01  -2.24905527e+01
  -2.56287094e+01  -2.30569726e+01  -1.66589002e+01  -7.59435052e+00
  -3.14053146e+00  -3.58821443e+00  -7.00505999e+00  -1.20865803e+01
  -7.43746121e+00  -7.69827411e+00  -1.24958536e+01  -8.95005371e+00
  -2.65164195e+00   1.32307895e+00   1.01099540e+01   1.51660781e+01
   1.00700290e+01   1.20827364e+01   1.95549875e+01   2.29087068e+01
   1.63455904e+01   1.76738887e+01   1.12231219e+01   1.10231039e+01
   2.06335852e+01   2.21462460e+01   1.42081008e+01   1.53998103e+01
   1.95109902e+01   1.79627047e+01   1.46940036e+01   1.38143056e+01
   1.57575360e+01   1.71213855e+01   1.92092038e+01   2.16702135e+01
   1.78021331e+01   1.70812017e+01   1.79291733e+01   1.75620063e+01
   2.20470012e+01   1.89812016e+01   2.02261803e+01   1.93897546e+01
   1.98076198e+01   2.04701147e+01   1.45344372e+01   1.32670909e+01
   1.36668994e+01   1.41800394e+01   1.73129632e+01   1.90777555e+01
   1.84738270e+01   1.94504102e+01   1.64453873e+01   1.81287467e+01
   1.93704970e+01   1.71180500e+01   1.79905803e+01   2.08311655e+01
   1.66382425e+01   1.77802279e+01   1.95721965e+01   2.12982238e+01
   2.30998596e+01],[  1.59872116e-14   1.59872116e-14   1.59872116e-14   6.73981209e+00
   3.21840968e+00   1.20905293e-02  -3.07797713e-01   3.38124618e+00
   1.68857372e+00   1.12203487e+00   6.44270886e+00   6.33747439e+00
   1.04199967e+01   7.02935742e+00   5.97345827e+00   1.16212369e+01
   9.61658124e+00   9.99250097e+00   1.07202238e+01   1.24843251e+01
   1.58222120e+01   1.51943041e+01   1.72789107e+01   1.71748293e+01
   1.38571215e+01   1.67004243e+01   1.44186293e+01   1.57796953e+01
   1.90854613e+01   1.98048230e+01   1.92630125e+01   2.10392060e+01
   2.47862262e+01   1.99082086e+01   1.89009319e+01   2.26590439e+01
   1.91044507e+01   1.08514529e+01   1.54296306e+01   1.69010751e+01
   1.62129181e+01   1.92877994e+01   1.91989788e+01   1.85084347e+01
   1.97259888e+01   2.20488014e+01   1.99008088e+01   1.93415628e+01
   1.91835944e+01   1.97151077e+01   2.09535956e+01   1.73021259e+01
   1.04918617e+01  -3.61628561e+00  -1.07391054e+01  -4.41506506e+00
  -4.70015295e+00  -6.90073643e+00  -3.63664504e+00  -3.42272293e+00
  -1.29148907e+00   6.88239610e+00   1.49186267e+01   1.77337527e+01
   1.81302039e+01   2.20057280e+01   1.66426010e+01   1.43288413e+01
   1.49312259e+01   1.93837730e+01   2.05181850e+01   2.53387958e+01
   2.75511118e+01   2.55546731e+01   1.84847397e+01   2.13360779e+01
   3.65855280e+01   4.16347313e+01   3.80296747e+01   3.24745246e+01
   2.96313931e+01   2.56518790e+01   2.17548395e+01   1.18186333e+01
  -7.81650074e+00  -1.38076803e+01  -9.77068994e+00  -2.86681273e+01
  -3.82713395e+01  -3.08461159e+01  -2.30915228e+01  -2.22954439e+01
  -1.74372032e+01  -1.01845918e+01  -3.79134108e+00   1.04889236e+01
   1.65390820e+01   1.00433917e+01   2.09719261e+00  -2.11723233e+01
  -3.33506341e+01  -2.60339492e+01  -7.21291825e+00  -2.79234287e+00
  -9.08232631e+00  -1.26277244e+01  -1.69826195e+01  -2.34357570e+01
  -2.98204787e+01  -3.34442032e+01  -3.62498421e+01  -5.25828276e+01
  -5.37395258e+01  -5.42692573e+01  -5.18886120e+01  -5.41419223e+01
  -4.73549619e+01  -2.58291822e+01  -1.16275439e+01  -8.67694487e+00
  -1.25933173e+01  -3.12649411e+01  -2.97684407e+01  -4.97354940e+00
   2.18338708e+01   2.66236663e+01   1.28619738e+01   4.38321772e+00
   8.64576925e+00   2.01724503e+01   2.07453814e+01   1.81152062e+01
   2.14285263e+01   1.81389206e+01   1.98703802e+01   1.52156989e+01
   2.20263322e-01  -5.85768120e+00   7.79700001e+00   1.69123246e+01
   1.60280887e+01   1.80710844e+01   1.73625030e+01   2.00112851e+01
   1.95911067e+01   2.31992846e+01   2.36975148e+01   2.37636192e+01
   1.36640958e+01   1.27242665e+01   1.97054091e+01   2.00025092e+01
   2.16658468e+01   1.16394431e+01  -3.98552384e+00  -1.53533434e+00
   9.30764227e+00   1.38265136e+01   1.50934178e+01   1.18402226e+01
  -5.93029728e-01  -6.20613946e+00  -6.80781226e+00  -7.54337806e+00
  -1.78485122e+01  -1.38111830e+01  -2.09686329e+00   1.21672388e+01
   1.58047520e+01   2.18670533e+01   1.89209141e+01   3.85740112e+00
  -1.09171651e+01  -8.87557584e+00  -1.39603731e+01  -1.95446994e+01
  -2.29640053e+01  -2.97546577e+01  -3.53898637e+01  -3.42025373e+01
  -2.39551766e+01  -2.57191287e+01  -3.40611115e+01  -3.04032184e+01
  -2.32298972e+01  -3.61372632e+01  -4.60675373e+01  -5.02633693e+01
  -4.80546800e+01  -4.92875763e+01  -5.00952889e+01  -4.94898993e+01
  -5.08244519e+01  -4.73289884e+01  -4.07567735e+01  -3.32080785e+01
  -3.35079932e+01  -3.43818772e+01  -3.31321824e+01  -1.60537502e+01
  -5.93879394e+00  -7.63779681e+00  -7.50303186e+00  -1.53762302e+01
  -1.59265689e+01  -1.79010743e+01  -2.19747687e+01  -1.97557324e+01
  -1.36689466e+01  -9.93313571e+00  -7.14892311e+00  -3.99693413e-01
   3.96313596e+00   5.69524972e+00   9.55715208e+00   1.96488894e+01
   1.67218092e+01   2.84235022e+01   3.21960737e+01   3.73111480e+01
   4.56576492e+01   4.90483263e+01   4.39735496e+01   4.02560621e+01
   4.17844382e+01   4.03664898e+01   3.66660078e+01   3.41768829e+01
   3.44229203e+01   3.37300792e+01   3.37608884e+01   2.99204612e+01
   2.79529663e+01   3.00117510e+01   3.45911079e+01   3.49899795e+01
   3.81577417e+01   3.86699624e+01   4.57985620e+01   4.56283210e+01
   4.39689678e+01   4.60284786e+01   4.51355848e+01   4.41123457e+01
   4.23990568e+01   4.16842337e+01   4.38326158e+01   4.36255685e+01
   4.00181868e+01   4.18754150e+01   4.14335861e+01   3.91332787e+01
   3.40799599e+01   2.94508387e+01   3.02979748e+01   3.10237545e+01
   2.96602938e+01   3.02763606e+01   2.44428216e+01   2.17525668e+01
   2.29231149e+01],[ -9.59232693e-14  -9.59232693e-14  -9.59232693e-14   4.27078407e+00
   5.35303065e+00   2.10638150e+00   2.07707247e+00   2.06599308e+00
   7.43974224e+00   4.24449058e+00   8.72959301e+00   1.09279818e+01
   1.11969994e+01   7.70526032e+00   7.78996910e+00   9.70158223e+00
   9.75267074e+00   9.52294772e+00   1.11133268e+01   1.33299433e+01
   1.40375254e+01   1.34677153e+01   1.67341792e+01   1.48294061e+01
   1.36204759e+01   1.43554863e+01   1.28613568e+01   1.43821207e+01
   1.71041195e+01   1.51865593e+01   1.69669469e+01   2.01225592e+01
   2.25045491e+01   1.49551427e+01   1.08090805e+01   1.35674613e+01
   1.24756744e+01   7.96911519e+00   1.08082123e+01   1.09040226e+01
   1.17560060e+01   1.61018590e+01   1.69232890e+01   1.64794628e+01
   1.52226845e+01   1.62200296e+01   1.40374772e+01   1.29786851e+01
   9.77257568e+00   4.48041992e+00   5.41621965e+00   4.02059955e+00
   4.86404357e+00   3.29649046e+00   5.83248535e+00   1.38232904e+01
   1.83734386e+01   1.58365353e+01   1.68263257e+01   1.43623209e+01
   9.98052756e+00   1.72787665e+01   2.12346646e+01   1.70709693e+01
   1.41122627e+01   2.28284919e+01   2.05407032e+01   1.33451850e+01
   1.16296170e+01   1.44494762e+01   1.36125282e+01   1.48991025e+01
   1.94210850e+01   1.13107128e+01  -7.16699341e+00  -1.57389150e+01
  -6.62716100e+00   9.82469323e-01   3.33122789e+00  -3.02366492e+00
  -7.34286682e+00  -7.75144934e+00  -3.60225066e+00   1.03928215e+01
   2.16367278e+01   2.15593443e+01   1.37961626e+01   1.56865206e+01
   1.96082954e+01   2.69350926e+01   2.24200446e+01   1.80710939e+01
   1.27709381e+01   3.59644648e+00  -4.85251348e+00  -1.07263598e+00
   7.77268586e+00   1.95973708e+01   2.25067586e+01   3.47193707e+01
   4.03372584e+01   3.67031195e+01   8.54340423e+00  -7.81286860e+00
  -1.44200295e+01  -1.18371875e+01  -5.00264110e+00  -1.06546112e+01
  -2.20046535e+00   7.86141166e-01   1.26718663e+01   2.26227426e+01
   3.68272767e+01   3.93078788e+01   4.33710839e+01   4.58079624e+01
   4.75571943e+01   4.41371947e+01   2.45091007e+01   1.49604522e+01
   8.34717993e+00   6.43571446e+00   9.22920439e+00   3.12476988e+00
  -3.34228691e+00  -7.40264252e-01   3.53483338e+00  -2.25278831e+00
  -9.25045293e+00  -8.60901145e+00  -3.30385892e+00   3.16958892e-01
   5.38671790e+00   6.19225101e+00   6.69198314e+00   5.95917963e+00
   1.27215137e+00   4.00803102e-01  -3.22750529e+00  -6.14187314e+00
  -1.02777182e+01  -1.17392854e+01  -2.15262220e+01  -2.27080809e+01
  -2.56583600e+01  -2.81669065e+01  -2.36495710e+01  -1.86501821e+01
  -2.59268274e+01  -2.64995403e+01  -2.35648606e+01  -2.25883271e+01
  -1.77213626e+01  -1.25952590e+01  -1.23073670e+01  -1.01085459e+01
  -8.44204594e+00  -1.75705590e+00   7.05674686e+00   9.52216513e+00
   4.49970452e+00   3.01963002e+00   2.22915064e+00   2.42084938e+00
  -4.64882678e+00  -2.27250213e+00   3.76769671e+00   1.00565136e+01
   1.12171861e+01   1.20484752e+01   1.20145047e+01   1.53114058e+01
   3.17500913e+00   4.24771011e+00  -2.71304590e+00  -1.34863976e+01
  -2.33972949e+01  -2.98422649e+01  -4.32454395e+01  -4.60583920e+01
  -4.06904289e+01  -4.06204447e+01  -4.89919732e+01  -4.35232236e+01
  -3.41517968e+01  -3.51293369e+01  -3.46857760e+01  -2.83706572e+01
  -2.17441926e+01  -1.57487653e+01  -1.03751362e+01  -3.40135243e+00
   6.59948006e-01   6.61179565e-01   1.99092829e+00   1.79258160e+00
  -7.10291801e+00  -1.18641687e+01  -2.17342619e+01  -1.97076138e+01
  -2.49013845e+01  -3.01396745e+01  -1.77009010e+01  -1.51061539e+01
  -1.80068964e+01  -1.76280644e+01  -1.69347938e+01  -1.40649867e+01
  -7.30778962e+00  -5.93258662e+00  -6.28329615e+00  -7.47110737e-01
   8.50011695e+00   1.04178234e+01   8.03376594e+00   1.04296939e+01
   6.76050484e+00   5.51692075e+00  -3.28527256e-01   7.40633533e-01
  -3.62224858e-01   3.46876570e+00   1.95821910e-01  -4.11235927e+00
  -5.96962476e+00  -6.77398262e+00  -6.64182393e+00  -2.20141929e+00
   3.90480573e+00   3.30271950e+00  -5.78642988e+00  -1.28251318e+01
  -1.00374236e+01  -7.65030203e+00  -3.23905528e+00  -1.22163735e+00
  -2.94676879e+00  -1.56026679e+00   3.06558665e+00   4.90805544e+00
   3.97346270e+00   4.84384998e+00   3.41529900e+00   6.95389235e+00
   7.56045141e+00   4.85458726e+00   5.39997667e+00   1.00735928e+01
   9.90581738e+00   1.38419278e+01   1.40263550e+01   1.03030313e+01
   1.18068317e+01   1.12472600e+01   1.29972473e+01   1.34216059e+01
   1.33197092e+01   1.49355083e+01   1.08505491e+01   9.66172585e+00
   1.28552846e+01],[  7.81597009e-14   7.81597009e-14   7.81597009e-14   1.42848044e+00
   6.15021584e+00   6.56498112e+00   1.00120282e+01   1.03844059e+01
   1.61736845e+01   1.33066722e+01   1.50144359e+01   1.55529317e+01
   1.28759891e+01   1.13757416e+01   1.18641250e+01   1.19610176e+01
   1.23843110e+01   1.20373449e+01   1.41524857e+01   1.67773218e+01
   1.53935676e+01   1.58734614e+01   1.90820843e+01   1.57968599e+01
   1.63969978e+01   1.57669389e+01   1.39492922e+01   1.40151612e+01
   1.56183341e+01   1.25167774e+01   1.59434818e+01   2.10828137e+01
   2.14832109e+01   1.34993038e+01   7.40776397e+00   8.31687798e+00
   8.98422899e+00   8.76829356e+00   1.06465606e+01   1.06296653e+01
   1.27904966e+01   1.58175137e+01   1.62908721e+01   1.78736514e+01
   1.46164295e+01   1.53102344e+01   1.49288964e+01   1.73922299e+01
   2.60912290e+00  -2.22396202e+00  -9.55899631e-01  -2.68982454e+00
  -1.64959598e+00  -5.31997992e-01  -5.05143379e+00  -8.08211833e+00
  -7.09044962e+00  -8.89799424e+00  -3.48335506e+00   3.76177689e-01
   1.56393880e+00   8.20101339e+00   1.75476556e+01   1.80634644e+01
   2.25410013e+01   1.96246111e+01   2.02878719e+01   1.51181755e+01
   1.26906968e+01   1.36676839e+01   1.11310144e+01   8.87645550e+00
   1.14098654e+01   1.50866816e+00  -1.63537610e+01  -2.08698290e+01
  -2.94408498e+01  -3.41045735e+01  -3.40358773e+01  -3.73033125e+01
  -3.97442542e+01  -4.12755182e+01  -4.66202825e+01  -4.37525855e+01
  -3.63143831e+01  -2.89908206e+01  -2.99370653e+01  -3.32764709e+01
  -4.51000470e+01  -4.84212880e+01  -4.85786011e+01  -4.43341842e+01
  -3.52075914e+01  -3.07400503e+01  -3.43130093e+01  -2.67675877e+01
  -1.86120650e+01  -1.42711897e+01  -1.64379801e+01  -2.29467785e+01
  -3.80113769e+01  -4.13748754e+01  -3.82931447e+01  -4.26731320e+01
  -4.47637388e+01  -4.00617650e+01  -4.53036317e+01  -4.78698351e+01
  -4.28511715e+01  -3.87550868e+01  -3.66464126e+01  -4.04072564e+01
  -3.44539530e+01  -2.61475348e+01  -2.19716232e+01  -1.32338017e+01
  -4.55433111e+00   1.48622443e+00   3.22987009e+00  -3.44176026e+00
  -4.65320840e+00  -1.24249570e+01  -2.08362664e+01  -3.77359937e+01
  -4.81468498e+01  -4.69710875e+01  -3.58011409e+01  -2.18016770e+01
  -1.55490745e+01  -1.39970926e+01  -7.70460960e+00  -7.76190654e+00
  -4.66211963e+00   6.12118207e+00   1.48366266e+00  -1.45126385e+00
  -8.63031935e+00  -1.48148092e+01  -2.79124612e+01  -3.21013723e+01
  -3.72890098e+01  -3.55817692e+01  -3.58616606e+01  -3.94918331e+01
  -3.74075757e+01  -3.76990338e+01  -4.00217721e+01  -3.55799867e+01
  -4.19246243e+01  -4.63009650e+01  -5.05626252e+01  -4.59263950e+01
  -2.92614220e+01  -1.62986757e+01  -1.61540240e+01  -1.29138611e+01
  -1.09799546e+01  -8.80889432e+00  -6.67162747e+00  -3.25851063e+00
  -1.29251610e+01  -1.47303851e+01  -7.57233938e+00  -5.11492632e+00
  -9.65585119e+00  -3.07180008e+00   6.25329301e+00   5.38480202e+00
   5.19438460e+00   5.83655719e+00   7.78063748e+00   4.45688920e+00
  -9.95318207e+00  -1.77315962e+01  -2.73060349e+01  -3.39483975e+01
  -3.48613965e+01  -3.56836548e+01  -3.48324808e+01  -2.43598702e+01
  -7.50906551e+00  -7.99242867e+00  -1.32394991e+01  -1.54841104e+01
  -1.70677253e+01  -2.06882034e+01  -2.16260026e+01  -2.12892156e+01
  -1.47109912e+01  -6.95824909e+00  -5.16391449e+00  -8.11205217e+00
  -1.25899113e+01  -1.56576492e+01  -1.95180852e+01  -2.09389349e+01
  -2.84289068e+01  -3.09784532e+01  -3.79406396e+01  -3.84935352e+01
  -3.99888699e+01  -3.73854351e+01  -2.03933304e+01  -6.54509760e+00
  -1.26013107e+00  -5.05775417e-01  -3.19881576e+00   2.65611516e-01
   6.21619612e+00   5.37345069e+00   6.45116670e+00   7.31080291e+00
   1.23886158e+01   1.39995022e+01   7.95160792e+00   3.34554733e+00
   2.60458306e-01  -6.92186504e+00  -8.36510857e+00  -1.00777156e+01
  -1.00140748e+01  -5.16075439e+00  -8.18505477e+00  -1.41652063e+01
  -1.70093017e+01  -1.50054403e+01  -1.40345758e+01  -8.44312747e+00
  -8.56725586e+00  -7.91801317e+00  -1.40119226e+01  -1.48710927e+01
  -1.17787276e+01  -9.30384786e+00  -7.73102008e+00  -3.73414987e+00
  -8.53131320e+00  -1.20128472e+01  -1.07942747e+01  -7.53760745e+00
  -4.47986806e+00  -6.26470243e+00  -7.86794256e+00  -4.34655168e+00
  -7.47493065e+00  -8.20187676e+00  -7.76407687e+00  -2.14053848e+00
  -2.81528052e-01  -2.10548093e-01  -2.62419722e+00  -3.32175396e+00
  -6.78055810e-02   1.94289752e+00   8.93013020e-01  -6.74786838e-01
  -5.15709084e-01   2.40404574e+00  -1.91328634e+00  -3.08089041e+00
   4.14114733e-01],[ -5.68434189e-14  -5.68434189e-14  -5.68434189e-14  -3.05394849e-01
   8.15090739e+00   1.25713809e+01   1.73531748e+01   1.95615128e+01
   1.84372487e+01   1.68662651e+01   1.64410204e+01   1.66020211e+01
   1.42299972e+01   1.18992815e+01   1.11304593e+01   1.29980021e+01
   1.30368024e+01   1.41272383e+01   1.58549324e+01   1.72041398e+01
   1.56327896e+01   1.80351463e+01   2.07451875e+01   1.62667619e+01
   1.75995145e+01   1.76179466e+01   1.42287122e+01   1.21460476e+01
   1.30201060e+01   1.07690061e+01   1.33886095e+01   2.00793654e+01
   1.89339490e+01   1.40127639e+01   7.51071457e+00   6.45553877e+00
   7.35828589e+00   9.07784735e+00   1.17212711e+01   1.32394873e+01
   1.59272226e+01   1.57918318e+01   1.53355707e+01   1.89960682e+01
   1.57711557e+01   1.49821130e+01   1.55752796e+01   2.22595854e+01
   6.75616183e+00   2.35919651e+00   6.35315181e+00   7.76708373e+00
   9.78857104e+00   8.25327479e+00  -3.22431406e+00  -1.24744987e+01
  -1.08567671e+01  -1.58662233e+01  -1.38595650e+01  -1.15385213e+01
  -1.30985567e+01  -1.26299526e+01  -6.94120060e+00  -5.40246124e+00
   5.19640866e+00   2.18053735e+00   1.05240283e+01   1.30961975e+01
   9.72914681e+00   9.60818005e+00   8.31549811e+00   6.57680768e+00
   9.64962814e+00   7.25204623e-01  -1.50747060e+01  -1.34833343e+01
  -2.14040064e+01  -2.32320183e+01  -2.74475944e+01  -2.33360586e+01
  -1.51183877e+01  -1.00658649e+01  -1.07908078e+01  -1.31378597e+01
  -2.37317346e+01  -2.74437676e+01  -2.01177477e+01  -1.29480697e+01
  -1.48812476e+01  -1.72717489e+01  -1.58445694e+01  -1.64931296e+01
  -1.65046288e+01  -1.94198043e+01  -2.88052156e+01  -2.49176840e+01
  -1.76581835e+01  -4.91475665e+00   2.07964752e+00  -3.66350753e+00
  -4.21116797e+00  -8.06796735e+00  -5.73648515e+00  -9.46160071e+00
  -1.32390352e+01  -7.21235667e+00  -6.62115876e-01   1.23027455e+01
   1.33257139e+01   1.30975740e+01   1.20168405e+01   1.75980888e+01
   1.73558121e+01   2.47694827e+01   2.62240912e+01   2.37239162e+01
   1.28593828e+01   6.57266063e+00   2.59091072e+00   8.10307020e+00
   8.32046939e+00   1.10813332e+01   5.34788030e+00  -5.43817844e+00
  -1.34471461e+01  -1.38819610e+01  -1.63264400e+01  -1.37134078e+01
  -1.29532993e+01  -1.03013939e+01  -6.52396178e+00  -3.98526661e+00
  -4.21507518e-01   2.10079270e+00   1.11223892e+00   2.58771506e+00
  -8.21466823e-01  -1.26903331e+01  -1.79925926e+01  -1.20381074e+01
  -1.50102445e+01  -1.10289975e+01  -9.41227415e+00  -1.03900416e+01
  -1.46431340e+01  -1.37626028e+01  -1.23845400e+01  -7.31486182e+00
  -1.25416819e+01  -1.38039782e+01  -1.51447089e+01  -2.11366727e+01
  -1.84363861e+01  -9.86295569e+00  -6.18079899e+00  -9.36608979e+00
  -1.36079337e+01  -9.09948457e+00  -4.81708953e+00  -1.09679274e+01
  -2.52102557e+01  -2.81093012e+01  -2.47560967e+01  -2.69162289e+01
  -3.50626892e+01  -2.54148727e+01  -1.58710125e+01  -1.47416094e+01
  -7.39028677e+00   2.12904426e+00   1.19837322e+01   8.34830647e+00
   4.86296886e+00  -3.19375405e+00  -9.97833933e+00  -9.04651657e+00
   1.87644715e+00   9.55571675e+00   1.51198125e+01   1.94278883e+01
   2.88840387e+01   2.96913267e+01   3.24845734e+01   3.67698675e+01
   3.79772282e+01   3.10845431e+01   2.46665630e+01   2.13727689e+01
   2.69116549e+01   3.30835079e+01   3.10899923e+01   2.97851488e+01
   2.65709256e+01   1.94788577e+01   1.02279508e+01   9.37044197e+00
   8.18060761e-02  -3.34877695e+00  -5.84148745e+00  -5.02454879e+00
  -8.37389610e+00  -1.30095740e+01  -9.04944453e+00   1.47611597e+00
   5.68796827e+00   4.51175713e+00   1.17218495e+00   7.47507698e+00
   1.05963765e+01   1.32885446e+01   1.61374576e+01   1.40388613e+01
   1.14533869e+01   1.23375937e+01   7.29555032e+00   6.80103512e+00
   8.99987189e+00   1.12423431e+01   1.90501500e+01   1.49124733e+01
   1.14375176e+01   1.22646189e+01   1.17941452e+01   1.54946548e+01
   9.44931268e+00   5.44456219e+00   1.02485969e+01   1.17000353e+01
   8.90935120e+00   9.93608637e+00   1.01199544e+01   1.09849066e+01
   1.11177730e+01   1.29860859e+01   1.35431348e+01   1.77850726e+01
   1.58693244e+01   1.05547424e+01   1.07024093e+01   1.27162027e+01
   1.34274694e+01   1.64380373e+01   1.93805199e+01   1.54810828e+01
   7.10600687e+00   8.31229541e+00   1.31244286e+01   1.46673561e+01
   1.43261956e+01   1.06615813e+01   6.77766780e+00   9.64155053e+00
   1.15596592e+01   1.22440596e+01   6.46182616e+00   5.05544899e+00
   8.22705000e+00   1.00179074e+01   4.26546973e+00  -1.75514581e-01
   9.93870215e-01],[  4.97379915e-14   4.97379915e-14   4.97379915e-14  -6.05966564e-01
   5.09143237e+00   1.21790525e+01   1.72780828e+01   1.53298668e+01
   1.06705895e+01   1.03383313e+01   1.06347585e+01   1.33158139e+01
   1.29523231e+01   8.22647384e+00   7.35445254e+00   1.20569094e+01
   1.18185448e+01   1.47961643e+01   1.58719484e+01   1.43513557e+01
   1.42247893e+01   1.78296187e+01   2.01409470e+01   1.50149432e+01
   1.61797502e+01   1.78193082e+01   1.33542501e+01   1.01980342e+01
   1.02395851e+01   9.35158500e+00   9.58610568e+00   1.60327049e+01
   1.42474483e+01   1.40644857e+01   8.96009387e+00   6.81555339e+00
   7.01297020e+00   7.86211668e+00   1.17163997e+01   1.50629738e+01
   1.78940955e+01   1.50162392e+01   1.42345243e+01   1.81201846e+01
   1.52207808e+01   1.22611901e+01   1.36427472e+01   1.91835501e+01
   8.91508466e+00   3.95917579e+00   1.00847837e+01   1.17170572e+01
   7.32310145e+00   9.71352334e+00   3.32525766e+00  -4.45707214e+00
  -7.90723200e+00  -1.07156148e+01  -9.57597576e+00  -1.06767986e+01
  -1.40712384e+01  -1.34162469e+01  -5.55981520e+00  -7.21063580e+00
  -3.32527460e+00  -4.86492993e+00   1.98338515e+00   1.00443707e+01
   1.00044760e+01   1.23402547e+01   1.29128712e+01   9.64012845e+00
   9.30250610e+00  -2.16891040e+00  -1.49093669e+01  -1.49527638e+01
  -1.88459848e+01  -3.07767080e+01  -4.05266441e+01  -3.92996677e+01
  -3.45528912e+01  -2.94505286e+01  -2.48325000e+01  -1.80701334e+01
  -2.26653842e+01  -2.10245777e+01  -1.23876497e+01  -1.32397693e+01
  -1.71857586e+01  -1.76476130e+01  -1.82468505e+01  -2.05314826e+01
  -1.95812800e+01  -2.24874492e+01  -2.02669655e+01  -1.15715822e+01
  -9.32912899e+00  -1.20549916e+01  -1.01413761e+01  -8.98636188e+00
  -1.38531998e+01  -2.43597556e+01  -3.57879236e+01  -3.43023144e+01
  -2.59283016e+01  -1.78508716e+01  -1.77855260e+01  -2.39559144e+01
  -2.42966246e+01  -2.03038130e+01  -1.07866666e+01  -9.24505244e+00
  -1.69818699e+01  -1.08571640e+01  -5.62836543e+00  -2.06596895e+00
  -7.37866117e+00  -7.06891605e+00  -8.58510460e+00   2.45846371e+00
   1.34061007e+01   1.65434079e+01   6.67561376e+00   1.90043771e+00
  -3.96642653e+00  -5.21573168e+00  -3.79797362e+00  -5.16267672e+00
  -5.08107217e+00  -4.17637127e+00  -2.73599536e+00   2.40475945e+00
   3.53669663e+00   6.42259116e-01   2.07709654e+00   1.82546056e+00
  -4.18085055e+00  -1.68986899e+01  -1.70094551e+01  -1.73912898e+01
  -1.99332073e+01  -1.26269336e+01  -1.03878348e+01  -1.06246043e+01
  -1.60915186e+01  -2.10511491e+01  -2.36743036e+01  -2.83781309e+01
  -3.51546640e+01  -3.57655257e+01  -3.43713169e+01  -4.16084637e+01
  -4.32637066e+01  -3.92641322e+01  -2.77634672e+01  -1.41626135e+01
  -1.23200354e+01  -1.65468653e+01  -2.28569656e+01  -3.10638340e+01
  -4.38025736e+01  -5.40990550e+01  -5.60086595e+01  -5.92891369e+01
  -6.84069229e+01  -5.58177728e+01  -3.92504778e+01  -2.50644017e+01
  -1.08137924e+01  -1.21210105e+01  -1.27650107e+01  -2.37306344e+01
  -4.93396230e+01  -5.58564094e+01  -5.41596478e+01  -5.61076191e+01
  -4.46897446e+01  -3.86149466e+01  -3.65946406e+01  -3.50595051e+01
  -3.04271565e+01  -2.24320391e+01  -1.57563853e+01  -9.15952029e+00
  -3.95158071e+00  -1.15709542e+01  -1.86977738e+01  -1.34813277e+01
  -7.26138430e+00  -5.62694298e+00  -5.65685096e+00  -4.22171740e+00
   1.04987986e+00   6.92582713e+00   5.48745534e+00   7.45799289e+00
   3.67940419e+00  -9.00880910e-01  -6.80996482e+00  -1.50347513e+00
  -2.41334794e-01  -5.41138180e+00  -6.38240788e+00  -3.48381785e-01
   7.39354939e-01   5.28637815e-01   2.10605532e+00   1.12947581e+01
   8.92931842e+00   1.37692069e+01   1.60613735e+01   1.52134418e+01
   9.62107470e+00   1.01699046e+01   6.51074943e+00   1.00728668e+01
   1.73610296e+01   2.13201677e+01   2.06103650e+01   1.38563190e+01
   3.06599886e+00  -4.46793252e+00  -2.98517477e+00   1.12355549e+01
   8.11180462e+00  -1.15563961e+00   3.70439216e+00   1.59856231e+00
  -8.45402736e-01   5.97216515e+00   8.69683415e+00   4.75677402e+00
  -4.27089218e-02  -1.64429086e+00   3.75462621e-01   4.43547599e-01
   3.67355835e+00   2.39856291e+00   3.69999151e+00   5.88754752e+00
   7.86833540e+00   1.47062957e+01   1.78542639e+01   1.16317275e+01
   8.18185394e+00   8.21212717e+00   1.12238375e+01   1.10448995e+01
   1.08302805e+01   8.05848417e+00   5.19231017e+00   8.37924686e+00
   1.34055266e+01   1.42359374e+01   6.67063416e+00   6.23860295e+00
   1.05307906e+01   1.24419814e+01   1.19235715e+01   7.30682453e+00
   7.08781387e+00],[  0.           0.           0.          -0.64255414   1.63505957
   6.46031843  11.76003351   7.7204451    4.18031719   2.92199868
   7.53728587  10.61909352  11.65387139   6.37573395   5.05190272
  10.49055404  10.37775659  14.03804518  15.0825943   11.27183477
  12.9839645   15.76988093  17.6712749   13.0277551   13.70009193
  16.15918306  12.87375402  10.39452759   8.71522516   8.2558471
   6.71172207  10.64680685   8.83292906  12.52947265   9.8363044
   7.9304489    7.87383415   6.73384181  10.60058914  14.97935815
  17.24495996  13.9438276   14.21624071  17.18910945  13.2556313
   9.50853363  12.65032551  13.83285996   9.42289664   1.47928989
   4.59049705  11.01244501   6.78204332   2.38838014  -2.37551365
  -5.09907704  -8.11841105  -4.56588486   1.66018308   4.52118963
   5.13296446   4.61767935   6.3533968    2.18534108   4.81786199
   4.16897874   0.85269733   6.11925335  11.17517023  17.77497457
  19.49159737  13.21022864   6.96952612  -5.1897545  -11.8316196
  -7.55755343  -8.98185322 -13.09395993  -6.87191105  -5.21798083
 -11.04683908 -21.10024836 -24.07834832 -29.62456164 -41.32171264
 -35.19744585 -27.03474119 -25.68375816 -23.75043432 -19.14476356
 -19.82073661 -21.63532644 -16.6542013  -24.63950491 -20.59742502
  -9.21487656  -9.97433927  -1.22440459   3.03143383  -2.1937692
  -7.01925872  -6.13772701  -1.49160434  -0.86305255  -6.40754413
 -10.49926343 -11.08184053 -10.97676395  -9.18126003  -2.21744219
   6.94391818   7.85821726   5.45428463   5.48749549  11.3783672
   8.5937552    4.87932075   5.12604918   8.0305486    7.56580021
   9.12772657  -6.27546064 -17.75570311 -18.55768672 -24.1325771
 -28.40519936 -23.94092416 -19.93034861 -18.10014687 -11.57661964
  -6.18192524   1.90884498   5.29005133  -0.7398117    0.54087088
   0.38638226  -6.21287613 -15.19843123 -12.74250493 -11.26730109
  -9.66962999  -4.44806498  -5.144004    -4.77713406  -5.13926003
  -5.87097806  -5.11319052  -5.73465601   0.28940577   5.59334326
   6.1965572    1.6675472   -4.96228643 -10.08265306  -8.38628109
   3.19583656   3.99928946   3.25635386   0.96583779   5.11130397
   2.35906657  -2.84579219  -3.01800901  -6.89938003 -16.91759869
 -17.1182467  -14.37821414  -8.13970578  -2.73336345  -4.54892947
   2.47456569  20.21571814  17.77406613  11.46154896   2.4919383
  -4.67129014  -3.53901505  -1.81464196  -4.56469384  -7.87850875
 -10.66686608  -7.29545857  -8.56403101 -11.63166062 -10.0967112
 -16.84160163 -22.90007649 -23.52762901 -24.84872044 -27.06287618
 -26.77081474 -23.77382477 -20.71343868 -12.27459191  -6.55680755
  -1.99812753  -4.44982828  -2.5051775   -6.90169865  -7.90974823
   0.32271972   4.99504163   8.21606709  10.08250166   5.9031679
   7.44898403  12.51116581  17.13977808  13.97666928  15.05670476
  13.3922566   13.70045552  10.7841411   11.96679587   6.77983987
   5.68060628  13.43915804  11.46264693   5.19229495   2.19389813
  -2.76595401 -10.45332017 -10.21971706   5.13705595  11.62374964
   5.02057334   6.27637052   1.67332604  -4.74643843   3.57095577
  11.28429313   6.60722894  -2.5037682   -1.07674963   3.80185505
  -1.19863085   2.98524066   8.57840939   5.39398153   3.87691316
   6.30305361  15.19534882  18.38930215  12.55745887  11.25791908
   7.81151743   4.21512649   2.545912     7.70323694   6.8329478
   5.69353044   6.16233019  10.74025579  13.55745208   6.79745511
   0.93049981   1.35829933   6.83232149  10.87936621   8.65716198
   6.7843471 ],[  3.90798505e-14   3.90798505e-14   3.90798505e-14  -1.16773660e+00
   7.39633536e+00   1.25571531e+01   1.34417806e+01   1.06856060e+01
   5.16005921e+00   1.34193075e+00   8.66085250e+00   1.11192737e+01
   1.31371923e+01   9.46332567e+00   5.66943614e+00   9.13075136e+00
   9.94573516e+00   1.29623947e+01   1.43963643e+01   1.02637247e+01
   1.31384265e+01   1.35023057e+01   1.45996310e+01   1.16177524e+01
   1.16838335e+01   1.36433009e+01   1.35860586e+01   1.27620878e+01
   9.29231207e+00   8.16717785e+00   6.22196010e+00   6.29024897e+00
   4.57435928e+00   1.03739731e+01   9.25189295e+00   8.44759966e+00
   9.43934452e+00   7.07318486e+00   9.36214458e+00   1.32478885e+01
   1.45564214e+01   1.32383864e+01   1.55150859e+01   1.69902589e+01
   1.22680923e+01   8.66960156e+00   1.13528742e+01   1.07096484e+01
   1.09796701e+01   1.55974748e+00   5.32084933e-02   1.26478692e+01
   1.60534795e+01   1.46702037e+01   1.31052081e+01   3.28524589e+00
  -6.50725353e+00  -6.18754880e+00   3.25291313e-02   2.81000083e+00
   1.34132823e+00   2.12184043e+00   2.26509398e+00  -4.10130938e+00
  -4.30792825e+00  -2.30574919e-01  -1.94432300e+00  -9.68178066e-01
   3.60917635e+00   9.95676674e+00   1.31400080e+01   1.06610825e+01
   5.66137163e+00  -3.79809480e-01  -2.84402034e+00  -3.82642146e+00
  -1.17318237e+01  -5.02884039e+00   5.01780709e+00   1.30178100e+01
   2.04269205e+01   1.58905309e+01   1.66729407e+01   9.02576655e+00
  -3.14407618e+00  -4.70293576e+00  -8.23087196e+00  -5.94339012e+00
  -4.33681292e+00  -3.03759227e+00   4.63526152e-01   4.19056884e+00
   2.24982837e+00  -7.70892586e+00  -7.77279911e+00  -4.64654410e+00
  -6.70436606e+00  -2.23854172e+00  -1.00104397e+00  -3.75839355e+00
  -1.07870803e+00   3.15520189e+00   6.83991938e+00   1.17653174e+01
   1.74297782e+01   1.47651162e+01   1.26286148e+01   1.19231187e+01
   9.20386558e+00   5.42715879e+00   5.43963119e+00   1.27077420e+01
   1.55636591e+01   1.25215904e+01   1.33662612e+01   1.06484141e+01
   1.61147537e+01   1.75008154e+01   1.02499791e+01   1.08364899e+01
   1.15753826e+01  -5.00153652e+00  -1.33600478e+01  -1.93874434e+01
  -2.16446568e+01  -2.22389359e+01  -1.84394817e+01  -1.48812085e+01
  -1.67162647e+01  -1.59817177e+01  -8.95665039e+00   5.99702159e-01
   3.13593382e+00   1.04010870e+00   7.33823340e-01  -3.77119069e+00
  -1.49429752e+01  -2.14396491e+01  -1.03927981e+01  -7.02384097e+00
  -4.99589631e+00  -5.47973259e-01  -3.34873416e+00  -3.75638551e+00
  -8.62266339e+00  -1.42363833e+01  -1.80233250e+01  -1.99601270e+01
  -9.57988703e+00  -3.57282343e+00  -5.37426411e+00  -6.58410802e+00
  -7.06815540e+00  -4.80566139e+00  -6.26165376e+00  -4.47893086e+00
  -6.16478785e+00  -1.68221143e+01  -2.22862555e+01  -1.57041297e+01
  -6.33849465e+00  -5.46082064e+00  -4.87948142e+00  -3.44667407e+00
  -8.08702729e+00  -1.08186324e+01  -9.16684067e+00  -5.75134619e+00
  -1.98411408e+00  -3.82846942e+00  -1.64158727e+00   2.51448467e+00
  -5.88925060e+00  -1.23609569e+01  -1.91718022e+01  -2.12878105e+01
  -1.59885654e+01  -1.06876263e+01  -1.16846391e+01  -1.11955460e+01
  -1.29214553e+01  -1.12915205e+01  -1.03151450e+01  -6.29745870e+00
  -7.90128940e+00  -1.38977333e+01  -1.34347451e+01  -1.43876536e+01
  -8.49129704e+00   8.94739493e-01   6.03433274e+00   7.21811815e+00
   1.05802564e+01   1.09524466e+01   1.42924313e+01   2.17729064e+01
   1.49804290e+01   1.63405282e+01   1.74159405e+01   1.61656622e+01
   2.02585707e+01   2.15158507e+01   2.51739486e+01   2.34502427e+01
   2.12039360e+01   2.08064669e+01   2.47079101e+01   2.24220747e+01
   2.14735813e+01   1.86867634e+01   1.33407020e+01   1.28891821e+01
   1.17999481e+01   1.36235309e+01   8.51062660e+00   1.93691789e+00
   5.67359395e+00   3.50211841e+00   2.65874475e+00   3.27045761e+00
   6.52179074e+00   2.75700577e+00   1.59491331e+00   1.28929714e+01
   1.59245833e+01   1.27167192e+01   1.59288116e+01   1.13816548e+01
   1.68960671e+01   2.06110242e+01   2.14224437e+01   1.76926350e+01
   1.29675869e+01   1.25113921e+01   1.18319111e+01   7.44649651e+00
   1.69630113e+01   2.31777329e+01   1.32778173e+01   1.24121574e+01
   1.52413304e+01   2.37721035e+01   2.72326008e+01   2.22635991e+01
   1.83883218e+01   1.28194237e+01   1.01879360e+01   7.66986516e+00
   1.56248923e+01   1.68355153e+01   1.90452305e+01   1.73668072e+01
   1.80270774e+01   1.93480043e+01   1.51087440e+01   5.46126100e+00
   2.82190014e+00   8.52575408e+00   1.09875033e+01   9.42579558e+00
   3.61500435e+00],[  1.24344979e-14   1.24344979e-14   1.24344979e-14  -1.81952447e+00
   4.47966946e+00   8.78064163e+00   1.22815021e+01   1.45770828e+01
   7.95914151e+00   2.02239189e+00   6.01206008e+00   1.04510445e+01
   1.38520112e+01   1.18244516e+01   7.51417374e+00   8.11527114e+00
   1.09581254e+01   1.31896871e+01   1.43798773e+01   1.09113947e+01
   1.40350286e+01   1.21143383e+01   1.19331930e+01   1.11284090e+01
   1.04526354e+01   1.15141830e+01   1.45497297e+01   1.53883839e+01
   1.20196875e+01   9.58282651e+00   7.71527236e+00   4.12317075e+00
   2.50497789e+00   8.61416792e+00   7.43138244e+00   7.60338581e+00
   1.05163812e+01   8.25215922e+00   8.25341472e+00   9.95273304e+00
   1.12575258e+01   1.27547666e+01   1.66293805e+01   1.60734566e+01
   1.17776577e+01   8.48864289e+00   8.94713354e+00   7.48582443e+00
   8.09173589e+00  -4.24993768e+00  -1.16626340e+01  -2.90400441e+00
  -2.39916214e+00  -5.83293417e+00  -1.09269397e+01  -1.94883134e+01
  -2.13535175e+01  -1.47749580e+01  -1.35561313e+01  -1.13132081e+01
  -1.10760539e+01  -7.99427843e+00  -7.92403650e+00  -5.12060886e+00
  -3.79968920e+00  -2.90884973e+00  -5.23328047e-02   1.28162201e+00
   3.30668852e+00   4.40991020e+00   7.87911792e+00   9.60741384e+00
   5.60380392e+00   8.17976860e-01  -3.46787925e+00  -1.85298702e+01
  -3.73901521e+01  -4.78763556e+01  -5.27462538e+01  -5.16859716e+01
  -4.42099715e+01  -4.00105979e+01  -3.38773941e+01  -3.56258858e+01
  -3.78971144e+01  -2.58783101e+01  -2.00998828e+01  -2.78521506e+01
  -3.62037232e+01  -3.99101802e+01  -3.46108626e+01  -2.79759678e+01
  -2.10000120e+01  -1.50973578e+01  -1.41189034e+01  -9.07900123e+00
  -5.25439061e+00  -1.36228821e+00   1.86758260e+00   4.29480982e+00
   3.00835433e+00  -1.01571204e+00  -7.58336853e+00  -4.80072634e+00
   8.49779241e-01   1.75512675e+00   4.07177929e-01  -2.78828062e-01
  -4.45088406e+00  -1.07060806e+01  -1.15269419e+01  -8.63749269e+00
   1.78157979e+00   2.52026983e+00   3.32799299e+00   2.41686427e+00
   2.09002784e+00   4.76901471e+00   6.70359424e+00   5.73969719e+00
   1.39539151e+01   6.71937788e+00  -3.77612564e+00  -1.56346638e+01
  -2.56231270e+01  -3.33118266e+01  -3.01655484e+01  -1.97038858e+01
  -1.16117043e+01  -1.19128737e+01  -5.77792025e+00  -4.49663041e-01
  -2.26500246e+00  -2.35532710e-01   5.00076930e+00   1.37220278e+00
  -6.82053053e+00  -1.78704508e+01  -1.79197605e+01  -1.99783997e+01
  -1.94419063e+01  -1.50879574e+01  -1.80076715e+01  -2.32685870e+01
  -2.68614543e+01  -3.06091690e+01  -3.23256600e+01  -3.89198972e+01
  -3.74366741e+01  -3.39363919e+01  -3.49491202e+01  -3.26323803e+01
  -2.53140720e+01  -1.42410128e+01  -9.81964852e+00  -1.09912900e+00
   4.56621104e+00  -3.59278889e+00  -5.81412171e+00  -6.73069150e+00
  -1.41826071e+01  -1.76301611e+01  -2.10760425e+01  -2.40078923e+01
  -2.29045532e+01  -1.84453056e+01  -8.99284586e+00  -7.82295634e+00
  -5.67836036e+00  -3.96757140e+00  -6.26226564e-01  -1.32052265e+01
  -2.27842041e+01  -1.96247510e+01  -1.92931723e+01  -1.70191911e+01
  -7.34555335e+00   1.07028027e+00  -3.59093327e+00  -9.61404362e-01
   4.99299962e+00   1.04907592e+01   8.95891454e+00   1.20889200e+01
   9.68557900e+00   6.96847660e+00   3.10067238e+00   1.70564178e+00
   6.58965702e+00   8.82546430e+00   1.01668477e+01   4.04136705e+00
  -5.04638428e+00  -1.11804969e+01  -8.24650708e+00  -5.56101234e+00
  -1.50400905e+01  -1.51174652e+01  -1.43882725e+01  -9.78870424e+00
  -3.12574930e+00   1.99615781e+00   1.32792852e+01   1.37064574e+01
   2.12447645e+01   2.32168359e+01   2.78490910e+01   2.64751187e+01
   2.26299803e+01   1.93291652e+01   1.58705113e+01   1.42728747e+01
   1.09868616e+01   1.14436883e+01   1.04834884e+01   5.55946620e+00
   4.94204342e+00   2.83194308e+00  -1.35392455e+00  -2.95368541e+00
   1.72938495e+00  -1.85293564e+00  -3.55852734e+00   3.06324929e+00
  -2.36949950e+00  -1.90516819e+00  -9.71413915e-01   2.84574642e-01
   1.01649324e+01   1.28281741e+01   8.65565088e+00   2.91600395e+00
   2.66390666e+00   3.79213099e-01  -2.37013576e+00  -4.70274713e+00
   3.28570492e+00   6.20954827e+00  -9.97415996e-01   9.25684500e-01
   5.91073312e+00   1.34556211e+01   1.32026424e+01   7.67629202e+00
   5.91027937e+00   4.01944703e+00   5.70526896e+00   9.17668702e+00
   1.08198006e+01   1.21725717e+01   1.84094833e+01   1.78867827e+01
   1.89152572e+01   1.51086055e+01   1.51979349e+01   1.40760529e+01
   1.08204318e+01   1.00762924e+01   1.22399811e+01   1.12910920e+01
   3.05701178e+00],[  9.94759830e-14   9.94759830e-14   9.94759830e-14  -6.92168891e-02
  -2.28993879e+00   1.88814922e+00   5.67072062e+00   8.42917745e+00
   8.20509583e+00   1.55885485e+00   1.73013391e+00   8.52535535e+00
   1.27110524e+01   1.03008592e+01   8.43594999e+00   7.37386022e+00
   1.22907959e+01   1.43268732e+01   1.41955955e+01   1.10433642e+01
   1.40085519e+01   1.13346062e+01   9.79070068e+00   1.08634448e+01
   9.83307927e+00   1.04830857e+01   1.42318862e+01   1.64423540e+01
   1.55897115e+01   1.19003432e+01   9.84059026e+00   3.87579583e+00
   2.45734960e+00   7.06546481e+00   5.22167933e+00   5.53806459e+00
   1.00923791e+01   8.59530622e+00   7.08476452e+00   6.26062710e+00
   8.33665793e+00   1.15899446e+01   1.57436684e+01   1.44523860e+01
   1.04853153e+01   7.29094168e+00   7.26298934e+00   4.23748012e+00
   5.18900207e+00  -3.97522086e+00  -7.81145225e+00   1.16270865e+00
   6.10282450e+00   3.81171488e-01  -4.14473555e-01   2.99704631e+00
   8.52283069e+00   1.68946165e+01   1.39188900e+01   1.32689677e+01
   1.49266686e+01   1.67148324e+01   7.61731576e+00   9.46062521e+00
   1.04349877e+01   7.56453241e+00   7.41312028e+00   1.04912089e+01
   1.27119650e+01   9.82006347e+00   1.14602284e+01   1.14057869e+01
   6.66222509e+00   1.34433636e+00  -7.05806161e+00  -1.64837918e+01
  -2.68215016e+01  -3.25933088e+01  -3.11748947e+01  -3.16847596e+01
  -3.15394820e+01  -3.03472546e+01  -2.36193516e+01  -2.40255831e+01
  -2.31404967e+01  -1.99870145e+01  -1.52740709e+01  -1.65587795e+01
  -1.45640105e+01  -1.28404574e+01  -9.12680503e+00  -3.14739069e+00
   2.15459420e+00  -1.84335558e-01  -3.62068989e+00  -2.71039654e+00
  -8.56958198e-02  -2.65291787e+00  -5.00722432e-01  -8.68135962e+00
  -7.49936597e+00  -3.03251319e+00  -5.26053497e+00  -6.76054589e+00
  -1.04969605e+01  -1.91115896e+01  -2.18885951e+01  -2.38131266e+01
  -2.49383996e+01  -2.62531722e+01  -2.46526770e+01  -1.53221263e+01
  -1.36861033e+00  -4.13882136e+00  -6.92213309e+00  -7.47468721e+00
  -7.92330489e+00  -1.11733934e+01  -4.66461576e+00   4.10870604e+00
   9.20680768e+00  -1.41753239e+00  -8.94977693e+00  -9.62489787e+00
  -1.67146905e+01  -2.44827780e+01  -1.91635833e+01  -1.39144077e+01
  -8.54297824e+00  -7.10040013e+00  -2.94357271e+00   7.34667858e-01
   3.56360868e+00   3.01869585e+00   6.95536785e+00   6.44246616e+00
  -1.29023952e+00  -8.61593717e+00  -4.52115815e+00   2.25301089e+00
   1.09976449e+01   1.74051682e+01   1.47922269e+01   1.27782516e+01
   1.30556777e+01   7.16714470e+00   7.03668491e+00   5.25627032e+00
   3.51897012e+00   7.47826116e+00   3.52194843e+00  -3.81812417e-01
  -4.94775682e+00   3.16133205e+00   4.31369059e+00   5.57379488e+00
   1.62435989e+00  -7.29142662e+00  -1.49681710e+01  -1.90873050e+01
  -1.23694207e+01  -7.33272004e+00  -7.77473567e+00  -1.40614361e+01
  -1.64219367e+01  -1.10827175e+01  -1.49882277e+00  -2.90766356e+00
  -5.08948835e+00  -5.68273509e+00  -5.30778367e+00  -8.55382234e+00
  -1.05669275e+01  -5.89944498e+00  -6.05879897e+00  -5.55405978e+00
  -7.94161659e+00  -4.50013435e+00  -9.74317135e+00  -1.23180624e+01
  -1.23215064e+01  -4.04439915e+00  -3.80924572e+00  -7.71308526e+00
  -1.35036828e+01  -1.43274588e+01  -1.82027115e+01  -1.91889818e+01
  -1.51902058e+01  -1.01508192e+01  -9.62766357e+00  -1.46140345e+01
  -2.36508254e+01  -2.55060977e+01  -2.28313978e+01  -1.71574227e+01
  -1.16705218e+01  -7.24269157e+00  -5.48217284e+00   1.87626509e+00
   9.75746345e+00   1.32101712e+01   2.01121662e+01   1.26647531e+01
   1.06961385e+01   1.34060062e+01   1.88669069e+01   2.21333357e+01
   1.75816014e+01   1.79347518e+01   1.73998613e+01   1.40002720e+01
   9.67563266e+00   8.74252324e+00   9.96516451e+00   1.00042169e+01
   9.36466881e+00   3.72574589e+00  -5.57693916e+00  -7.23689589e+00
  -2.43414821e-01  -1.72796809e-01  -2.44697147e+00   5.12172478e+00
   4.34488836e+00   4.23502586e+00   3.42052321e+00   6.76530183e+00
   7.79421770e+00   1.27685383e+01   9.74534722e+00   7.20835766e+00
   6.88282116e+00   1.22283098e+01   1.18657785e+01   7.15544305e+00
   7.91632158e+00   9.85879934e+00   4.84685815e+00   4.08159467e+00
   8.17842266e+00   1.41203094e+01   1.28399334e+01   4.96995736e+00
   4.46610882e+00   2.89096113e+00   1.52270466e+00   7.17257601e+00
   1.59067083e+00  -5.65058961e-01   6.65149098e+00   8.34265372e+00
   9.74673062e+00   4.47760916e+00   5.82194858e+00   1.31175079e+01
   9.90390024e+00   4.89861570e+00   9.28750083e+00   9.82166111e+00
   3.24434358e+00],[ -5.15143483e-14  -5.15143483e-14  -5.15143483e-14   4.94627096e+00
   1.82578045e+00   3.59579699e+00   2.03866890e+00   5.01880314e+00
   6.91652538e+00   1.49719530e+00   2.11652837e+00   9.81170662e+00
   1.36725424e+01   9.42698655e+00   7.22847748e+00   6.41240967e+00
   1.13311780e+01   1.31540242e+01   1.17456006e+01   9.02931608e+00
   1.19926168e+01   9.95095876e+00   7.55284623e+00   9.78503587e+00
   9.86130875e+00   1.03336228e+01   1.20155442e+01   1.52577013e+01
   1.74656663e+01   1.38560307e+01   1.15969393e+01   4.72163139e+00
   3.45553198e+00   5.62239352e+00   3.44610783e+00   3.15692529e+00
   8.34885031e+00   7.49203479e+00   5.99122662e+00   3.97819411e+00
   6.01613778e+00   9.05367988e+00   1.23444152e+01   1.26652670e+01
   9.41886993e+00   5.71872149e+00   5.93800069e+00   4.12084186e+00
   1.32014304e+01   9.73864481e+00   5.22996470e+00   5.92360018e+00
   8.98250560e+00   4.54070466e+00   8.56898683e+00   1.14530417e+01
   1.45654850e+01   1.46067267e+01   1.01699545e+01   8.27070061e+00
   6.46797535e+00   9.78219093e+00   8.55423016e+00   5.51805519e+00
   2.24416832e+00   2.22915728e+00   2.87679000e+00   7.38480321e+00
   1.05374185e+01   8.95742748e+00   8.39095027e+00   7.63485489e+00
   6.13776016e+00   1.45754245e+00  -2.87310025e+00   2.14623345e+00
   7.87682656e+00   1.65695720e+01   2.25080617e+01   2.19826327e+01
   1.91324554e+01   1.28806017e+01   4.78246431e+00  -9.45229427e-01
  -8.40601773e+00  -3.95451293e+00   2.48345926e-02  -1.17779950e+01
  -1.89740165e+01  -1.87270425e+01  -1.24939358e+01  -8.00422764e+00
  -5.00139398e+00  -4.24270500e+00  -1.11672584e+01  -1.36023736e+01
  -6.09301879e+00  -7.04913176e+00  -4.20337595e+00  -9.95428975e+00
  -7.47340730e+00   1.93520014e-01   4.63239984e+00   2.98001305e+00
  -1.98680015e+00  -2.81214737e+00  -3.06960784e+00  -5.09850719e+00
  -1.21162586e+01  -1.50153515e+01  -1.43481854e+01  -8.27158669e+00
   8.37461135e+00   1.30025111e+01   1.12707436e+01   9.64370301e+00
   1.43033153e+01   6.98916891e+00  -5.98173435e-01   5.86782623e+00
  -9.19561512e-01  -1.79923324e+01  -2.47200171e+01  -1.71610636e+01
  -7.38153721e+00  -9.87049268e+00  -8.56721599e+00  -4.96802034e+00
  -5.22886727e+00  -5.36484066e+00  -2.90402218e+00   2.26769563e+00
   3.71003364e+00   1.82959650e+00   1.90256796e+00   3.03141280e+00
  -1.96924463e+00  -1.37857659e+00   2.80944308e+00   7.64543368e+00
   1.19610807e+01   1.46644815e+01   1.36223640e+01   1.24848568e+01
   1.24848592e+01   7.68356151e+00   1.00124298e+01   9.26090406e+00
   1.01218017e+01   1.46915029e+01   1.06240304e+01   1.02789932e+01
   8.74135035e+00   8.89762843e+00   1.00518948e+01   6.89858259e+00
   6.31325397e+00   8.87397300e+00   7.76681257e+00   2.59877476e+00
   4.01669946e+00   3.46676810e+00   4.01604442e+00  -2.00958620e+00
  -8.73286568e+00  -8.62854254e+00  -6.38978468e+00  -2.46485633e+00
  -4.66754892e+00  -6.42486268e+00  -7.49198993e+00  -3.39699604e+00
  -1.01530122e+01  -1.08058401e+01  -1.36916216e+01  -1.70816706e+01
  -1.70780961e+01  -2.00968358e+01  -2.58794129e+01  -2.42941848e+01
  -1.65499379e+01  -1.12110318e+01  -6.95417088e+00  -6.71669675e+00
  -6.02789350e+00  -9.40283775e+00  -1.56530977e+01  -1.42723550e+01
  -1.20170795e+01  -5.15720138e+00  -1.16498521e+00  -7.17696144e+00
  -1.48191968e+01  -1.68242758e+01  -1.29842638e+01  -9.12346836e+00
  -2.69383495e+00  -5.47973748e-01  -4.28972939e+00   2.79508224e+00
   1.51740356e+01   1.79552513e+01   2.05779074e+01   1.59198071e+01
   1.12387484e+01   6.63486863e+00   5.52193140e+00   1.04959332e+01
   1.11630266e+01   1.56620416e+01   1.16370118e+01   6.71323111e+00
   5.30877362e+00   6.85300770e+00   5.75809132e+00   8.73712709e+00
   1.11917011e+01   6.45415111e+00   5.32546602e+00   6.91169462e+00
   1.34698956e+01   1.82407650e+01   1.34331139e+01   1.46882604e+01
   1.51331939e+01   1.34684350e+01   1.61482098e+01   1.41236789e+01
   1.61626983e+01   2.03704345e+01   1.31017262e+01   1.28339096e+01
   7.52545913e+00   1.82988606e+01   2.22411682e+01   1.44540369e+01
   1.16904319e+01   1.32867390e+01   1.15443010e+01   9.41718016e+00
   1.40762963e+01   1.61731562e+01   1.79519639e+01   1.64306143e+01
   1.84336019e+01   1.57450052e+01   1.29249396e+01   9.41418624e+00
   5.63148254e+00   3.61803712e+00   7.28552909e+00   8.19328630e+00
   6.23193264e+00   6.74920464e+00   5.03706543e+00   6.80568466e+00
   5.44234301e+00   4.49471059e+00   8.28874659e+00   7.75609315e+00
   3.94441998e+00],[  3.01980663e-14   3.01980663e-14   3.01980663e-14   6.80338391e+00
   2.33117210e+00  -4.20362661e+00  -2.25886971e+00   9.01666023e+00
   5.16675726e+00   1.26286577e+00   2.54574431e+00   9.63118074e+00
   1.37416580e+01   9.89369509e+00   3.96513881e+00   4.54961219e+00
   6.74328151e+00   7.53207844e+00   6.44574440e+00   5.46833905e+00
   8.45971106e+00   7.12546982e+00   4.80599604e+00   7.43451442e+00
   1.04082134e+01   1.01082809e+01   8.57245406e+00   1.21705170e+01
   1.60053076e+01   1.45817653e+01   1.25876641e+01   5.91921303e+00
   4.35005375e+00   4.82215963e+00   2.48730296e+00   1.53512959e+00
   6.55663895e+00   6.05594090e+00   4.91194861e+00   3.18910699e+00
   4.27450533e+00   5.54748756e+00   7.40894268e+00   9.65979780e+00
   8.96514419e+00   5.80537514e+00   5.22951316e+00   5.38588438e+00
   2.56604652e+01   2.15030058e+01   1.28145521e+01   8.04090026e+00
   1.42008460e+01   1.13852891e+01   1.20761381e+01   1.09331152e+01
   1.55580490e+01   1.46162604e+01   5.16190905e+00   4.23328222e+00
   4.39444984e+00   9.26974054e+00   3.27916212e+00  -5.62440884e+00
  -1.15133192e+01  -9.54696267e+00  -5.45472980e+00  -1.76310959e-01
   3.82381400e+00   7.54589646e+00   4.75737326e+00   4.58932830e+00
   4.10320575e+00  -2.59245504e+00  -4.05710245e+00  -5.74867071e+00
  -6.62340846e+00  -1.11437397e+01  -1.82186030e+01  -2.61010583e+01
  -2.82616417e+01  -2.74899288e+01  -3.02504853e+01  -2.85217367e+01
  -3.51582448e+01  -2.48343640e+01  -1.38265051e+01  -2.14332533e+01
  -3.44877974e+01  -4.08648010e+01  -3.92481198e+01  -3.97416730e+01
  -3.63863070e+01  -2.67631128e+01  -2.29951168e+01  -2.02502842e+01
  -1.17498594e+01  -6.12310485e+00  -8.41417893e-01  -2.14842467e+00
  -2.67443131e+00  -4.71328318e+00  -1.19323676e+01  -1.77519757e+01
  -2.30010459e+01  -2.31821294e+01  -2.07794901e+01  -1.65464048e+01
  -1.06241236e+01  -8.55588635e+00  -9.46117970e+00  -1.43188193e+01
  -6.00717557e+00  -3.58628422e+00  -5.55725955e+00  -6.16284130e+00
  -3.25992032e+00  -4.03855762e+00  -8.48970593e-02   5.20872339e+00
   1.40993017e+01   1.18566014e+01   5.10880982e+00  -3.46088050e+00
  -8.04001259e+00  -9.26821888e+00  -1.28829514e+00  -5.35889653e-04
  -9.13296235e+00  -5.47072055e+00  -2.91509453e+00   1.96645916e+00
   4.47201665e+00   2.79018122e+00   2.67626679e+00   4.92685681e+00
   7.61735610e+00   1.57788084e+01   2.20337454e+01   2.54063776e+01
   2.20938920e+01   1.39766431e+01   1.10027308e+01   7.47449867e+00
   3.98560434e+00   1.91773241e+00   3.08393105e+00   4.11456445e+00
   1.66180104e+00   2.27200476e+00   3.13224674e-01   3.21565808e-01
  -1.52304082e+00   5.40457015e+00   2.35410216e+00  -7.12086743e+00
  -1.16590406e+01  -5.84113039e+00  -4.12344883e+00  -2.93294945e+00
  -3.33379686e+00  -4.30334512e+00  -2.93332032e+00  -8.98120677e-01
  -5.73948178e+00  -8.14101680e+00  -8.70249843e+00  -3.01277543e+00
  -5.80861987e+00  -1.00347796e+00   3.90240998e+00   8.31860828e+00
   7.92205353e+00   9.00626249e+00   4.84921620e+00  -3.33581696e+00
  -8.38789952e+00  -1.53576257e+01  -1.45299522e+01  -1.58875656e+01
  -1.52607937e+01  -1.89183206e+01  -1.92177083e+01  -1.69871681e+01
  -1.10787359e+01  -1.21999666e+01  -1.37999116e+01  -9.72310898e+00
  -1.06825259e+01  -1.11566015e+01  -1.29930134e+01  -1.23474898e+01
  -1.93534674e+01  -2.30252359e+01  -1.66264081e+01  -1.27933569e+01
  -1.12447344e+01  -7.44116056e+00  -9.41617831e+00  -7.93545202e+00
  -1.00894680e-01   4.32297213e+00   9.46170411e+00   1.29630876e+01
   1.20703292e+01   2.89954819e+00  -2.48621643e+00   3.05049991e+00
   6.92060682e+00   1.01758907e+01   2.07049767e+00  -1.60408929e+00
  -1.30630795e+00   3.17840256e+00   1.47465509e+00   6.36412366e+00
   9.79008429e+00   8.45784133e+00   1.55017231e+01   1.84372097e+01
   2.10668317e+01   3.00411462e+01   2.45982715e+01   1.97000577e+01
   1.77020906e+01   1.85880942e+01   2.14914835e+01   1.81156068e+01
   1.89727865e+01   1.98094070e+01   1.71041489e+01   1.72247399e+01
   8.67468400e+00   1.41405508e+01   2.33325714e+01   2.25898060e+01
   1.58388793e+01   1.48418608e+01   1.13256053e+01   5.94747780e+00
   7.76123727e+00   1.13827239e+01   1.41900332e+01   1.53504642e+01
   1.60602999e+01   1.34956030e+01   1.83776713e+01   1.13794409e+01
   1.26313724e+01   1.52617578e+01   1.22937194e+01   1.02513642e+01
   7.29956366e+00   1.32715030e+01   1.24918367e+01   6.09985027e+00
   4.39569662e+00   8.05301228e+00   1.08213025e+01   7.70980494e+00
   5.87404401e+00],[  1.38555833e-13   1.38555833e-13   1.38555833e-13  -9.66125368e-01
  -4.49513828e+00  -8.69821705e+00  -6.49736777e+00   4.73047047e+00
   2.81508907e+00  -1.12200329e+00  -2.54367390e+00   1.17852218e+00
   6.85633423e+00   7.00318242e+00   4.71002514e-01   2.16046232e+00
   1.12758417e+00   6.24127619e-01   1.24098064e+00   2.85409662e+00
   5.09088870e+00   3.53543872e+00   2.30255464e+00   4.54377651e+00
   1.06734055e+01   8.90899436e+00   5.23684910e+00   8.32640646e+00
   1.25041103e+01   1.38750135e+01   1.25364260e+01   6.77283967e+00
   4.37668164e+00   4.45647684e+00   2.24264968e+00   1.22677180e+00
   5.81678057e+00   5.68496528e+00   3.42280039e+00   2.89047473e+00
   3.28542281e+00   2.43951246e+00   2.66875168e+00   5.53215549e+00
   7.55723324e+00   6.87002052e+00   5.60574702e+00   3.68009345e+00
   2.23565500e+01   2.37500585e+01   1.80760769e+01   8.88212013e+00
   1.51072119e+01   1.63801665e+01   1.74432873e+01   9.96314989e+00
   9.16496521e+00   9.76358890e+00   9.68747306e+00   1.02875427e+01
   9.40335273e+00   1.29322827e+01   8.55920090e+00  -4.40726967e-01
  -6.05108151e+00  -3.08223338e+00   1.13356493e+00   3.57197582e+00
   6.08909698e+00   1.30376579e+01   8.53978760e+00   7.36168474e+00
   4.07441411e+00  -1.40365028e+00  -2.34041250e+00  -8.37326920e+00
  -1.39467613e+01  -1.69128841e+01  -1.92771325e+01  -1.89136992e+01
  -1.11502160e+01  -2.15651599e+00   3.14839194e+00   7.73557777e+00
   8.28900966e+00   7.08412404e+00   2.72326788e+00   1.31290822e+00
   4.02337133e+00   3.69159167e+00   2.89190842e+00  -2.93121392e-01
  -4.61672141e+00  -8.80080760e+00  -8.48892327e+00  -4.10633536e+00
  -3.44374631e+00  -7.15953703e+00  -1.11402598e+00  -1.78587332e-01
  -2.87545116e+00  -6.23281603e+00  -8.80301710e+00  -1.27187781e+01
  -1.19120831e+01  -2.83330773e+00   9.70630755e-01  -1.59527744e+00
   2.85286081e+00   4.54765560e+00   5.69285254e+00   8.13907870e-01
  -5.06130693e-01   7.82206447e+00   8.63532501e+00   1.00276024e+01
   1.03194368e+01   6.55651775e+00   8.51554989e+00   9.65149192e+00
   8.01631371e+00   8.01849803e+00   1.98386907e+00  -6.74298462e+00
  -1.43006508e+01  -8.78458717e+00  -2.68966671e+00  -1.01322873e+00
  -9.23043866e+00  -4.84480102e+00  -2.45358158e+00   3.80462822e+00
   8.50473501e+00   6.85249411e+00   5.26249771e+00   4.15759061e+00
  -2.98928429e+00   5.16187233e+00   1.69859977e+01   2.02934600e+01
   1.80508001e+01   1.16708648e+01   1.00473240e+01   9.77731159e+00
   7.43095543e+00   8.99058362e+00   9.18938792e+00   8.68428346e+00
   1.88421576e+00  -5.19543084e-01  -1.78388791e+00  -3.88669335e+00
  -4.89540984e+00  -4.71610218e+00  -9.76925076e+00  -4.15566204e+00
   1.55172889e-01  -5.87236112e-01  -8.20124679e-01  -2.86793860e+00
  -5.86894786e+00  -1.26908450e+01  -1.58672851e+01  -1.56226433e+01
  -1.76459855e+01  -1.22751788e+01  -3.34051891e+00   3.99345204e-01
  -4.11475313e+00  -4.34219920e+00   1.75445195e-02   4.67002199e+00
  -1.92358343e+00   2.83041453e+00   1.66821088e+00  -1.18689850e+01
  -1.74515717e+01  -1.82627635e+01  -1.07047501e+01  -7.68154086e+00
   1.70095599e+00   1.75617869e+00   1.47625056e+00  -2.17325986e-01
  -5.07201882e+00  -1.13698112e+01  -1.31766034e+01  -1.69571931e+01
  -1.64477243e+01  -1.43333423e+01  -1.27990423e+01  -3.36390111e+00
   2.99220624e+00   7.22269607e+00   9.31473436e+00   9.98717695e+00
   1.10437593e+01   9.25416723e+00   3.43477664e+00   7.58762424e-01
  -1.42084578e+00  -4.11157662e+00  -5.65774243e+00  -2.20105135e+00
  -9.01928538e-01  -3.03478925e+00  -4.27483344e+00   8.55699442e-01
   4.44766222e+00   4.15265799e+00  -3.66100974e-01  -1.54217003e+00
  -3.27769054e+00  -1.15077446e+00   7.31914917e-01   6.69042956e+00
   8.27965051e+00   6.57156159e+00   1.18743370e+01   1.51686657e+01
   1.72231635e+01   2.06955362e+01   1.49647451e+01   8.94587633e+00
   9.62725753e+00   1.40805640e+01   1.22097685e+01   1.00799497e+01
   1.06243276e+01   1.17125740e+01   1.57572304e+01   1.60289544e+01
   1.24323030e+01   1.07230067e+01   1.23608109e+01   1.85983165e+01
   1.58647789e+01   1.22048772e+01   6.50223346e+00   3.37823252e+00
   2.37497680e+00   6.45507155e+00   1.00829690e+01   8.46316219e+00
   5.35781093e+00   3.11053737e+00   1.10523458e+01   1.10885834e+01
   1.14021008e+01   1.23057034e+01   5.40294307e+00   2.64105646e+00
   3.11427441e+00   6.99334115e+00   1.20285123e+01   8.64568162e+00
   2.47246531e+00   3.34787552e+00   7.25011691e+00   4.78585677e+00
   4.29608667e+00],[ -7.28306304e-14  -7.28306304e-14  -7.28306304e-14  -1.20241459e+01
  -1.39080370e+01  -9.32661113e+00  -9.79593325e+00  -4.37935504e+00
   2.04025330e+00  -1.69554525e+00  -7.69539776e+00  -6.43952748e+00
   6.83262538e-02   3.10595566e+00  -3.99802697e-01   1.04831235e+00
  -9.02363771e-01  -1.64212173e+00   1.17223985e-01   3.16777968e+00
   3.39380567e+00   1.10899471e+00   1.76089153e+00   2.71973099e+00
   9.72374084e+00   6.71277994e+00   3.23117128e+00   5.52095894e+00
   9.92604431e+00   1.18366299e+01   1.11771328e+01   6.56271901e+00
   3.43135234e+00   3.49931220e+00   2.33953635e+00   1.94116777e+00
   5.93819912e+00   6.33878339e+00   1.66825515e+00   2.88611367e+00
   3.18885012e+00   1.00293051e+00  -2.85283955e-01   2.33113454e+00
   5.30866618e+00   6.66380636e+00   5.24037356e+00   1.06883663e+00
   1.95655561e+00   4.06555820e+00   2.71319973e+00   1.86223786e+00
   4.94657577e+00   8.80335624e+00   1.55204955e+01   1.09856927e+01
   8.51883524e+00   9.95540522e+00   1.72531720e+01   1.84548343e+01
   1.61296478e+01   1.46621776e+01   1.21153505e+01   5.85556320e+00
   4.40310117e+00   8.17569239e+00   1.09345699e+01   9.84044574e+00
   7.64762611e+00   1.04417221e+01   6.22203999e+00   7.49389888e+00
   6.07028370e+00   3.02685478e+00   2.56017452e+00   2.08362498e+00
   3.90533036e+00   1.09910494e+00  -5.17341830e-01  -4.74763294e+00
  -3.18017993e+00  -4.64793925e+00  -1.07967232e+01  -1.17347469e+01
  -4.63558463e+00  -4.72476518e+00  -8.64937041e+00  -4.43874417e+00
   2.80373796e-01  -4.20585248e-01  -1.52441975e+00  -5.50664242e+00
  -7.11440959e+00  -1.18693098e+01  -8.87542627e+00  -1.11038318e+00
  -3.81794578e+00  -4.49937082e+00   7.23569208e+00   1.10120393e+01
   9.70238516e+00   6.42951773e+00   8.13213431e+00   4.73326703e+00
   8.83270248e-01  -8.16269472e-01  -2.16928542e-01   5.98069176e-01
   3.41955795e-01  -3.64976932e-01   1.17060474e-01  -4.85079543e-02
  -2.31847042e+00  -4.89531888e-01   2.81583528e-01   8.54218672e-01
   2.73006406e+00   3.09084772e+00   1.79992869e+00   6.20391968e+00
   1.15616794e+01   1.88077536e+01   1.10693767e+01   6.31313945e+00
   4.77770114e+00   5.12523265e+00   7.76372809e-01  -1.25793533e+00
  -7.94150199e+00  -4.02814071e+00  -4.23421255e+00   5.15656109e+00
   9.48166583e+00   7.59018368e+00   5.78936888e+00   4.34195626e+00
   1.54415036e+00   7.93966898e+00   1.95146415e+00   3.94470268e+00
   1.44069700e+00  -9.85282675e-01  -1.12014012e+00  -5.25771223e+00
  -5.32964709e+00   4.62884611e+00   1.00087786e+01   1.12748717e+01
   5.48941762e+00   2.23205860e+00   3.52409390e+00   1.01234726e+01
   1.96742810e+01   1.25534109e+01   5.30284468e-01  -5.48298766e+00
  -1.28692042e+01  -1.73902456e+01  -1.53875710e+01  -1.13029774e+01
  -3.39422959e+00  -6.59803341e-01   3.68102397e-01   3.56011493e+00
  -6.34305542e-01   1.70633037e+00   6.31426140e+00   3.37983418e+00
  -7.71138053e-01  -3.44364011e+00  -6.09757660e-01   7.90790915e+00
   8.36113805e+00   7.71059774e+00   3.28988597e+00   3.84641634e+00
   9.54475264e+00   2.88573499e+00  -6.39129187e-02   1.37838253e+00
   1.10048738e+01   1.33796523e+01   1.31577954e+01   1.13681618e+01
   9.29123772e+00   9.84382028e+00   9.59117922e+00   8.91222199e+00
   9.01758181e+00   9.07301266e+00   9.64503382e+00   1.30364980e+01
   1.42958529e+01   9.19517702e+00   5.30194776e+00   5.11964819e-01
  -6.13725063e+00  -8.83379768e+00  -1.18017010e+01  -1.12025609e+01
  -1.06365628e+01  -1.42203155e+01  -1.90453255e+01  -1.33307392e+01
  -1.26714606e+01  -8.43918902e+00  -2.94489837e+00   7.25576070e-01
   2.30525484e+00   2.42743300e+00   3.27934723e+00   2.55446530e+00
  -4.63563688e-01  -2.76337226e+00   1.12689209e+00   4.61930968e+00
   5.91145331e+00   4.95579748e+00   6.30292926e+00   7.43695235e+00
   8.92233940e+00   5.08930665e+00  -1.62157083e+00  -7.14520163e+00
  -4.80638657e+00  -3.28855402e+00  -4.62105326e+00  -2.20877811e+00
   7.44594603e-01   7.53654134e-02   1.50614591e+00  -1.68009793e+00
  -1.74364645e+00   4.94796158e-01  -1.18934058e+00   1.29254417e+00
   5.17371457e-01  -8.02718002e-01  -2.20341817e+00  -4.08602768e+00
  -6.01320471e+00  -2.58045555e+00   2.92028491e+00   1.82927313e+00
  -9.93117174e-01  -2.56568619e-01   2.63980302e+00   4.74274496e+00
   9.51847009e-01  -4.77866960e+00  -8.40854696e+00  -8.44841225e+00
  -4.54507822e+00  -4.35403969e+00   2.07101185e+00   5.46187233e+00
  -1.23204796e-01  -4.83583811e+00  -2.15681380e+00  -9.91671938e-01
  -2.30194041e+00],[ -7.46069873e-14  -7.46069873e-14  -7.46069873e-14  -1.35277834e+01
  -1.21271720e+01  -5.49055587e+00  -1.69942811e+00   8.50475289e-01
   6.46426761e+00   3.22129906e+00  -5.04054052e+00  -4.20497146e-01
   4.49932590e+00   5.12084235e+00   2.49656155e+00   2.63596646e+00
   2.11152063e+00   2.28098498e+00   3.52463046e+00   5.49234154e+00
   3.34484084e+00   1.31662556e+00   4.23862265e+00   3.13661725e+00
   7.56463286e+00   4.36345626e+00   3.09810383e+00   5.15233979e+00
   9.33081468e+00   8.71923189e+00   8.73052985e+00   5.01283606e+00
   1.94667539e+00   1.95444294e+00   2.39044376e+00   2.80847221e+00
   5.67007850e+00   6.56466797e+00   3.76172022e-01   2.86856659e+00
   3.57073949e+00   1.37318042e+00  -7.83411657e-01   8.04848778e-01
   3.67632994e+00   5.95392606e+00   3.80501414e+00   2.33150370e+00
  -5.64787010e+00  -9.70677839e+00  -8.25137271e+00   2.16224499e+00
   6.92949429e+00   8.49730858e+00   1.62565182e+01   1.57367615e+01
   8.94346258e+00   8.60923022e+00   1.65841888e+01   1.58817149e+01
   1.69136968e+01   1.55354866e+01   9.05438549e+00   3.31102388e+00
   1.08086984e+01   1.34736789e+01   1.14178502e+01   1.09062845e+01
   8.20380614e+00   4.34998037e+00   8.89740604e-01   5.88831701e+00
   9.05193970e+00   7.41790697e+00   2.10448781e+00  -2.30847193e+00
  -1.62843423e+00  -1.98339956e+00  -2.22331355e+00  -1.34401476e+01
  -1.94927142e+01  -2.26965944e+01  -2.30067365e+01  -2.63749365e+01
  -2.32665455e+01  -2.19219832e+01  -2.35734667e+01  -2.21641863e+01
  -2.44998654e+01  -2.72688059e+01  -2.41376307e+01  -1.99985248e+01
  -1.47131170e+01  -1.83608206e+01  -1.74770437e+01  -1.31181102e+01
  -1.57158104e+01  -1.33446857e+01  -4.92144922e+00  -3.71258298e+00
  -2.16465076e+00  -3.70287661e+00  -1.11962836e+01  -1.77597342e+01
  -1.89632552e+01  -2.14198390e+01  -2.68975747e+01  -3.00864976e+01
  -3.21417388e+01  -2.75730358e+01  -2.41054498e+01  -2.31553665e+01
  -1.85886210e+01  -8.80646267e+00  -7.54617313e+00  -5.07508122e+00
  -6.06231269e+00  -5.46932218e+00  -1.25176739e+00  -1.56562471e+00
   9.73444572e+00   1.75263802e+01   8.18218841e+00   2.70454358e+00
   4.87793959e+00   1.05596354e+01   1.22682036e+01   7.33324687e+00
  -5.32017240e+00  -7.38821110e+00  -4.22005289e+00   4.31377245e+00
   6.87820559e+00   7.85917352e+00   4.89948744e+00   2.15112816e+00
   2.20269458e+00   1.16702702e+01   7.94164544e+00   6.79245381e+00
   5.04407667e+00   2.90697522e+00   9.13307527e+00   5.72700067e+00
   4.26210920e+00   4.42955867e+00  -5.70934690e-02  -8.75088208e-01
  -1.88175504e+00  -1.02007441e+01  -1.54770053e+01  -1.68547945e+01
  -1.32109671e+01  -4.19917916e-02   3.38955410e+00   3.87052502e-01
  -3.56686147e+00  -9.16411409e+00  -1.56953234e+01  -1.81509145e+01
  -1.49866242e+01  -1.63963717e+01  -1.68990344e+01  -1.17761061e+01
  -1.56155296e+01  -1.55619137e+01  -8.02244206e+00  -4.83700665e+00
  -3.11356160e+00  -1.21191131e+00  -9.54037502e-01  -5.50742256e+00
  -6.26420491e+00  -9.65908479e+00  -1.42097441e+01  -1.54457891e+01
  -1.39448419e+01  -1.68674946e+01  -2.02257311e+01  -2.35279671e+01
  -2.46199512e+01  -1.89890396e+01  -1.77933919e+01  -1.74154130e+01
  -1.61258317e+01  -1.67539981e+01  -1.72131859e+01  -1.90893070e+01
  -1.50259312e+01  -9.60084434e+00  -1.25853821e+01  -1.22529610e+01
  -1.19477369e+01  -2.06561365e+01  -2.13517935e+01  -1.68288139e+01
  -1.60120254e+01  -1.23645453e+01  -8.10766297e+00  -9.49713554e+00
  -7.06247204e+00  -8.01472118e+00  -9.32186107e+00  -3.59111247e+00
  -1.52265913e+01  -1.31134238e+01  -2.34439247e+00   1.30293370e+00
   7.04726623e-01   3.92218471e+00   5.10899434e+00   3.58218376e+00
   1.96980508e+00  -1.50107840e+00  -6.27339539e-01  -1.38418781e+00
   3.17658159e+00   7.17702752e+00   4.96987860e+00   7.97544880e-01
  -1.10978966e+00  -3.46121642e+00  -6.45634063e+00  -3.90508153e+00
  -3.48746154e+00  -8.57154477e+00  -4.67415313e+00  -2.61508218e-01
  -2.07678389e+00  -4.08994251e+00  -7.50081783e+00  -1.01005727e+01
  -6.81470328e+00  -3.53444310e+00  -4.35361915e+00  -2.80480641e+00
  -3.75940832e+00  -1.06490788e+00  -4.57915339e+00  -9.24520050e+00
  -1.03962560e+01  -7.08458244e+00  -4.23319713e+00  -5.35588898e+00
  -7.63702122e+00  -4.07665249e+00  -3.41128038e+00  -5.35740567e+00
  -9.82326073e+00  -1.54771262e+01  -1.54796469e+01  -1.23905278e+01
  -8.22771700e+00  -5.46857250e+00  -1.86639940e+00   1.09057481e+00
   4.66693412e-01  -4.94316941e+00  -5.93047115e+00  -2.20346474e+00
  -6.18232706e+00],[  1.33226763e-14   1.33226763e-14   1.33226763e-14  -4.49822878e+00
   5.50883385e+00   6.79414557e+00   1.16059821e+01   1.36377637e+01
   1.17005982e+01   8.48976862e+00   3.65351310e+00   1.25590726e+01
   1.46498982e+01   1.05180035e+01   6.77715824e+00   5.93578017e+00
   6.50241062e+00   7.66818261e+00   7.56225949e+00   6.43402125e+00
   3.40694805e+00   3.60258951e+00   8.45812669e+00   5.26981926e+00
   5.23185102e+00   2.68871429e+00   4.32459187e+00   6.71914118e+00
   8.68995242e+00   5.05011607e+00   6.11582905e+00   2.85407544e+00
   5.41489748e-01   9.14025899e-01   2.13633505e+00   3.03309519e+00
   4.07621985e+00   5.21232198e+00  -1.52583638e-01   1.76045115e+00
   3.50550917e+00   2.46566382e+00   5.34897679e-01   1.35507859e-01
   1.65867587e+00   5.75629210e+00   3.06924659e+00   5.24906899e+00
   7.09830778e+00   6.44326064e+00   1.32814522e-01   9.73673088e-01
   4.71207393e+00   1.64788318e+00   4.44683007e+00   4.29130133e+00
   3.30446233e-01   7.30561081e-02   9.32700783e+00   8.79941892e+00
   4.89864095e+00   4.44487598e+00   1.66711298e+00  -5.83231164e-02
   8.94716456e+00   9.97748355e+00   7.21718545e+00   8.23693919e+00
   9.21964623e+00   4.12774183e+00   2.88839561e-01   5.69106404e+00
   8.64264147e+00   9.17759783e+00   6.07033243e+00   2.25497327e+00
   1.01231620e+00  -3.00467407e+00  -3.66155121e+00  -3.55306580e+00
  -4.74461107e+00  -3.85196141e+00  -3.35520238e+00  -1.03367521e+01
  -1.51497024e+01  -1.47479960e+01  -9.61584126e+00  -5.42300881e+00
  -6.13883617e+00  -6.94898423e+00  -1.10626206e+01  -1.50683086e+01
  -1.43328100e+01  -1.53127840e+01  -1.86443613e+01  -1.63694445e+01
  -9.32795385e+00  -8.64719518e+00  -1.00235634e+01  -7.82077719e-01
   3.08713136e+00   2.61451696e+00  -4.17667970e+00  -1.13384544e+01
  -9.95987628e+00  -4.39846846e+00   8.06829813e-02   1.39404178e+00
  -2.17608541e-02   2.74297815e-01   2.33370877e+00   1.32977217e+00
   2.37404900e+00   7.56745415e+00   6.58266713e+00   3.63315715e+00
  -1.67468789e-01   1.29392809e-01   8.31041592e-01  -1.33516904e+00
  -7.59902527e-01   7.93249768e+00   5.64840386e+00  -1.55731734e+00
  -8.43763818e+00  -1.99077455e+00  -2.03181243e+00  -1.96561787e+00
  -5.83579182e+00  -1.29445593e+01  -6.71949006e+00  -6.60650688e-01
   2.21799891e+00   5.32826379e+00   6.61550603e+00   2.62812876e+00
  -2.07947044e+00   6.05875289e+00   6.63246369e+00   5.02449861e+00
  -1.17544902e+00  -9.15600329e+00  -9.35450089e+00  -1.02399333e+01
  -1.24887244e+01  -1.04671837e+01  -6.73803949e+00  -7.59786008e+00
  -5.60767555e+00  -1.11815216e+01  -1.27324046e+01  -1.39272866e+01
  -1.55762568e+01  -1.15524953e+01  -1.05646039e+01  -7.74470299e+00
  -7.93732577e+00  -1.27777005e+01  -1.61691417e+01  -1.25087176e+01
  -1.11442087e+01  -1.30325321e+01  -1.29962372e+01  -8.24429244e+00
  -8.86684028e+00  -9.44191002e+00  -5.45628986e+00  -6.43853867e+00
  -6.99410961e+00  -2.61507087e+00  -1.19366327e+00  -3.37138787e+00
  -7.80739513e-01  -4.84001902e+00  -1.41523366e+01  -1.99260252e+01
  -1.17971612e+01  -5.30573577e+00  -1.33340567e+00   6.27578004e+00
   1.69455369e+01   2.27728005e+01   2.32705563e+01   2.11055472e+01
   1.49425775e+01   1.47726349e+01   1.15523785e+01   6.80845078e+00
   1.11051619e+01   1.53148873e+01   1.10770572e+01   8.81498096e+00
   9.61891655e+00   3.39142536e+00   1.69982498e+00   5.22811338e+00
   6.13955387e+00   9.22892113e-01  -3.47380926e+00  -1.01605655e+01
  -1.11934597e+01  -9.38274052e+00  -5.24051881e+00   5.97377884e-01
  -1.14509221e+01  -9.34387208e+00   6.65553520e-01   2.63067650e+00
   1.63359345e+00   4.85206818e+00   5.74159413e+00   4.45519232e+00
   3.59523110e+00   5.89137510e-01  -2.74142945e+00  -5.68271583e+00
   1.66260945e+00   8.59750819e+00   3.96497840e+00  -8.51736038e-01
  -4.24865500e+00  -9.33955709e+00  -9.14690262e+00  -7.94971927e+00
  -1.22012310e+01  -1.19793658e+01  -9.28391227e+00  -1.01680916e+01
  -6.66464652e+00  -3.29790366e+00  -1.07152826e+01  -1.17962788e+01
  -7.07932576e+00  -7.20018123e+00  -1.33598263e+01  -9.71101095e+00
  -5.79960669e+00  -3.79477404e+00  -7.71496177e+00  -9.13491840e+00
  -1.02031121e+01  -8.31860688e+00  -7.32832421e+00  -8.54395750e+00
  -9.49886336e+00  -3.89069998e+00  -1.75751992e+00  -4.68685445e+00
  -5.92416785e+00  -7.25253428e+00  -8.75021300e+00  -5.58937269e+00
  -4.22226523e+00   2.15511337e+00   5.71199049e+00   4.59162249e+00
   1.53830444e+00  -2.90773292e-01  -1.28795971e+00   9.87227480e-01
  -3.94440609e+00],[  4.88498131e-14   4.88498131e-14   4.88498131e-14   4.66050084e+00
   9.41235027e+00   2.84203948e+00   6.92401159e+00   1.33206196e+01
   7.55703461e+00   7.57991529e+00   9.54905917e+00   1.70246425e+01
   1.70717477e+01   1.12445417e+01   8.59224964e+00   8.07482762e+00
   7.34860847e+00   9.18213411e+00   7.95453478e+00   3.45384727e+00
   2.08006184e+00   5.62535214e+00   1.10459881e+01   6.99839518e+00
   3.60149353e+00   1.72771099e+00   5.45602326e+00   7.81618883e+00
   5.82374347e+00   1.70338716e+00   4.32856443e+00   1.56007109e+00
  -2.06938237e-01   4.85543100e-01   1.46995909e+00   2.42182053e+00
   1.59895008e+00   2.84456247e+00  -4.76502208e-02  -4.17300831e-01
   2.35015121e+00   2.89887214e+00   1.89968232e+00  -5.06663881e-01
  -2.21006025e+00   4.73875972e+00   5.06307352e+00   5.78008378e+00
   7.77860992e+00   5.66587276e+00  -1.62670838e+00  -6.70102681e-01
   3.74551534e+00   1.15929079e+00   4.21485327e+00   2.66926263e+00
  -7.26331574e+00  -9.38233686e+00  -6.56314382e+00  -2.28201131e-01
  -4.26669650e+00  -3.80053117e+00  -2.52974017e+00  -1.58244628e+00
  -3.32165211e+00  -3.69721885e+00   1.00195018e+00   3.17955776e+00
   3.33435778e+00  -5.85487906e-01  -4.58675459e+00   1.68333178e+00
   4.85169648e+00   8.62845435e+00   6.51146021e+00   2.19496395e+00
  -7.96192125e-01  -5.44091952e+00  -3.52291832e+00  -3.22641622e+00
  -7.70915609e+00  -6.52519993e+00   1.16134553e+00  -2.73107355e+00
  -1.00117901e+01  -1.27798169e+01  -1.17051387e+01  -4.74088582e+00
  -3.45040030e+00  -3.81354767e+00  -3.71492260e+00  -6.82632311e+00
  -1.17045525e+01  -1.30416876e+01  -1.05403621e+01  -5.34974373e+00
   3.12680395e-01  -2.97819872e+00  -7.66019767e+00   2.20228972e+00
   2.20074551e+00   1.78127787e-01  -1.59651799e+00  -4.76175009e+00
  -6.44355819e+00  -1.00479932e+01  -1.07727324e+01  -8.51055073e+00
  -7.09352263e+00  -4.94103327e+00  -6.46149724e-01  -2.04221581e+00
  -1.46934958e+00   4.58064604e+00   1.05168066e+01   8.80953256e+00
   3.05456878e+00   9.00104259e+00   6.57297942e+00   1.62930871e+00
  -4.65124965e+00  -4.52041335e-01  -3.90103922e-01  -2.70235091e+00
  -5.09190174e+00  -7.47619568e+00  -1.02740397e+01  -1.10745830e+01
  -5.89985127e+00  -7.56464813e+00  -5.67697114e+00  -6.69150570e+00
  -1.57453333e+00   3.55049631e+00   5.21013901e+00   3.70407605e+00
   2.64005070e-01   3.57884175e+00   9.87444325e-01  -1.81170670e+00
  -8.83636522e+00  -1.32962788e+01  -1.58169699e+01  -2.04028737e+01
  -2.40743178e+01  -2.14301127e+01  -1.95540794e+01  -2.10460895e+01
  -1.92837542e+01  -2.07834865e+01  -7.45928276e+00  -2.62479140e+00
  -9.01982237e+00  -1.23614346e+01  -1.07304470e+01  -8.39472864e+00
  -3.77750369e+00  -1.25028581e+01  -1.26655975e+01  -6.73272844e+00
  -6.44529193e+00  -8.96180345e+00  -1.27412184e+01  -1.44868735e+01
  -1.40079019e+01  -1.11433011e+01  -6.50069692e+00  -9.22936292e+00
  -6.85093037e+00  -6.57118851e+00  -6.72951471e+00  -7.08249491e+00
  -3.28597098e+00  -7.66998691e+00  -1.37124996e+01  -2.48080412e+01
  -2.23144698e+01  -2.14377215e+01  -2.53574088e+01  -2.60025740e+01
  -2.97920297e+01  -2.81378374e+01  -2.41191577e+01  -2.75955374e+01
  -3.09269583e+01  -2.41664284e+01  -2.13436920e+01  -1.83471970e+01
  -1.64458375e+01  -1.09122764e+01  -9.70761140e+00  -8.89982316e+00
  -1.00558178e+01  -1.58567683e+01  -1.30270020e+01  -3.19407344e+00
   4.31248739e+00   1.24403345e+00  -2.58930202e+00  -3.72550930e+00
  -5.74824549e+00  -5.39260036e+00   6.95509565e-01   1.41537162e-01
  -4.51134942e+00   2.59179123e+00   8.51336942e+00   5.82871900e+00
   5.30880187e+00   5.07413737e+00   7.18243169e+00   6.25035387e+00
   4.25553540e+00   2.05131148e+00  -2.39088210e+00  -5.74738139e+00
  -1.15025669e+00   3.22831355e+00  -7.78145947e-02  -6.96245460e-01
  -8.03122928e-01  -1.32569184e+00  -3.16867080e-01  -5.33719393e+00
  -9.49766478e+00  -5.08503929e+00  -2.44027066e+00  -8.60517253e+00
  -3.03550864e+00   1.33713395e+00  -6.22596752e+00  -5.66698843e+00
  -1.69792533e+00  -3.13929977e+00  -8.55073020e+00  -5.79340002e+00
   8.76298461e-01   6.23100214e-01  -1.51096768e+00  -3.42803157e+00
  -7.50348550e+00  -2.86572526e+00   1.14926699e-01  -2.66061100e+00
  -3.90004967e+00   7.66610721e-01   3.85802291e+00   1.79071728e+00
   3.51529038e+00   2.58926260e+00   2.55150620e+00   2.26674620e+00
   9.30933312e-01   5.16078852e+00   9.51639490e+00   7.69235428e+00
   1.02416765e-01   1.61023428e+00   3.74721407e+00   3.63580000e-01
  -3.45263719e+00]