[-670.71172817 -656.33640296 -627.81359251 -444.4998625  -374.77766938
 -383.35562148 -403.5795124  -409.65136423 -416.72559675 -412.48191362
 -409.55664767 -412.42149607 -412.00430417 -408.44788489 -404.05933554
 -387.93903089 -383.75083019 -383.78287597 -389.160542   -400.67023128
 -415.29599762 -413.83389658 -410.7117679  -418.83999181 -435.89741166
 -443.62226805 -443.1891572  -431.92294414 -428.45740468 -437.70551827
 -436.21970843 -392.11642395 -351.31501082 -348.42221816 -365.09832559
 -368.47618368 -367.25663223 -360.14882021 -366.48233731 -371.41124888
 -376.78040119 -384.13429479 -383.17187089 -375.75033455 -382.22295715
 -394.48204195 -405.24666726 -414.78189697 -434.31678303 -438.7334382
 -436.99539429 -438.68350534 -443.30184916 -441.45891939 -442.29814845
 -446.72589734 -436.36721005 -419.48026496 -406.58572172 -399.22720246
 -397.96266857 -398.84107667 -402.96339808 -400.14803696 -395.33668769
 -384.85705785 -382.53988377 -382.15722942 -392.44632671 -402.14166132
 -406.35280833 -424.59569881 -451.44738725 -464.96836858 -462.26827637
 -442.68286536 -419.86046094 -393.53280477 -376.24170232 -366.18584711
 -361.41537039 -357.21429304 -360.66461147 -371.14560483 -380.91245793
 -389.97003782 -396.1811011  -410.70816217 -425.95201832 -425.56873273
 -424.40705057 -421.31840112 -407.75233828 -391.78560754 -389.9964855
 -393.41728131 -396.15430634 -379.42680874 -367.35502941 -354.02966988
 -352.83648154 -368.7952519  -377.43054025 -396.2985607  -415.96331433
 -428.69657304 -401.74069937 -386.42217032 -371.83974293 -345.24056183
 -340.20722855 -345.18199227 -343.7518523  -353.60732879 -369.3272199
 -373.65594185 -386.38518928 -416.29848561 -435.75024698 -426.38285872
 -399.09874449 -384.0024865  -386.50301593 -392.24324589 -394.04637359
 -403.70315331 -404.89995501 -386.02803713 -365.0262603  -356.43896911
 -352.65421362 -357.1283329  -356.59951535 -356.89270333 -355.05985568
 -359.69925595 -379.08816635 -398.69440016 -398.37810452 -391.07424089
 -390.82099919 -386.3802208  -381.50489217 -399.24953235 -440.29378478
 -449.97649872 -426.12508139 -370.58195922 -349.98867236 -347.9714818
 -327.01553767 -312.44188541 -317.87283961 -320.57559667 -324.80024447
 -320.98167791 -316.92773018 -309.99123461 -318.07484219 -349.21330956
 -386.66945785 -423.10415523 -440.85576166 -453.14168892 -458.40396734
 -429.83258065 -355.82829775 -323.71396346 -331.33705031 -374.13055207
 -419.72754717 -445.1071156  -429.42050722 -382.99534492 -364.3303295
 -382.9517324  -398.20913725 -402.97992464 -419.03818891 -433.1145032
 -440.82871236 -446.16504116 -450.41718502 -450.72783659 -456.54019153
 -463.94576834 -441.8550217  -431.83834574 -434.5109269  -439.46495583
 -443.72623269 -442.48792375 -441.95630558 -444.81135239 -457.74163966
 -467.49927452 -451.18363409 -425.17905101 -398.14639398 -391.21137447
 -388.22954863 -386.31118187 -388.30673089 -382.37700654 -385.14650337
 -385.74746316 -392.89706927 -395.50203008 -397.80663225 -405.17736127
 -409.18772633 -416.26691466 -429.98424713 -429.86571837 -419.38724304
 -402.82838239 -391.93166896 -401.58111297 -435.43099935 -451.07264042
 -452.55092147 -446.43990512 -442.57766506 -424.00780072 -402.48184222
 -385.10154773 -394.30645775 -412.55804243 -427.57480028 -432.29249202
 -435.64156259 -433.45824362 -380.5870017  -353.53958021 -363.64796068
 -371.13884063 -372.10254048 -370.64728367 -368.10014231 -366.86311642
 -377.63285644 -376.97404122 -371.81432624 -377.34410911 -368.92127777
 -360.35221913 -356.80211491 -364.05385104 -368.50350038 -366.31659493
 -362.80703867 -359.12501439 -359.77266262 -365.55980013 -365.84359228
 -363.69815119 -358.85411536 -352.13300276 -344.81682694 -339.55592453
 -351.26208478],[   1.15856606    5.84895367    9.81801605  149.39375342  188.61322015
  189.08507962  180.47535835  187.61728397  189.02175702  180.55239611
  176.24742354  174.85551699  169.67308382  162.12626561  148.31560094
  131.25490697  121.46707293  124.68526131  128.04991163  137.45437888
  148.30656091  160.63863942  160.73374074  157.21906784  150.27947107
  146.8208038   141.66202106  136.77913825  140.64468293  140.1281097
  140.19807455  173.7936442   191.61739266  186.69560024  170.53812772
  168.34984987  164.22891535  162.0807958   156.25692739  152.78542943
  144.19226811  137.3699168   141.06656354  156.44655949  145.80043056
  125.67676049  114.97421352  116.86374026  114.53259593  105.5705886
  104.08547962  100.3030516   101.54543687  105.86110481  107.48684837
  111.76782836  136.19089828  160.72376837  167.24895113  172.18825045
  179.93094056  178.7816283   168.61328885  170.24704602  172.86984558
  166.33065779  152.62013775  139.93742147  120.23546867  113.10829648
  111.09071899  112.78261736  122.15198632  131.82148916  145.99152232
  179.8042693   198.77314991  210.81441584  215.44652538  208.88031736
  206.70697459  206.32914856  205.78154097  198.09638095  193.71470086
  186.02892236  180.24099741  165.06110969  147.79862225  125.03403472
   97.01525252   92.50215436   88.82692683   87.42023475   83.43161799
   92.3945621   131.95549046  161.11576308  169.08445139  184.87362334
  194.14804861  187.75589538  185.49700415  174.01011207  167.50932331
  167.49855738  181.91478771  167.81085192  156.32938955  154.60349196
  151.88751917  143.5874358   125.14638363   94.70845598   74.92239267
   75.69855072   78.48083617   86.47324059   88.57527693   80.67676299
   67.92605738   69.8888616    81.13861488   94.30976663  101.24468512
   99.29100393  106.73340138  134.49688436  149.11460874  145.03378411
  145.28928534  140.24732349  138.91847432  142.24676822  156.28913431
  158.16524199  150.16011739  149.3355106   153.20940788  150.90786456
  148.36743885  147.91504113  157.1288525   162.78993166  141.34115609
  118.92118068  105.57050542  108.66604512  114.88651159  123.52585384
  140.10453607  159.595525    169.10736569  184.44161698  192.98552698
  202.00495199  212.70662774  214.02536621  204.50436706  187.93964794
  175.94674112  158.82947637  149.42109673  143.58714374  149.65419076
  155.11094037  176.01955228  186.27244029  178.53943061  157.02722476
  146.33702007  140.22004077  135.12720381  129.75701418  134.21197924
  135.56663874  146.8082464   162.86651364  167.20474313  165.53237016
  167.60788615  169.2495674   167.01880327  159.9826972   151.97859483
  132.31528184  125.82755283  121.83312433  121.08437312  121.93633501
  128.12743537  128.34120454  127.47906254  127.69378985  123.07808334
  124.13734451  145.94866954  157.20490748  158.98240925  157.89654448
  155.1405903   155.40975354  155.8168375   156.86448225  151.74323715
  147.77493151  140.64831067  150.8056246   162.61778799  163.3834015
  164.65982411  165.70164219  159.32317092  160.79610695  163.03565081
  170.57038592  182.97737876  183.16383831  161.77442113  150.44610515
  144.49103777  148.68792926  145.09746967  147.26027784  161.46946161
  176.44337357  175.46511453  169.50245379  166.99781769  162.08653241
  157.35328825  154.94601671  156.9211549   149.46269304  137.74615846
  134.54407339  137.9063894   139.41790452  147.70892507  157.47956697
  159.60962998  165.17276199  167.21234662  160.81597389  157.53719229
  158.27325628  163.37147081  161.99444199  161.38520932  162.5698843
  163.80537376  172.19218939  179.130894    179.95512831  180.57345982
  183.82841156  188.63838479  188.93394289  195.18087289  201.32389298
  194.40085166],[  5.15335631e-01  -4.75523168e+00  -1.64931099e+01  -1.34750020e+01
  -2.34617960e+01  -1.61256826e+01  -1.17517020e+01  -5.64227117e+00
  -6.19256093e+00  -1.08165782e+01  -1.17220144e+01  -8.08342397e+00
  -5.55307388e+00  -3.25410720e+00  -2.15060988e+00  -7.63533350e+00
  -1.40965118e+01  -2.35131381e+01  -3.30201263e+01  -3.39656680e+01
  -2.28776165e+01  -1.68099476e+01  -2.22999404e+01  -1.88723462e+01
  -1.11454311e+01  -8.81895818e+00  -1.44749392e+01  -2.22926687e+01
  -1.88315059e+01  -1.85925903e+01  -2.84230653e+01  -3.59430757e+01
  -5.67027948e+01  -6.52457180e+01  -6.42655731e+01  -6.28099880e+01
  -6.84706196e+01  -7.28765911e+01  -6.70473874e+01  -6.00411612e+01
  -6.89832986e+01  -6.26839902e+01  -4.88070729e+01  -3.31347532e+01
  -3.56449949e+01  -3.62590380e+01  -1.88780396e+01  -5.09669649e+00
  -3.29932333e+00  -8.72936799e+00  -7.67487404e+00  -1.36355655e+01
  -1.34957948e+01  -1.06560730e+01  -1.41046348e+01  -1.28235113e+01
   6.50905755e+00   6.82141820e+00  -1.11831946e+01  -1.92619440e+01
  -1.06672447e+01  -1.03070783e+01  -1.65020314e+01  -1.51652360e+01
  -9.93767090e+00  -1.19941052e+01  -7.39845821e+00  -3.27129826e+00
  -6.57389397e+00  -3.42880096e+00  -4.63642724e+00  -4.64827357e+00
   3.40865203e+00   7.27594180e+00   8.49103822e+00   1.69162604e+01
   1.18295866e+01   4.75757117e+00  -4.97329293e+00  -1.71352516e+01
  -2.11261710e+01  -2.99285429e+01  -2.81557741e+01  -2.92213914e+01
  -2.52091451e+01  -2.18153122e+01  -1.57964253e+01  -1.65226475e+01
  -9.23615207e+00  -6.65977479e+00  -1.21827473e+01  -5.23690439e+00
  -2.33763937e+01  -3.82461633e+01  -4.60804080e+01  -4.88194237e+01
  -2.37567036e+01  -1.58813302e+01  -3.02203317e+01  -4.10803222e+01
  -4.31290882e+01  -3.16176728e+01  -2.57287971e+01  -2.27532812e+01
  -9.52372590e+00   3.42366120e-03  -7.22593984e+00  -3.17555518e+01
  -5.01137936e+01  -6.35967444e+01  -6.11897504e+01  -4.40443825e+01
  -3.84346347e+01  -4.47084476e+01  -4.87227625e+01  -4.92439084e+01
  -4.72421860e+01  -3.23524653e+01  -2.23392103e+01  -2.55325355e+01
  -4.90356864e+01  -6.44375100e+01  -6.34206984e+01  -4.80386760e+01
  -4.65228980e+01  -4.91610168e+01  -4.73878440e+01  -4.54024576e+01
  -5.76646949e+01  -7.17796667e+01  -7.54202285e+01  -7.93503750e+01
  -7.98900843e+01  -7.84535310e+01  -6.80143337e+01  -6.49414969e+01
  -5.75351059e+01  -4.27584586e+01  -3.85273505e+01  -4.50979476e+01
  -4.73302102e+01  -5.16016843e+01  -4.29161502e+01  -1.53255266e+01
   2.55947564e+00  -4.59255584e+00  -2.70065906e+01  -6.26065146e+01
  -7.79004747e+01  -8.47451756e+01  -9.93509402e+01  -1.01650887e+02
  -9.57689611e+01  -8.01399723e+01  -7.15729478e+01  -7.76250610e+01
  -8.70837986e+01  -9.65310779e+01  -9.70272652e+01  -7.83073961e+01
  -4.27746894e+01  -1.65832322e+01  -6.17389573e+00   2.31437721e+00
   1.63848228e+01  -9.81396944e+00  -5.91461495e+01  -6.98510989e+01
  -6.04988731e+01  -4.00386951e+01  -1.40483647e+01  -4.95923941e-01
  -2.12015190e+01  -6.27284998e+01  -6.34729712e+01  -3.94175301e+01
  -1.79773270e+01  -2.84602033e+00   6.78397219e+00   8.16834481e+00
   7.92953333e+00   1.27583378e+01   1.71265850e+01   1.22548913e+01
   1.02265368e+01   1.95996767e+00  -9.38474912e+00  -1.43383535e+01
  -1.01413310e+01  -6.01222289e+00  -7.74259103e+00  -1.15992037e+01
  -8.14572147e+00  -6.24964483e+00  -7.44204199e+00  -1.81797926e-01
   9.77705461e+00   1.21853467e+00  -1.58365997e+01  -2.42152700e+01
  -3.21262705e+01  -2.93562210e+01  -3.12765328e+01  -4.06255396e+01
  -4.45640376e+01  -4.75878391e+01  -5.10609498e+01  -3.79523089e+01
  -2.20962187e+01  -1.61951058e+01  -1.71393628e+01  -1.57616696e+01
  -1.36099675e+01  -9.10180693e+00  -1.37378543e+01  -2.27418763e+01
  -1.59679917e+01  -3.01367995e+00   8.89579277e+00   8.23096929e+00
   1.99057889e+00   2.57916076e+00  -2.64873114e+00  -8.92666872e+00
  -7.01149167e+00  -1.05472506e+01  -1.18189294e+01  -1.09774445e+00
   8.78352618e+00   1.07524065e+01   1.14936358e+01   1.23532516e+01
  -2.79639006e+01  -4.38040980e+01  -3.41108680e+01  -3.87438977e+01
  -5.17190763e+01  -6.38172545e+01  -6.48250510e+01  -6.63401292e+01
  -5.97594427e+01  -5.42125135e+01  -5.17140963e+01  -4.46523873e+01
  -5.33971043e+01  -6.38583139e+01  -6.70942053e+01  -6.88040974e+01
  -7.09933454e+01  -7.18135769e+01  -7.26034157e+01  -7.14921602e+01
  -6.68889354e+01  -6.18222433e+01  -6.24067013e+01  -6.37469790e+01
  -6.77103777e+01  -6.92261585e+01  -6.81095298e+01  -6.63687868e+01
  -6.53192149e+01],[  7.86588826e-02   2.13382166e+00   8.84114249e+00   3.94526356e+00
   9.85171499e+00   7.87695307e+00   1.15033117e+01   1.08383247e+01
   7.91649031e+00   1.72228612e+01   2.28231128e+01   2.25053392e+01
   2.27694364e+01   3.14537928e+01   4.57041377e+01   6.72064034e+01
   7.63230394e+01   6.69667218e+01   5.92398738e+01   4.41816592e+01
   3.80144560e+01   3.07931208e+01   2.72415906e+01   2.75566983e+01
   2.96326989e+01   3.04392498e+01   3.52152184e+01   3.96713344e+01
   3.66150786e+01   2.62528625e+01   1.39335976e+01  -8.93359931e-01
  -5.00127969e+00   2.31745897e+00   1.52010274e+01   2.08313430e+01
   2.67889649e+01   3.01368436e+01   3.74679989e+01   4.50965375e+01
   4.39436747e+01   4.66876845e+01   4.99013282e+01   4.54048614e+01
   4.82431870e+01   5.49068501e+01   5.42966543e+01   5.77065123e+01
   4.99278796e+01   5.18332288e+01   5.69512195e+01   5.57577246e+01
   4.88847766e+01   5.33364128e+01   5.30455293e+01   5.09161423e+01
   5.38072028e+01   3.59793602e+01   2.25942031e+01   1.50403117e+01
   1.62919011e+01   1.66521999e+01   1.44796465e+01   1.58457746e+01
   2.19595205e+01   3.58772688e+01   4.65522747e+01   5.74551109e+01
   6.71300636e+01   6.97570218e+01   6.73565112e+01   6.03014499e+01
   4.86280423e+01   3.08346334e+01   2.34147910e+01   1.69754357e+01
   9.73563962e+00   7.16727625e+00   1.45700080e+00   2.90396621e+00
   8.02540553e+00   2.47393954e+00   4.34296200e+00   3.93965557e+00
   7.73698104e+00   1.38654007e+01   1.52223056e+01   1.80278309e+01
   3.60005676e+01   5.99319981e+01   7.13393251e+01   7.61052337e+01
   6.61362264e+01   6.86587870e+01   7.77641044e+01   6.79241146e+01
   5.13371448e+01   3.67227900e+01   1.94375309e+01  -2.08423057e+00
  -4.67531407e+00   9.28244270e+00   1.48019395e+01   2.34297435e+01
   2.92420324e+01   2.35361074e+01   1.68258683e+01   2.46647304e+01
   3.60457182e+01   4.11944960e+01   4.59141001e+01   5.80854831e+01
   8.33112421e+01   1.01293643e+02   1.00795148e+02   9.36813063e+01
   8.51942718e+01   6.95409261e+01   6.25945279e+01   7.98224301e+01
   9.73871940e+01   9.33704772e+01   8.11814998e+01   7.34465848e+01
   6.59218771e+01   6.37557733e+01   5.62952501e+01   4.36687247e+01
   3.40376391e+01   3.57521123e+01   3.80283399e+01   3.36875145e+01
   3.36707415e+01   2.79288434e+01   2.38793014e+01   1.96721215e+01
   2.27649617e+01   2.64801092e+01   2.43951988e+01   2.32343946e+01
   2.53984082e+01   3.00569274e+01   3.53023365e+01   3.92924821e+01
   4.54366840e+01   5.01057484e+01   6.29724405e+01   8.40190956e+01
   8.22852005e+01   6.86665462e+01   5.72316763e+01   4.70054478e+01
   3.81851776e+01   2.70281229e+01   1.88831550e+01   3.44430016e+00
  -1.57950535e+01  -2.47980386e+01  -2.20695485e+01  -6.90612214e+00
   1.53701924e+01   3.67300350e+01   4.19754972e+01   4.75063810e+01
   4.78088837e+01   3.08632253e+01   1.04538136e+01   1.99527663e+01
   3.53639228e+01   4.87297481e+01   5.21455650e+01   5.07899414e+01
   5.45245936e+01   6.43679271e+01   6.75896862e+01   7.04398301e+01
   6.90721426e+01   5.88317903e+01   4.53787714e+01   3.89659246e+01
   3.08267809e+01   2.80246676e+01   3.43628246e+01   3.73929323e+01
   3.73950724e+01   4.53078100e+01   6.32732181e+01   6.73290736e+01
   5.73988565e+01   5.47309094e+01   4.12907791e+01   4.38179221e+01
   5.22038913e+01   5.16346182e+01   4.77009977e+01   4.32924095e+01
   3.79785219e+01   3.36482971e+01   2.94569212e+01   2.60905579e+01
   2.40548559e+01   2.87924638e+01   2.78346487e+01   2.68823763e+01
   3.07697759e+01   3.52900267e+01   3.37356039e+01   3.47573456e+01
   3.45557677e+01   3.47064376e+01   2.45621705e+01   1.79554912e+01
   1.48503549e+01   1.57245772e+01   1.82192623e+01   1.37517629e+01
   1.62788964e+01   2.17866273e+01   3.53335302e+01   3.41763627e+01
   3.61289458e+01   3.32207036e+01   3.53202635e+01   4.09879597e+01
   4.48098890e+01   4.13687367e+01   3.92070431e+01   4.26421697e+01
   4.37917316e+01   4.70440598e+01   4.76055822e+01   5.54545873e+01
   6.25444526e+01   7.35826659e+01   8.34565028e+01   7.87316940e+01
   6.57934053e+01   5.51238070e+01   4.72483102e+01   3.63157228e+01
   3.28141197e+01   2.91029162e+01   2.98377893e+01   3.70438970e+01
   3.52267258e+01   3.04201602e+01   2.50691722e+01   2.28408167e+01
   2.23369749e+01   2.40596060e+01   2.56228901e+01   1.55886978e+01
   1.04518253e+01   8.24163644e+00   4.59180001e+00   4.87903748e+00
  -2.71897770e+00  -1.09039584e+01  -1.86835571e+01  -2.50877888e+01
  -2.97149486e+01],[  6.35863027e-02  -1.99642510e+00  -6.90834338e+00  -1.64216748e+01
  -1.49574361e+01  -1.16056697e+01   2.36682871e+00   1.09464463e+01
   1.55744041e+01   1.11727339e+01   8.56510824e+00   4.96449736e+00
  -6.71287663e+00  -1.37890942e+01  -2.12505443e+01  -2.78413414e+01
  -2.84355459e+01  -2.58477482e+01  -1.41218007e+01  -4.06284367e+00
   7.00493069e+00   3.32020596e+00   3.68910111e+00   5.35212328e+00
   4.84087116e+00   7.72411034e+00   1.50246602e+01   5.21313102e+00
  -5.09841565e+00  -7.39397083e+00  -1.08367369e+01  -1.99768749e+01
  -1.57658572e+01  -4.25849005e+00   4.13527235e+00   8.57081045e+00
   1.89668141e+01   1.38919562e+01   9.22871624e+00   6.75949026e+00
   1.59848533e+01   1.10788832e+01   6.07849559e+00   1.07868910e+00
  -6.17190947e+00  -3.73961414e+00  -1.48755459e+01  -1.28516532e+01
  -9.66237457e+00  -1.43767970e+01  -1.59834849e+01  -1.55615378e+01
  -1.89404330e+01  -1.23211575e+01  -6.89483905e+00  -4.94492541e+00
  -1.61211635e+01  -2.21098907e+01  -1.71079346e+01  -1.63972881e+01
  -1.37565153e+01  -1.28945073e+01  -2.07053922e+01  -2.04347662e+01
  -2.55103864e+01  -2.73707287e+01  -3.00282869e+01  -3.25297829e+01
  -2.67417864e+01  -2.24835955e+01  -1.53581251e+01  -4.30366477e+00
   6.35223608e+00   4.09609469e+00  -5.60545741e-01  -3.12054550e+00
  -7.23538029e+00  -1.97343935e+01  -3.32614361e+01  -4.36839584e+01
  -4.18295093e+01  -3.92073582e+01  -3.33857800e+01  -2.97827349e+01
  -2.48699894e+01  -1.81359879e+01  -2.04551314e+01  -1.53092471e+01
  -1.16073968e+01  -1.52032768e+01  -2.37162001e+01  -2.67386677e+01
  -1.94116304e+01  -1.33665145e+01  -6.22406001e+00  -1.12452365e+01
  -2.15598085e+01  -2.33911859e+01  -3.10613627e+01  -3.63713100e+01
  -3.43022704e+01  -2.38763714e+01  -1.89064889e+01  -5.34648428e+00
  -1.18332866e+00  -2.45311205e+00  -1.09156533e+01  -7.88102395e+00
   4.15441588e-02   4.68136009e-02  -2.68474985e+00  -1.76078521e+01
  -2.21790440e+01  -2.33531437e+01  -2.78657118e+01  -2.84945176e+01
  -2.01351467e+01  -1.67810853e+01  -1.86692512e+01  -1.99803815e+01
  -1.05934336e+01  -7.06638946e+00  -4.03603336e+00  -1.26063794e+01
  -1.03484773e+01  -2.09237446e+00  -5.31078643e+00  -4.85716757e+00
  -2.52257101e+00   4.53399194e+00   8.31821345e+00   4.15719012e+00
   4.05198870e+00   3.16631479e+00   2.06167248e+00   1.40555906e+00
   4.01365325e+00   9.39528371e+00   9.17118612e+00   7.33992120e+00
   1.03491167e+01   1.60932497e+01   1.66290921e+01   1.01465751e+01
   8.74485983e+00   1.68220409e+00  -4.75862121e+00  -3.06076903e+00
  -7.93912045e-01   3.43173384e+00   8.12068949e+00   1.31186354e+01
   1.57834583e+01   1.02860908e+01   1.38156913e+01   1.92605590e+01
   2.55899237e+01   1.88948609e+01   1.42844609e+01   1.78313722e+01
   1.69665399e+01   2.13863635e+01   2.18656775e+01   2.54506364e+01
   2.32375865e+01   1.39533660e+01   1.24216023e-01  -1.84582681e+00
  -3.04326085e+00   2.26306110e+00   1.45739432e+01   1.59751626e+01
   2.12443989e+01   2.30245965e+01   8.20735532e+00   2.44254531e+00
   9.15825191e+00   3.65968689e+00   1.95460235e+00   7.90121387e+00
   9.51521397e+00   8.17868595e+00   1.48480621e+01   2.07039280e+01
   1.94007824e+01   1.77745456e+01   1.60873122e+01   1.19681019e+01
   2.53419163e+00   1.94325962e+00  -1.94555862e+00  -2.62404031e+00
  -4.40543393e+00  -2.01707668e+00   9.16891150e+00   8.70435872e+00
   7.09820005e-01  -5.05923987e+00  -1.69329516e+01  -1.36820306e+01
  -7.10647404e+00  -1.01415893e+01  -1.20487977e+01  -5.86142508e+00
  -1.49627141e+00   1.43361279e+00   2.03461490e+00   2.11152303e+00
  -1.22967411e-01   1.44542057e+00  -9.42142345e-01  -2.31566095e+00
  -7.63728673e-01  -7.34573897e-01   1.46540917e+00   2.77987967e+00
  -9.34012157e-01  -4.39595674e+00   9.53613437e-01   3.39618575e+00
   6.16421571e+00  -1.02240864e+00   1.42179535e+00  -2.02661327e+00
  -5.94720152e+00   2.63640733e+00   1.29258726e+01   1.21292539e+01
   1.75861271e+01   1.90024809e+01   1.34166242e+01   1.67393850e+01
   2.16469743e+01   1.07711656e+01   2.45499341e+00   1.00414019e+01
   2.38757317e+01   2.45358591e+01   2.58584411e+01   2.50364948e+01
   2.59916706e+01   2.87094728e+01   2.33891943e+01   2.19866121e+01
   1.68262331e+01   1.73105205e+01   2.17568756e+01   3.08263191e+01
   3.75354450e+01   4.15771180e+01   4.20288616e+01   3.44147479e+01
   3.45556286e+01   3.50335529e+01   2.67250779e+01   2.71353239e+01
   2.08166692e+01   3.28700325e+00  -3.05043750e+00  -1.13055360e+01
  -1.71550297e+01],[  1.63700338e-01  -2.39397623e+00  -4.86048064e+00  -1.70017646e+01
  -1.32294965e+01  -5.83069434e-01   1.08579268e+01   5.75050653e+00
  -8.02776529e+00  -1.27940913e+01  -1.21443346e+01  -8.84627833e+00
  -8.75004215e+00  -7.83393772e+00  -4.62821918e+00   7.75219554e+00
   8.57841252e+00   3.88451867e+00  -1.49090301e+00  -4.90068712e+00
  -2.81425712e+00  -7.93691464e+00  -5.72246677e+00  -7.35206638e-01
  -3.63700836e+00  -4.79891424e+00  -5.34023564e-01  -5.42179455e+00
  -1.22231681e+01  -1.56678057e+01  -1.43835594e+01  -2.02492272e+01
  -2.48863382e+01  -2.67325280e+01  -2.96909448e+01  -3.49883119e+01
  -2.98906510e+01  -3.18762745e+01  -3.49367973e+01  -3.86553739e+01
  -3.40150450e+01  -3.67178276e+01  -2.76405145e+01  -1.54898984e+01
  -2.24447827e+01  -9.31448352e+00   1.03623823e+01   1.19825616e+01
   1.06900538e+01   9.46354546e+00   1.19785446e+01   1.44570301e+01
   1.15421231e+01   1.46137200e+01   1.48616338e+01   9.98799415e+00
  -1.19198173e+01  -1.86022091e+01  -2.02619063e+01  -1.99219672e+01
  -1.62960110e+01  -1.47233199e+01  -2.06556899e+01  -1.70414635e+01
  -1.98313634e+01  -1.84692434e+01  -1.61231264e+01  -1.41253468e+01
  -8.05790435e+00  -3.70254963e+00  -6.29024124e+00  -4.75619488e+00
   4.62343593e+00   2.30836390e+00  -1.45265965e+01  -3.42575239e+01
  -4.96777066e+01  -5.73897805e+01  -6.60718801e+01  -7.13591017e+01
  -7.42690805e+01  -6.85008989e+01  -6.21881308e+01  -5.85848492e+01
  -5.98572051e+01  -4.78322155e+01  -3.65523590e+01  -2.64941924e+01
  -1.94906540e+01  -9.26237713e+00   1.98297639e+00   7.00784073e+00
   1.55426930e+01   1.53805562e+01   1.79200024e+01   1.28575419e+01
  -8.75362665e+00  -1.30214820e+01  -1.80382180e+01  -1.51855097e+01
  -2.83472198e+01  -2.81903009e+01  -2.87890026e+01  -2.58917684e+01
  -2.03863088e+01  -1.47266853e+01  -1.98232425e+01  -2.20807179e+01
  -2.25211885e+01  -2.11206896e+01  -1.61918854e+01  -7.26093452e+00
   3.56132344e+00   1.34995725e+01   2.67513073e+01   2.86921490e+01
   2.87583706e+01   2.25362250e+01   1.83820777e+01   2.02287902e+01
   2.83199863e+01   2.50003591e+01   1.62188413e+01   6.00185505e+00
   7.11831904e+00   9.45060113e+00   4.00635010e+00   2.50375244e+00
  -2.01930758e-02   1.24908962e+00   1.15093483e+00  -5.34548864e+00
  -8.68809978e+00  -7.73084825e+00  -1.08724152e+01  -7.13482486e+00
  -3.50386869e+00  -5.90252220e+00  -2.30933613e+00  -2.18675034e+00
  -5.27746530e+00  -1.00924112e+01  -1.24987117e+01  -8.84703285e+00
   3.17093648e+00   1.02366830e+01   3.69364846e+00  -1.59111266e+01
  -1.93867725e+01  -1.92501878e+01  -2.01644558e+01  -1.80863718e+01
  -1.70134619e+01  -1.21525189e+01   2.04712724e+00   1.16958113e+01
   1.30405645e+01   6.38114194e+00   2.23750274e+00   5.71142535e+00
   1.76184431e+00  -1.75446655e+00   4.00754305e+00   1.06723423e+01
   1.14806860e+01   1.06919273e+01   2.70014657e+00  -1.20890076e+01
  -2.11541737e+01  -2.14407684e+01  -6.00284212e+00   1.31019924e+00
  -3.11654444e+00  -7.16301593e+00  -1.19421965e+01  -1.03913169e+01
  -1.27381642e+01  -2.23562261e+01  -1.81455921e+01  -1.18558258e+01
  -1.30657432e+01  -1.57641433e+01  -9.38604946e+00  -1.35566882e-01
   2.04537111e+00   3.87706189e+00  -1.54245959e+00   2.27228747e+00
   1.22884141e+01   1.16684239e+01   7.07376936e+00   2.23976147e+00
  -2.05295211e+00   4.38528357e-01   3.56959298e+00  -1.40027624e+00
  -1.08084750e+01  -1.09374377e+01  -1.41500086e+01  -4.66429602e+00
   4.28843570e+00  -2.07662571e+00  -1.33275254e+01  -1.21912546e+01
  -1.30836895e+01  -1.56994636e+01  -1.09253661e+01  -1.14153870e+01
  -8.54767931e+00  -9.02559385e+00  -7.81206824e+00  -1.11456273e+01
  -6.83231300e+00  -2.31184125e+00   9.67854096e-01   1.31904017e+00
  -7.37996455e+00  -1.23170088e+01  -1.39193896e+01  -9.77542467e+00
  -9.04346275e+00  -1.13501892e+01  -2.44350119e+00  -1.97612837e+00
  -1.42190989e+01  -7.50508714e+00  -1.52969374e+00  -3.01132370e+00
   1.23552177e+00   4.60607239e+00   4.20753482e+00   1.28521261e+00
  -7.85006654e+00  -1.10775980e+01  -1.08117686e+01  -8.95881396e+00
  -3.75367529e+00  -5.83605762e+00  -5.26872501e+00  -5.93977394e+00
  -4.70409615e+00   6.91432280e+00   9.78615522e+00   1.62568134e+01
   1.69390920e+01   1.75106709e+01   1.91238394e+01   2.20504239e+01
   2.15004963e+01   2.17493062e+01   1.67534932e+01   1.17517550e+01
   1.37268205e+01   1.65946452e+01   9.76882637e+00   7.81115279e+00
   3.94514881e+00   3.36401784e+00   6.60794027e+00   1.79911252e+00
  -4.53939410e-01],[ -4.52944776e-02   1.82728814e+00   3.88126804e+00   1.27688161e-01
   8.28586457e+00   1.65702076e+01   2.48671056e+01   1.83766639e+01
   7.05520974e+00   4.57572519e+00   1.54048632e+00   2.24656065e+00
  -1.29657097e+00  -3.33254793e-01  -1.33055818e+00   6.68281771e+00
   1.25323571e+01   2.12113846e+01   2.31849525e+01   1.77509478e+01
   1.57245148e+01   9.47727030e+00   1.08982354e+01   1.48905526e+01
   1.53037216e+01   1.12754235e+01   1.58984779e+01   2.03035007e+01
   1.45420771e+01   7.87255635e+00   1.59367961e+01   1.15740979e+01
   5.51559589e+00   1.41047472e+00  -2.16222034e+00  -6.61022194e+00
  -3.21008483e+00   9.36225575e-01   3.64807485e+00  -4.46392564e-01
  -5.19306768e+00  -1.87190324e+01  -1.96793355e+01  -1.64239212e+01
  -1.36897370e+01  -7.20154676e+00  -7.50206073e+00  -1.03111100e+01
  -1.85486562e+00   4.95849425e+00   1.06078799e+01   1.44874080e+01
   1.39014267e+01   1.76577369e+01   1.93285201e+01   1.64166515e+01
   3.39527056e+00   2.27587518e+00   9.71225743e-02   4.33471262e+00
   4.26906927e+00   2.27597897e+00  -1.87649403e+00   1.59278559e+00
   2.32094163e+00   4.23372680e+00   1.01074651e+01   1.66002117e+01
   2.07003048e+01   2.47140944e+01   2.13649538e+01   1.68658190e+01
   1.26180467e+01   1.04403995e+01   2.47650064e+00  -3.63247341e+00
  -1.26911581e+01  -7.92934945e+00  -5.09886992e+00   2.68145522e+00
  -1.30929917e+00   3.82996557e+00   1.08349856e+01   1.03514368e+01
   3.40229994e+00   1.11463727e+01   9.13993610e+00   4.48168166e+00
   1.12773645e+01   1.81887693e+01   2.96330476e+01   2.84466895e+01
   1.88862427e+01   1.14485136e+01   1.60541358e+01   1.92363008e+01
   7.00667649e+00  -2.15251848e+00   4.95137036e-01   1.21649773e+01
   1.21243939e+01   8.86117212e+00   8.99146560e+00   6.35337099e+00
   7.18635330e+00   1.72716404e+00  -6.87272974e+00  -8.20788938e+00
  -1.52426064e+01  -2.62321656e+01  -2.43337447e+01  -1.20760902e+01
  -2.81596962e+00  -9.58176117e-01   1.40392313e+01   1.49011887e+01
   1.19634845e+01   1.87261167e+01   2.39616948e+01   2.40292008e+01
   1.96371603e+01   1.57695889e+01   1.38878650e+01   1.04511143e+01
   1.05976182e+01   1.34673231e+01   1.70628479e+01   2.40905247e+01
   2.18093053e+01   2.14654449e+01   1.68176729e+01   9.73576528e+00
   1.15101752e+00  -1.89042301e+00  -1.87497953e+00  -1.06455513e+00
   4.23211869e+00   2.62048321e+00   4.10753626e+00  -2.29063044e+00
  -1.21799079e+01  -1.81373927e+01  -1.66821451e+01  -9.59559907e+00
   9.03370392e+00   1.46044376e+01   1.17397294e+01   9.94160530e+00
   1.13151188e+01   2.00162794e+01   3.37430420e+01   3.88435295e+01
   4.34340566e+01   4.13033601e+01   4.25417587e+01   4.55121187e+01
   4.72598507e+01   4.63394839e+01   4.55317971e+01   4.49856038e+01
   3.92115321e+01   2.73756461e+01   2.61828524e+01   2.89511180e+01
   2.28686767e+01   2.35531944e+01   2.51006879e+01   2.28465119e+01
   1.70125466e+01   8.51620547e+00   9.48017991e+00   1.44666915e+01
   1.31742266e+01   2.25832563e+01   2.21950018e+01   1.88977390e+01
   9.44138438e+00   3.01645669e+00   6.52242109e+00   1.51216521e+01
   1.76208607e+01   1.37262526e+01   1.59984022e+01   1.36416141e+01
   1.20833073e+01   1.88735380e+01   1.95436163e+01   2.10438763e+01
   1.78223248e+01   1.47613446e+01   1.87471376e+01   2.34384326e+01
   2.21517137e+01   2.29687258e+01   1.88726974e+01   9.67542499e+00
  -1.46639555e+00  -1.51633925e+00  -1.74221254e+00  -1.53008776e+00
  -1.66667413e+00  -4.46756100e+00  -1.08115412e+01  -8.09215270e+00
  -5.48924706e+00  -4.14560831e+00   2.44374604e+00   3.67254578e+00
   1.29677917e+01   1.46239102e+01   1.44815328e+01   1.31710156e+01
   1.78192524e+01   1.50528253e+01   1.02160629e+01   6.91219585e+00
   1.27554415e+00   1.53427305e+00   3.14736232e+00   1.07622093e+01
   1.19765720e+01   1.36051206e+01   1.76352437e+01   9.95000403e+00
  -7.64011898e+00  -9.74519474e-01   1.17641022e+01   2.06549437e+01
   2.14780644e+01   1.96948969e+01   1.88884588e+01   1.44146038e+01
   8.37206851e+00   1.13125699e+01   1.06457890e+01   8.64167327e+00
   8.80283580e+00   1.36279478e+01   1.92027261e+01   2.44883600e+01
   2.41120935e+01   2.20665853e+01   2.61538559e+01   2.65662669e+01
   3.26641473e+01   3.51528632e+01   3.00284404e+01   2.58108044e+01
   2.63103729e+01   2.42779101e+01   1.84764740e+01   1.96667577e+01
   2.23359384e+01   2.11330188e+01   2.31565810e+01   3.02165948e+01
   3.19553953e+01   3.23461333e+01   2.89532725e+01   2.29377391e+01
   2.09960554e+01],[ -0.57360088  -3.5424394   -5.76727357  -8.19947672  -9.47423637
  -6.7690662   -1.31495634  -1.48762859   0.26463017  -5.0476736
 -13.35082432 -14.82129169 -19.73316227 -17.37106096 -23.25680628
 -30.41574969 -28.73645329 -16.31907342  -7.10876467  -1.72558465
  -7.06287238 -21.55500174 -23.93027    -20.75745289 -15.86282615
 -12.98607655 -14.24584879 -14.1211059  -16.31807008 -12.34193516
  -2.02478776 -10.41514306 -17.22693994 -15.53236925 -10.71060547
  -7.0140485   -6.72836633  -7.35141214  -5.14520103  -8.24135298
 -10.81979976 -20.98232844 -22.697804   -22.36378679 -15.68062666
  -6.80829719 -11.81425007 -11.77762869  -2.38290097   0.38745198
  -2.1769356   -9.09450758  -8.0169946   -3.92918681  -3.33221975
  -8.27892591 -22.88404089 -20.08992182 -20.28955108 -17.16553846
 -15.60028558 -17.5664593  -19.35202233 -17.6663779  -21.900994
 -30.97168478 -30.62831246 -31.5464959  -29.41220987 -20.38455814
 -10.62103246  -5.4866556   -6.10832467  -1.18152654  -1.73604911
   8.37510884   7.71425803   7.84542447   8.63040842  12.2617246
  11.43109804  10.69799639  15.37260849  13.50309319   8.90745243
  10.46819929   0.18444448  -4.1511301   -2.49267005 -10.49788664
  -8.94946917 -10.64892711 -13.90375655 -19.89583231 -23.2467085
 -20.19940506 -20.85478551 -19.42558575 -18.63619821 -14.45366437
 -17.74005799 -17.83893868 -13.61548581 -13.84731085 -15.7922187
 -23.37266934 -34.5513899  -36.57707658 -36.73858128 -32.89717312
 -24.2110198  -21.73207015 -24.45831955 -31.82514888 -29.17160153
 -24.34668354 -21.55143458  -5.43917663  -2.61685639 -13.40639977
 -24.74843446 -24.97170162 -15.48624976  -8.80384774 -11.60593453
 -15.03603309  -7.24258445   2.42755182   0.21860449  -0.10200129
 -11.13712594 -15.04664705 -17.10777508 -15.17625556 -11.2780481
 -14.01295005 -11.44015458  -6.94993725  -3.3119271   -9.43583487
 -15.60952707 -16.08447693 -14.0115582  -12.30385143   1.97472906
  -0.510927    -5.02915434 -14.18032136 -14.977038    -0.61118669
  10.01515843   8.70765299  16.74483669  12.82694179   1.20847723
  -1.25561796  13.30961945  18.34954837  17.53144945  16.49823949
  13.43913457   5.84721073   1.97015923   4.25215804  -2.65891668
  -2.73143914   0.16588553   5.09355561  10.90806108   9.91039008
   1.87639241  -3.59709581  -3.87693126  -3.99618397  -6.25943657
  -7.60936613 -11.68002777  -9.31707703  -2.06653921   3.57440551
   4.1749141    3.57451572   4.4320534   -2.74456079  -3.49212672
   1.28987097  -0.52539638   0.14528892  -4.49160557  -2.4948938
   3.23745645  -3.62383841 -13.64617917 -11.71043021  -4.40985578
   3.65011025  -3.48738221  -9.38990209 -17.12079196 -21.5484878
 -24.95686836 -21.25077086 -22.35423055 -19.20268814 -13.11975068
  -8.69684886  -7.40903852 -14.37829034  -8.95714419  -5.5684129
  -1.17033518   0.89112881   9.18653752   2.45532121 -14.96013119
 -18.36027647 -20.89677469 -20.45228895 -10.35505987   3.02710992
  -0.47629996   1.72537217  -4.90928257 -24.52146081 -32.04924939
 -20.20365063 -10.09660439   1.97645971   9.03630705   8.38169988
   5.86659228   9.88294818   8.11636113   1.16947673  -4.05153828
   2.4177224    7.4018444    6.47551125  12.45181186  13.40398158
   7.82598645  -1.83057281  -2.14612084  -2.78056541   5.67389527
   5.88410011  -3.30835565 -11.25665206 -10.76488145 -11.95416376
 -14.49272776 -11.22033756  -7.32099624  -7.02529046  -4.54318428
  -2.42845023  -8.97565695 -11.4133398   -4.6454596   -2.7201251
  -1.28795622],[ -0.97236775  -5.14340538  -3.82142541   3.53285422   6.15108687
   8.24111652   6.44664581   4.86019923  -0.56386972  -0.76729079
  -2.74627939   1.33982506   2.49749262   6.00999892  10.28887132
  14.82152571  12.72741808  14.2100336   14.56298364  12.52195149
   6.03811729  -1.67771856  -1.43201838   0.09505855  -1.36462725
  -0.69681453 -10.1506613   -8.82173691  -4.52222607  -0.51745768
   2.19925779  -1.39434668  -3.51547119  -3.14618061   5.03933565
   5.98059115  -0.33970591   0.25048565   2.398359     4.05928848
   2.75785232  -4.72469683   0.57382628   3.63703109   6.61144823
  11.25395963   9.1798042   12.62134294  17.49431346  20.18896847
  17.58437649  10.47172247  11.93795863  16.21244065  15.46633369
  14.52138923   2.78196799  -8.04888078 -13.01240136 -11.57814944
  -8.24463703  -7.83355258  -9.24853803 -10.81866166 -12.86950983
 -13.51350536 -13.60413407 -14.94944311 -14.51999678  -5.07810287
   1.15628473   5.87673325   6.05682734   0.41939453  -8.05827705
  -7.8264326  -13.72263291 -11.11137579  -8.39527331   0.42131541
   8.25068784   4.94691275   3.02829727   0.56276375  -3.53812415
  -7.40547803 -10.53178383  -8.39937206  -2.28880532   2.84903659
   2.24163627  -3.96021533  -5.39351309  -6.09501824  -6.35804223
  -6.02666903 -12.37406703 -13.32994347 -15.75627308 -14.37838083
 -18.61786377 -17.06001575 -13.43296048 -12.83900367 -18.2059751
 -20.52322235 -24.24460188 -20.4985844  -13.39674184  -3.84612699
   7.8031957   19.38265282  28.15377709  33.36090302  33.16842053
  40.6904562   35.30331806  25.38248826  17.55749706  25.52485222
  28.91687295  28.62719402  22.49749269  21.87385038  14.48635794
   8.46874694  14.74784593  13.87360425  14.46940721  15.89846056
  10.12470695   9.86974028  10.78145236  10.64746165   5.91837096
   5.56931859   6.58863053   4.19724021   7.67583329   4.13407311
  -3.2668153   -5.47654099  -0.57377933   1.93774308   3.6184225
   8.21649959  16.29910634  12.22189855  12.77091478  14.40270528
  14.52636251   5.11394366   6.29739183   6.83853871   0.71672063
  -3.85072065  -0.06787405   0.37002915  -0.96516326   0.29687927
   2.65125855   0.806464     1.77767873   2.25659967  -2.89636594
   5.58082409  18.49450627  18.07077353  24.01334785  24.5189249
  14.62894314   3.69340321   7.09504823  12.26059003  22.88070419
  30.97387676  14.7237553    5.6862324    4.07285994   3.16924459
  -1.60541134  -9.81397262  -8.6625958   -6.81471523  -4.55381369
  -3.25773705   3.21211989  12.12788893  12.8923532   11.8194866
  16.76995374  14.59448986  11.07951239   9.80864828   6.58835775
  12.00529021   7.20026507  -1.59106943  -9.69431457  -1.16198031
   5.52648509   9.74289702   8.65758828  11.26824373  18.01667115
  19.11345524  20.91359245   7.36888983   5.75529124   2.82811443
   4.03852984   4.66841073   9.11855325   3.39515794  -6.33604818
  -7.68447647 -10.4022288  -13.07143165  -9.39589058  -2.76933112
  -3.55256771  -1.05087009  -1.29147907  -1.61900202   0.58996787
   8.19836675   6.74505107   6.49065921   5.5269025    7.03565457
  12.47648284  16.37627782  19.77605167  18.20855262  14.98552095
  19.29632087  17.69742409  14.16818974  16.50860806  13.45351126
  12.40286168   7.95121071   5.54351448  10.12712092  12.96877847
   9.2219385    1.47455669  -7.10112587 -11.43867192  -9.65834166
 -13.84699906 -16.66309051 -18.69373336 -19.01962077 -14.62254583
 -12.8960454  -21.24906968 -17.18784942   0.04686327   9.88502981
  17.4736939 ],[ -8.32035555e-01  -1.14315038e+00  -2.25570713e+00   1.86223865e+00
   3.53741111e+00   5.34556876e+00   4.79330932e+00   8.43730423e+00
   9.66962921e+00   3.58832908e+00  -4.01054507e+00  -3.96792718e+00
  -7.17178265e+00  -6.27403114e+00   1.09888515e+00   3.36733896e+00
   2.09327180e+00   1.17351294e+01   1.61402278e+01   1.00213435e+01
   8.60604649e+00   1.58893261e+01   1.87802669e+01   1.77633239e+01
   1.88511810e+01   1.74730014e+01   1.24965402e+01   9.83906714e+00
   7.38133806e+00   3.65862219e+00   2.71901812e-01   9.61383777e+00
   1.32434458e+01   1.37950264e+01   1.89519866e+01   1.30764087e+01
   3.58273594e+00   1.60835502e+00   3.52736135e-01  -4.11864975e-01
  -3.36606365e+00  -1.35080163e+01  -1.66946993e+01  -1.40568798e+01
  -1.58934050e+01  -1.66689667e+01  -1.65775703e+01  -1.35102593e+01
  -3.03133211e+00  -4.91953433e+00  -4.73070568e+00  -4.92715569e+00
  -3.86477637e+00   1.07023758e-01  -3.52509798e+00  -7.08789324e+00
  -1.23005766e+01  -2.37536053e+01  -2.92395268e+01  -2.34989229e+01
  -2.04298516e+01  -1.59477530e+01  -1.62284159e+01  -2.26749585e+01
  -2.68478503e+01  -1.73715657e+01  -4.10087803e+00   8.85180183e-01
  -6.73138562e+00  -3.89499563e+00   3.87744939e+00   4.59196763e+00
   2.01153079e+00  -5.05265597e+00  -1.02117541e+01  -9.48836015e+00
  -1.10351367e+01  -6.49579108e+00  -3.14864179e+00   1.49540600e+00
   5.76974182e+00   1.03676222e+01   1.17244702e+01   9.15557229e+00
   6.85666894e+00   2.17541236e+00  -4.16648280e-01  -8.45046277e+00
  -6.69104995e+00   6.58595915e+00   8.96031203e+00   1.05976313e+01
   9.63540210e+00   9.94021498e+00   1.08657166e+01   5.50061916e+00
  -4.65738718e+00  -1.50525567e+01  -1.84167775e+01  -1.37693028e+01
  -8.81804851e+00  -1.13320724e+01  -1.19565777e+01  -9.54026286e+00
  -1.29769921e+01  -1.41497923e+01  -1.18752277e+01  -1.17206482e+01
  -2.03322123e+01  -2.88269710e+01  -2.48623662e+01  -1.07730588e+01
  -4.72474349e+00  -5.07342716e+00  -6.04084432e+00   9.14459554e-01
  -5.96093155e-01  -8.79054482e+00  -6.90155066e+00  -5.55587036e+00
  -5.89108541e+00   1.23828303e+00   4.53179265e+00   2.80849066e+00
   1.29920185e+00   1.09143835e+00   8.65596747e+00   4.72261525e+00
   4.67818217e+00   5.03057797e+00   6.24159332e+00   9.25718256e+00
   9.24138304e+00   7.80526720e+00   2.56421486e+00   7.12462090e-01
   1.06231149e+00   2.52000954e+00   3.45358968e+00  -1.39287134e+00
  -1.07629591e+01  -1.17904745e+01  -7.31720314e+00  -7.63040642e+00
  -1.27636420e+01  -1.36256290e+01  -1.42103264e+01  -1.59733173e+01
  -1.29836433e+01  -1.03210474e+01  -2.58367557e+00   4.14852700e+00
   6.63301870e+00   1.12296586e+01   1.43997692e+01   1.74014576e+01
   1.97832023e+01   1.80489794e+01   1.64180807e+01   1.37469459e+01
   1.36650645e+01   4.49923014e+00   4.37287007e+00   2.25544075e+00
  -1.54183148e+00   7.41338204e+00   1.23609640e+01   9.74372416e+00
   3.31163458e+00  -7.32128414e+00  -9.93996749e+00  -7.19655534e+00
  -6.48928324e+00  -5.12392196e+00  -2.51396966e+00   6.91536427e+00
   7.93986359e-01   1.24790198e+00  -2.33280884e+00  -5.41280600e-01
   6.50065637e+00  -4.21162760e+00  -2.65671083e+00  -1.39956880e+00
  -4.71992647e+00  -1.07277007e+01  -3.67781289e+00   2.49333698e-01
  -6.17338262e+00  -1.05338498e+01  -1.61044206e+00   2.99140510e+00
   6.19874362e+00   3.32191181e+00  -4.40654410e+00  -3.38292185e+00
  -4.14955943e+00  -1.01435576e+01  -1.12080153e+01   1.57405667e+00
   1.41880962e+01   8.99762711e+00  -1.86082240e+00  -8.63486947e+00
  -5.21013431e+00  -7.31286247e+00  -3.89578866e+00  -6.42891959e+00
  -3.63871645e+00  -6.10586978e+00  -4.21175891e+00  -1.78368602e-02
   9.33290193e-01  -3.76855742e+00  -1.78596046e+00  -4.02194317e+00
  -7.73305705e+00  -6.40533212e+00  -1.00778403e+01  -7.26826583e+00
  -4.93324394e+00  -7.30712696e+00  -6.01900505e+00   7.61482313e-01
  -8.19907663e+00  -6.98489510e+00   6.41503569e+00   1.09479466e+01
   4.99414219e+00   1.41988697e+00   5.99106602e+00   3.20462852e+00
   1.92648273e+00  -5.15500421e-01  -2.22149097e+00  -7.29407184e+00
  -1.27245955e+01  -7.71960589e+00  -9.78470462e-02  -4.18195360e-01
   2.75647740e+00   3.11114849e+00   1.36815841e-01  -3.46376155e+00
  -1.05461913e+01  -9.68589703e+00  -6.28423103e+00  -4.95152525e+00
  -5.46273396e+00   4.99806460e+00   7.33004100e+00   8.01874308e+00
   4.45009265e+00   1.97245453e+00   6.17127374e+00   1.05804186e+01
   8.62051259e+00   5.97591736e+00   8.15613340e+00   1.12246116e+01
   1.74469498e+01],[ -2.56787853e-01  -4.56707265e-01   1.38173889e-01  -4.52885105e+00
  -3.82173731e+00  -2.33913056e+00  -2.56477653e+00  -9.29515644e+00
  -7.83320966e+00  -1.03517709e+01  -1.73954611e+01  -1.94307249e+01
  -1.78641114e+01  -1.28389386e+01  -6.29370182e+00  -2.29159794e+00
  -2.00755582e-02   8.67440960e+00   1.40494031e+01   1.60815058e+01
   7.90525052e+00   7.83370196e+00   8.37250276e+00   6.91182185e+00
   1.28685916e+01   1.67905946e+01   1.26116615e+01   5.43443626e+00
   2.36877598e-01  -2.66500045e+00  -4.88820077e+00   9.35785205e+00
   1.03697580e+01   1.35570922e+01   1.34571784e+01   4.81259196e+00
  -4.18333920e+00  -6.85159549e+00  -8.72993509e+00  -1.07754244e+01
  -1.44859069e+01  -1.92268118e+01  -2.16696975e+01  -1.32448768e+01
  -1.04424427e+01  -9.84669568e+00  -6.88386316e-01  -4.96735821e-01
   4.79335962e+00   3.17033517e+00  -4.56708583e-01  -1.06645119e+00
  -1.29607699e+00  -2.09550587e+00  -9.85946678e-01  -8.53608948e+00
  -1.89579062e+01  -2.60474859e+01  -3.57217946e+01  -3.37267157e+01
  -2.82732457e+01  -2.10691732e+01  -1.23889245e+01  -1.12302666e+01
  -1.66620354e+01  -1.28495606e+01  -1.12174152e+01  -1.65715984e+01
  -2.53554055e+01  -2.44915566e+01  -1.23962057e+01  -9.75999466e+00
  -6.80904575e+00  -7.07421547e+00  -6.94321004e+00  -4.72414830e+00
  -4.63869374e+00  -5.27097718e+00  -5.45855768e+00  -1.12446424e+01
  -1.54747102e+01  -1.03496091e+01  -5.24409495e+00  -7.84718847e+00
  -6.56767965e+00  -3.03233874e+00   2.37256178e+00  -9.73922270e-02
  -2.57975325e+00  -4.95211052e+00  -9.78299037e+00  -4.16773767e+00
  -8.94529605e-01   3.90893288e+00   1.25565866e+01   1.53006815e+01
   1.58484047e+01   1.25049724e+01   1.12848112e+01   1.62389076e+01
   9.30784700e+00  -9.16202929e-01  -6.75880296e+00  -1.08616695e+01
  -1.14299911e+01  -1.13921206e+01  -3.47094695e+00  -4.23298706e+00
  -1.89141383e+01  -2.04748157e+01  -1.54280202e+01  -1.29082187e+01
  -1.33148323e+01  -1.01354580e+01  -7.66057044e+00  -3.32209025e-01
   1.16754206e+00  -5.64134784e+00  -2.06487950e+00  -4.86636812e+00
  -7.34388300e+00  -4.63337401e+00   1.30401590e+00   7.66776316e+00
   7.20313757e+00   4.38330162e+00   2.74109687e+00  -4.32665413e+00
  -7.30570021e+00  -8.10083768e+00  -8.37075774e+00  -1.00041705e+01
  -1.00685837e+01  -6.80588664e-01   1.42880825e+00   8.92885153e-01
   2.79318963e+00   6.91575001e+00   7.38106107e+00   5.71980348e+00
   3.77514748e+00   5.20806460e+00  -5.12414316e-01  -6.25524453e+00
  -6.19249764e+00  -4.70230497e+00   2.33698475e-01   8.13239554e-01
  -1.10649235e+00  -8.60826509e+00  -1.31902723e+01  -7.17867582e+00
  -1.08173944e+01  -5.04889551e+00  -6.40371871e+00  -9.80804791e+00
  -9.97496820e+00  -4.90883553e+00  -3.18370918e-01  -8.98565005e-01
  -1.78011230e+00  -9.64347336e+00  -6.21123740e+00  -5.27590130e+00
  -4.55088515e+00  -1.16968216e+00  -3.14823305e+00  -1.26729878e+00
  -2.02673007e+00  -4.51227354e+00  -8.22240263e+00  -4.17634879e+00
  -7.39522931e+00  -1.12978017e+01  -1.57148990e+01  -1.62977070e+01
  -1.24484063e+01  -3.35387009e+00  -6.80219568e+00  -1.49214999e+01
  -1.07907526e+01  -1.14982613e+01  -8.28501115e+00  -8.82014374e+00
  -1.17823676e+01  -1.45815943e+01  -1.26372059e+01  -9.44007265e+00
  -2.44125032e+00  -3.32745138e+00  -4.74761242e+00  -1.07189485e+01
  -1.24700197e+01  -1.53012687e+01  -1.33880073e+01  -2.70486374e+00
  -2.84917077e-01   3.91192853e+00   1.42622920e+01   2.13906574e+01
   2.81852524e+01   2.14096623e+01   4.38294859e+00  -6.23472589e+00
  -6.01522931e+00  -1.08946846e+01  -1.47863315e+01  -1.56801505e+01
  -1.60777337e+01  -1.58105395e+01  -7.70522954e+00  -9.07775298e+00
  -7.25270579e+00  -3.77275907e+00   4.09210824e+00   4.10070841e+00
   3.48705070e-01  -2.11055701e-01  -7.22427866e+00  -7.66870247e+00
  -8.38055374e+00  -1.02942137e+01  -1.11012051e+01  -6.11826220e+00
  -1.20951380e+01  -1.29054064e+01  -2.87800680e+00   2.39782001e+00
   3.97701054e+00   6.75753746e+00   8.91395924e+00   6.52361219e+00
   8.15412156e+00   1.94974898e+00   1.55196014e+00  -5.28839595e+00
  -1.29477303e+01  -1.48198418e+01  -1.40983688e+01  -1.79750142e+01
  -1.89863212e+01  -1.11598037e+01  -7.21007377e+00  -6.76557606e+00
  -9.44942352e+00  -1.00998661e+01  -8.14476333e+00  -7.19561048e+00
  -7.54143432e+00  -1.82803849e+00   6.99887810e+00   6.73395193e+00
   5.19576339e+00   8.94609925e+00   5.81904065e+00  -6.65118474e-01
  -7.06802794e+00  -6.97396805e+00  -5.68511100e+00  -3.51009007e+00
  -2.32873823e+00],[  0.22834505  -0.23903129   1.77274424  -6.8340523   -1.65661546
   1.726662     3.21690431  -3.87193902  -6.24475692  -2.64603501
  -2.60704682  -1.82955967  -3.17631368  -6.89002541  -2.60637401
  -0.47761753   2.02042128   4.76917289   5.83613716  11.71267546
  11.63987237  14.65221717  17.82740312  18.82249868  19.12986745
  18.54658086  11.043587     6.50661838   6.1747186    2.97000429
   5.65024782  12.39362414  11.65775427  14.21571172  13.03386907
  10.67883126   6.39633779   9.656843     6.90864558   3.45528769
  -5.89923244 -13.64631281 -14.7283248  -13.5020937   -7.64644107
 -10.3004978   -9.47734343  -8.58113536  -4.0433604   -4.62891531
  -8.39207332  -5.42326358  -0.68719455  -4.76888228  -0.50998802
   1.98828205  -3.53189751  -9.23903294 -15.94024759 -15.87043923
 -11.9721814  -11.39144996  -8.05402183  -2.61630617  -2.46246752
  -3.25731409  -3.08293514  -4.4991948   -0.96034676   1.0767206
   3.6141807    1.32644057  -1.63905936  -6.59305013  -5.89219486
  -1.97808405  -0.19283842   2.25849374   3.61989295   1.94942603
  -3.11155773  -7.10889137  -4.75372212  -5.32721955  -3.44104085
  -4.15808679  -1.70516017   3.49599537   3.28246035  -4.97148464
  -5.92637076 -11.56389672 -10.17229331  -6.3244686   -3.67566204
  -4.36158738   4.04357915   6.04694401   8.9214079   20.64551975
  22.64214882  17.6115477   16.79363134  11.35506308   3.93685173
   3.48911408   0.44119392  -3.59510938 -13.79085121 -15.98224675
 -11.32505926 -15.69550604 -17.93549448 -10.59512955  -6.67687408
  -2.53231565  -4.51901378  -9.36510752  -7.65570072   2.69743111
   2.55110051  -4.87057856  -7.8344474   -2.58610011  -2.09824226
  -1.54979756  -5.39614999 -16.64991538 -13.56239623  -9.17433873
  -7.8400255   -9.46442252  -9.9870247   -2.53596063   0.71468682
   0.94366679   2.31278777   3.08749691   2.14815105  -3.48595468
  -8.68523697  -9.28261123 -11.97695174  -8.5693614   -5.37105886
  -1.81656683   8.36489776  17.61663092  15.8510302   -0.09821266
  -6.53418239  -3.51810998  -8.64518298  -2.38557097  -0.4405887
  -6.2707743  -11.64169551  -9.15057337  -3.90395435  -4.26833235
  -1.01857146   3.36676327   7.0529303    3.94228326   1.25676786
  -3.45343502  -6.32989052  -9.11952676  -5.76846481   7.11914585
   8.60425617   7.11125141  11.43184776  20.08203865  20.10944713
  13.3888906    8.0805557    4.45535035  -2.99002703 -10.55500109
  -8.21545657  -8.65425985  -9.55068941  -9.22772535 -10.0661257
  -5.82807864   0.44167969   1.23936342  -3.5258357   -9.2119575
  -3.9702738    3.83258904   3.68639282   2.19916528  -0.5421585
  -1.19385188   3.75262756   7.10477387   8.37280212   8.11094908
   7.09647031   7.05939063   5.24835209   6.79702485   5.74343554
   0.68975127  -3.25245057  -6.23602386  -7.4370908   -5.48843833
  -1.90835863  -7.0403689   -5.02501103  -3.85109563   3.38559531
   6.49080435   7.94314428   6.04288891  -3.87085208  -8.60474972
  -3.52001836   2.09609912  -1.27190929   2.1280866    4.89192999
   6.21622896   4.15669737   1.94693875   4.13044632   7.84657923
   9.26749532  10.58185661  14.7309294   10.2782417    4.29305523
   1.85770409  -1.7134008   -3.49254455  -3.73129808  -2.81396345
   0.32617867   4.04414427   4.39209932   8.19915054   6.03792974
  -0.67005853  -0.99680552  -2.06167131   0.09447995  -6.14866917
  -2.15122911  -2.72150692  -2.22776894   1.54792314  -0.43799121
  -0.15787442   0.14178976  -1.48127553  -2.4408245   -0.14328504
   0.46427439],[  0.23755336   2.03627509   3.76567597 -12.70409579 -12.71624636
  -7.84935971  -6.02105601  -2.08860804  -0.6949926   -7.82081516
  -8.63716535  -7.24421118 -10.30609148 -13.69293812  -9.73896266
  -7.83185329  -1.75008331   1.76669868  -2.57402453  -3.63618179
  -5.72458406   0.5967008    3.97008311   6.68221391   5.11863207
   3.70180918   7.86736144   7.56490545   5.78416718  -2.01568449
   0.74058668  -8.69899582 -12.89415773  -7.57833444   0.7077589
   9.09812992   9.28074817   8.53841688  -0.48588556  -4.92845528
 -12.03589909 -13.67320334 -10.67194693  -6.97888876  -9.28270782
  -4.31114178  -0.81896902  -3.69105434  -9.30580611  -9.03652034
  -4.78619887  -1.68533354   0.40872972  -2.25135446  -1.65886386
  -2.49125869  -9.25081413  -8.01048801  -8.68382    -11.08124208
 -10.39059753 -10.35431706 -15.25688299 -18.56485369 -20.75715252
 -20.53615178 -16.49411738 -15.77361515  -9.73542928  -9.08998986
 -17.4694118  -18.91330369 -16.92222434 -13.65523473 -10.54193021
  -0.54022519  10.1135095   14.35542115  15.79276425   9.35796493
   2.84386309  -2.6178543    0.17498332   4.43648722   5.19119627
   1.28519802   0.71486369   3.19666784   4.03738427   4.62499279
   9.98333656   1.8547477    5.14097498   4.63651529   0.37950647
   0.26377988  10.37893594   4.85767142  -1.18856183   0.25144529
   2.70505092   5.88596078  10.20023755   9.19552971  -0.49561192
  -0.30928515 -15.42266226 -20.82294235 -24.9956875  -23.67682037
 -16.05252935 -14.61791647  -9.47117372  -5.6694972   -4.91513739
  -3.2106322   -3.31467836  -3.24383483  -1.484736    -0.63160386
   2.78642048   1.16115164  -2.17112876  -5.06593303  -1.0853392
   1.40987625  -5.23544658 -16.49004914 -15.57395272 -10.69404072
  -7.21227925  -4.30941972  -2.22475251  -2.86512369  -1.99623479
  -3.57862878  -8.44459058  -7.39092705  -6.8945289  -10.39531497
 -14.1193226   -7.2428246   -4.06848423  -0.28061654  -0.99314351
  -1.67399638  -7.77288775 -10.39700164 -11.11682882 -14.15596031
 -13.08198523  -5.92005293  -7.51695863  -5.31157517   0.77011973
   1.79027219   0.97237085  -1.59117137  -3.29481532 -12.20122834
  -7.90121279   4.18270971   4.62960607   1.7369824   -2.06909104
  -8.36504789 -16.1436289  -21.2785221  -21.08118969 -16.21639896
 -10.51645543  -5.49092359  -9.38347673  -9.71823378  -8.72652255
  -3.72952358  -0.23883644  -4.4037106   -8.67705589  -9.89160817
  -7.0984275  -12.7913154  -15.37313273 -10.81716946  -9.82437188
  -0.53084089   7.08744183   4.57151052 -14.24032451 -21.24778807
  -9.01074581  -3.53263042  -8.66380092  -1.44589768  -3.63492838
  -8.75204018   2.4996016    1.00499301  -6.49571731 -10.12208195
 -10.76509173  -4.06158133  -0.61177954  -0.80095161  -9.5991453
 -14.75368834 -15.48309754 -13.79856026  -8.36561193  -7.17637079
 -10.02059625 -11.52643634 -11.17695281 -13.90178674 -11.82825944
 -12.62420336  -8.80414452  -4.86481574  -7.79808388  -3.905745
   1.15700064   8.13474334  -1.43295889  -8.38268389  -7.2266722
  -2.51032326   0.26059584   0.82164903  -1.98424962  -4.18278846
  -2.85161175   2.53025939  -0.81921266  -1.11147862  -0.92023746
  -2.54907243  -1.38576074   0.59133763   5.31788748   5.20705219
   2.52752251  -4.3033645   -8.12914269  -5.52367309 -10.01429813
 -10.33403732   0.70501422   4.94323043   7.37016978   5.15131287
   6.52664505  10.74857405  10.67418588   7.88236011   3.54482295
   2.47474845  10.76220517   6.24946028   0.67230745  -2.14835624
  -1.84082253],[ -0.0783095    2.84907419   6.57981987  -6.31420702  -9.89079272
  -8.86314122 -12.13130149 -14.47028365 -21.08345636 -22.51781202
 -18.09657674 -14.24912366 -13.1776198  -15.47638593 -19.63131593
 -17.04738279 -12.5733508  -10.81746796 -10.66657431 -10.12267571
 -15.09817413 -11.43937023  -8.53043777  -8.19146933 -12.15924695
  -7.62169509  -1.160186    -4.85403141  -1.68885599  -3.03358771
  -0.74180462 -15.24743902 -23.69939646 -14.70972697  -5.02368186
  -1.41982001  -2.89502358  -6.04611739 -13.48556517  -8.69936665
  -8.33422668 -10.67024352 -11.54199013  -1.1257037   -2.40307194
  -0.90317086   0.6559906   -1.65351946  -6.1552849   -1.34702482
   2.6755787   -2.18125058  -6.177502    -6.01174498  -2.22820073
  -0.90217363  -3.83273695  -0.10653201  -1.45218344  -6.19229908
  -5.06945798  -3.20124159  -6.05948291 -10.21384805 -13.08574279
 -15.5633896  -13.3204067  -13.31304928  -5.76166687   0.73849688
  -4.04850621  -6.81012368  -6.72070603  -0.56491141  -4.9650813
  -3.66755811   3.95476704   8.54437497  11.13860879   2.52084845
  -0.3970142   -1.34094475   0.56597517   5.0629829    1.73030845
   4.42382328   2.93152491   3.59824784   2.96377311  -0.18277148
   2.907788    -2.94749669   1.48771295  -1.88932301  -4.28058359
  -3.96384256   3.68714509   7.47801858   2.64611098   1.51338521
   2.13535403   5.33552418  11.13553632   8.52707981   1.71877874
   3.73345229  -1.13772604  -0.83685304  -6.50682042  -7.22799261
  -7.27062172 -11.51299146  -7.65398005  -2.99991394  -1.30997567
   1.94410177   2.49968941   1.81127677   0.77760721  -2.00419983
  -1.76302148  -3.57369309  -6.57213879  -6.18573708  -0.89052223
   2.60021562  -9.42426832 -19.40634431 -19.2818212  -16.69596875
 -11.02142798 -10.05567458 -12.44254603 -11.26757636  -9.4350688   -4.010937
  -5.63031213  -5.86304616  -7.33969934  -6.64485995  -2.18181982
   7.76206617   5.92688299   1.43998904  -0.296471     5.75500144
   2.86983455   3.51358135   4.59217038   7.50609253   5.21492384
   7.09312641   7.23840933   2.8123853   -2.12712943  -7.0409594
 -12.41488499  -8.65637507  -8.62829763 -16.68924128 -13.19268027
  -3.59689629  -1.71401776  -0.92379077   1.43489004   2.41477444
   1.46843534   0.55581721  -1.78867825  -6.63907152  -6.20519429
   0.55517619 -13.99159963 -19.1620193  -14.27576997  -8.68445311
  -2.7562911   -5.54693353  -8.74133387 -12.52178764 -18.16814869
 -23.90402289 -20.39715778 -12.43364977  -9.40323989  -0.93820853
  -6.17328697  -5.78237798  -3.4750152   -5.77181297  -3.66572632
  -8.94605135 -13.74178755  -4.8853767   -6.38496786  -3.60394521
   3.71327256   3.36787803   0.28776779   1.66589477   4.377778
  14.52951832  14.45205161   8.98115149   0.73984412  -7.46198177
 -12.97912885  -8.00262716  -0.98808473  -1.81541188  -6.68861537
  -8.32331519 -13.43111959 -13.0701332   -8.13848336 -11.28974499
  -7.40141337  -4.42580895  -2.74381072   0.87034724   0.48959179
   6.54658306   2.31148548  -0.98096437   0.85799935   2.96956251
   5.32435493   7.08328508   2.65183391   2.38425011   3.80022576
   1.01330362  -2.2525307   -2.0308017    4.41448458   3.62859523
   7.26984133   6.07100787   6.38936128   3.41609028   0.36530611
  -9.85754729 -12.28221773  -8.60484569 -11.70372039  -9.56555225
  -3.41821115  -1.58554808   0.20841079   1.31613113  -0.64444544
  -3.60609002  -5.26375757  -5.5400081  -10.27808936 -18.25811054
 -10.26605388  -4.17240141  -1.28681235  -0.35840996  -1.2594625 ],[ -2.39744569e-01   4.58917578e-01   1.18322133e+00   1.49668611e-01
  -4.95262831e+00  -8.55928669e+00  -1.50231674e+01  -1.71353665e+01
  -1.64637097e+01  -7.57464356e+00  -4.79037506e+00  -6.01260386e+00
  -7.14708554e+00  -1.03441600e+01  -1.29173651e+01  -1.35687668e+01
  -1.49296117e+01  -1.60269016e+01  -1.58931035e+01  -1.83575734e+01
  -1.62922690e+01  -9.85602772e+00  -4.21292349e+00  -3.98723526e+00
  -8.02368794e+00  -5.11168179e+00  -7.42947319e+00  -1.70394981e+01
  -9.18487469e+00  -3.60352615e+00  -4.68257000e+00  -9.98388635e+00
  -1.11000310e+01  -6.83259855e+00  -1.18561733e+01  -1.84576718e+01
  -2.22836916e+01  -2.36369049e+01  -2.35274588e+01  -1.77220688e+01
  -2.20727107e+01  -2.26988585e+01  -2.94254454e+01  -2.79706376e+01
  -1.64740484e+01  -1.20114766e+01  -1.19564725e+01  -1.05260166e+01
  -5.55459184e+00  -4.83194910e+00  -1.70476362e+00  -3.38098598e+00
  -5.73806470e+00  -2.99940552e+00  -7.60402945e+00  -7.17129672e+00
  -3.76286253e+00  -5.71328877e+00  -6.18386451e+00  -7.00347090e+00
  -1.19380217e+01  -1.63634670e+01  -1.85457347e+01  -1.93895860e+01
  -1.77419781e+01  -1.75419332e+01  -1.78999815e+01  -1.93472807e+01
  -1.49840407e+01  -7.81471542e+00  -6.93734522e+00  -4.73862924e+00
  -1.20376582e+00  -1.65332302e-01  -5.81856528e+00  -4.56776244e+00
  -1.89199691e+00   4.59600271e+00   7.51577601e+00   6.31303587e+00
   6.30887821e+00   8.78655180e+00   1.09045545e+01   1.07641512e+01
   5.53627405e+00   6.60326972e+00  -2.68228228e+00  -3.79134284e+00
  -4.87225581e+00  -7.24244044e+00  -1.20258917e+01  -1.40740647e+01
  -9.86890267e+00  -1.35392976e+01  -1.72911403e+01  -1.83686328e+01
  -1.29766403e+01  -5.33361070e+00  -6.33181010e+00  -5.16310009e+00
  -1.76550204e+00  -1.16326969e+00   7.29967232e+00   6.77998355e+00
   1.22049273e+00   5.25442440e+00   6.57901096e+00  -2.26259258e+00
  -2.03971308e+01  -2.56075652e+01  -2.20612457e+01  -1.64585748e+01
  -1.37386491e+01  -1.07702608e+01  -6.92668743e+00  -6.96066354e+00
  -1.13660802e+01  -8.82878362e+00  -1.07476308e+01  -1.04410308e+01
  -1.24779655e+01  -1.26075452e+01  -7.50362203e+00  -4.91871860e+00
  -4.33652045e+00  -3.86802917e+00  -5.37879962e+00  -1.32239102e+01
  -1.06381518e+01  -7.46682578e+00  -1.65119713e+00  -2.10061989e+00
  -5.39168419e+00  -3.17003778e+00  -2.43284490e+00  -3.36930745e+00
  -5.66676298e+00  -5.13448305e+00  -8.27349873e+00  -9.96892900e+00
  -9.63577616e+00  -1.11815960e+01  -1.55789124e+01  -1.69274669e+01
  -1.42926602e+01  -4.13110643e+00  -1.26967053e-01  -1.38689532e+00
  -3.56125505e-02   4.84528315e-01  -4.57342405e+00   3.42489466e-01
   6.26751093e+00   4.76032070e+00   2.92743234e+00   1.30855892e-01
  -8.89395567e-01   3.13211908e+00   4.09046153e+00   3.19055425e+00
   6.19457586e+00   2.47452374e+00   9.54831005e-02  -4.02278529e+00
  -2.00159775e+00   3.24293376e+00   5.27059948e+00  -1.00887703e+00
  -1.34066444e+01  -1.54436898e+01  -7.78100334e+00  -2.56618094e+00
  -8.98933814e+00  -1.91968246e+00   4.74263493e+00   6.64390534e-03
  -4.79337774e+00  -8.36766420e+00  -1.39322998e+01  -1.22590288e+01
  -1.14362803e+01  -1.50393152e+01  -1.11368344e+01  -7.33674474e+00
  -6.65095694e+00  -2.91721149e+00  -4.24044471e+00  -1.56222014e+00
   2.49826094e+00  -1.42273640e+00  -4.43037948e+00  -3.22261655e+00
  -8.20857267e-01   2.76954708e+00  -5.22464996e+00  -7.35967388e+00
  -9.98860396e+00  -1.22996057e+01  -1.02818697e+01  -7.74794303e+00
  -9.28633855e+00  -5.46726931e+00  -1.01611514e+01  -1.79867581e+01
  -2.07063815e+01  -2.60857509e+01  -3.43190971e+01  -2.47958918e+01
  -1.46847063e+01  -1.06530328e+01  -1.30132736e+01  -1.06624915e+01
  -1.71423079e+01  -2.14594478e+01  -1.88208983e+01  -1.47137567e+01
  -8.09503493e+00  -7.90127791e+00  -7.17583082e+00  -5.38811360e+00
  -2.41317565e+00   2.72744024e+00   1.59388715e+00   2.27055891e+00
  -3.44493023e+00  -8.80918217e+00  -2.25243084e+00   3.99575939e+00
   5.00907051e+00   5.24246664e+00   5.00810894e-01  -2.30477623e+00
  -4.26335458e-01   2.94589505e+00   7.59640900e+00   7.68600937e+00
   7.93462419e+00   2.63312938e+00   5.59714788e+00   6.02676782e+00
   7.73375496e+00  -3.35362937e+00  -9.86022995e+00  -1.25259549e+01
  -1.43471265e+01  -1.39313984e+01  -2.07369702e+01  -2.59732978e+01
  -1.96236686e+01  -1.60236628e+01  -1.53290884e+01  -1.50896050e+01
  -1.16512797e+01  -1.11685092e+01  -9.70076436e+00  -8.50595333e+00
  -2.36554442e+00  -3.59724277e-01  -3.44642571e+00  -1.97841283e+00
  -4.21233465e+00],[ -6.32772504e-03  -3.37703148e-01   7.18689782e-02   6.92838310e+00
   3.34771556e+00   3.97092317e-02  -1.04292870e+01  -8.90687447e+00
  -6.28642871e-01   3.41842672e+00   9.90020553e-01  -4.42033697e+00
  -3.15524773e+00  -1.80144020e+00  -1.01628702e+00   1.34952257e+00
   5.75561571e+00   8.55834517e+00   3.83646777e+00  -4.07951037e-01
  -1.07168381e+00  -2.17472974e+00  -8.77218751e-01  -6.67905859e-01
   1.26840171e+00   5.29920420e+00   6.23546764e+00   7.41859836e-01
   6.96235121e-02   6.11796809e-02  -4.96586291e+00  -6.32977257e+00
  -4.41863878e+00  -7.87297153e+00  -1.52565907e+01  -1.59596335e+01
  -1.66183707e+01  -1.59513139e+01  -1.04699354e+01  -1.37819309e+01
  -2.34901321e+01  -1.41308158e+01  -1.54861243e+01  -1.69055157e+01
  -6.71974054e+00  -2.74192910e+00  -3.50518280e-01  -2.96323331e-01
  -4.15438461e-01   2.47204704e+00   6.89716463e+00   7.03671493e+00
   6.22225669e+00   7.01721379e+00   1.41808490e+00  -8.04322268e-01
  -1.18392828e+00  -2.32038961e+00  -1.73522236e+00  -3.12817311e+00
  -1.39817202e+01  -1.76527721e+01  -1.52630873e+01  -1.54370800e+01
  -1.13008318e+01  -4.88405554e+00  -2.59836542e+00  -4.96891135e+00
  -5.22932866e+00   1.83933008e+00   9.75235900e+00   1.60052031e+01
   1.31419941e+01   9.89801711e+00   1.09057207e+00  -2.06460160e+00
   4.69356695e-01   3.02483279e+00  -4.47134538e-05  -4.73514100e+00
  -9.14043998e+00  -4.80160431e+00  -4.79463779e-01  -2.20542249e+00
  -4.63167197e+00  -1.94770296e+00  -2.58079412e+00  -1.20444459e+00
   1.15812642e-01   8.72874622e+00   5.24393801e+00   9.77995591e+00
   8.33851260e+00   5.96081286e+00   1.10365851e+01   1.32716075e+01
   6.77393873e+00   3.06178937e+00   7.70082582e-01  -1.42951967e+00
  -4.47331087e+00  -8.34653218e+00  -8.23083991e+00  -8.38751942e+00
  -6.61324706e+00  -1.12971242e+00  -3.29028535e+00  -1.53963904e+01
  -3.12672653e+01  -2.81787524e+01  -1.40631452e+01  -2.83060658e+00
   4.65354414e+00   2.52326798e+00   4.92789597e+00   9.10908954e+00
   3.59909403e+00  -2.34043456e-01   2.23019170e-01   1.49179794e+00
   7.93245881e+00   1.35089606e+01   1.34776005e+01   9.77270008e+00
   5.91088314e+00   1.61225928e+00   4.79291471e+00   8.92633261e+00
   4.01789450e+00  -1.34344914e+00   1.39366125e+00  -2.17688454e+00
  -2.76254476e+00  -8.66702459e-01   1.57164187e+00  -1.35549094e+00
  -5.23899589e+00  -2.64305997e+00  -4.46580429e+00  -6.77537375e+00
  -6.45977324e+00  -6.37646376e+00  -8.95715335e+00  -5.87743085e+00
  -1.99605690e+00   2.71475353e+00   1.24532106e+00  -8.50471685e+00
  -4.20921824e+00  -1.83823860e+00  -1.00238248e+01  -4.63735273e+00
  -3.61149828e+00  -3.08895522e+00   2.97330295e+00   3.90040296e+00
   6.92774223e+00   6.26501898e+00   5.77329859e+00   9.73017528e+00
   1.01890480e+01  -1.89167815e+00  -4.40601698e+00  -7.65616695e+00
  -8.65819869e+00   1.69964514e+00   7.51973851e+00   1.68993647e+00
  -7.93415375e+00  -1.09760807e+01  -7.15027806e+00  -6.08108946e+00
  -9.83333726e+00  -4.92619120e+00   2.18296104e+00   1.44838599e+00
  -4.51638492e+00  -6.60718535e+00  -9.34579164e+00  -8.43797826e+00
  -1.18135268e+01  -9.99300053e+00  -7.70765391e+00  -5.34044389e+00
  -3.24997166e+00   5.08014097e-01   5.93907578e+00   1.19703937e+01
   1.28530077e+01   7.77583458e+00  -2.53041423e-01  -5.42099826e-01
   2.50005888e+00   3.14156377e+00   2.17597905e-01  -1.55263726e+00
  -8.77108653e+00  -1.61203265e+01  -1.16137171e+01  -8.65365283e+00
  -1.50337386e+01  -1.74524814e+01  -2.05764475e+01  -2.35221640e+01
  -2.40950384e+01  -2.26925402e+01  -3.00044190e+01  -2.47356745e+01
  -2.15916787e+01  -1.73745523e+01  -1.78082212e+01  -1.49819994e+01
  -2.00527087e+01  -2.17937206e+01  -2.09657534e+01  -1.14340494e+01
  -1.14816778e+01  -1.44949949e+01  -1.27228753e+01  -3.01297642e+00
  -8.39990913e-01  -3.06900167e+00  -5.31232148e+00  -5.16321225e+00
  -7.50220448e+00  -1.50396307e+01  -8.73860473e+00  -4.37804827e+00
  -2.86985559e+00  -2.32288902e+00  -1.89296273e+00   5.83961124e+00
   4.62724061e+00   5.64383112e+00   8.21233879e+00   7.61423736e+00
   8.29395038e+00   4.86991685e-01   5.16247006e-01   5.69141693e+00
   2.21867415e+00  -3.31335729e+00  -3.37223872e+00  -6.69793682e+00
  -6.01424612e-01   1.73799935e+00  -1.70526675e+00  -8.11939529e+00
  -7.25962548e+00  -8.04492124e-01  -7.13024107e-01   3.95218283e+00
   5.54685445e+00   4.29849860e+00   4.04514271e+00   2.11724940e+00
   4.85045088e-01  -4.05781970e-01  -3.84501585e+00  -5.51423024e+00
  -8.39969578e+00],[  3.46654914e-01   3.03926406e+00   3.14733434e+00   1.02840636e+01
   1.26217108e+01   1.11105847e+01   1.65092405e+00   2.58969946e+00
  -4.53795840e-01  -2.00705218e-01  -7.39536978e-01  -1.72513341e+00
  -3.92608018e-01  -4.66891683e+00  -4.41978464e+00  -3.55576405e+00
   2.43504678e+00   9.56704528e+00   8.67403580e+00   8.78514395e+00
   1.64650447e+01   1.45463780e+01   1.26890311e+01   1.02748167e+01
   1.00928865e+01   1.34895717e+01   1.13928995e+01   9.25687254e+00
   7.22643222e+00   8.82409491e+00   8.79124128e+00   7.12546525e-01
  -1.22873629e+01  -1.98200027e+01  -1.70635445e+01  -1.05513906e+01
  -6.33128196e+00   1.16779499e+00   7.27059461e+00   3.95356399e+00
  -4.05816121e+00  -7.04542048e+00  -1.29673440e+01  -1.25066132e+01
  -7.48386579e+00  -8.17749415e+00  -1.00340739e+01  -1.01428391e+01
  -3.16191698e+00   3.53603494e-01   1.50103305e+00  -6.09814084e-01
  -8.89801678e-01  -4.36608310e+00  -4.31497537e+00   2.09200552e-01
   1.54938551e+00   4.39962615e+00   4.22864395e+00   5.59804213e+00
  -1.78429618e+00  -2.66860648e+00  -4.33764715e-01  -2.43954315e+00
   2.24644510e+00   5.85332630e+00   4.61094896e+00  -2.85438578e+00
  -8.68137377e+00  -2.54762750e+00   1.58126235e+00   4.69567061e+00
   1.00546924e+01   8.80238144e+00   2.18192841e+00  -5.96948877e+00
  -6.26010097e+00  -8.41303711e+00  -1.62408032e+01  -2.09595085e+01
  -2.03355521e+01  -1.64519371e+01  -1.43817996e+01  -1.00791966e+01
  -8.91473438e+00  -7.60170007e+00  -8.85198630e+00  -7.12441797e+00
  -5.57075227e+00  -6.72373224e-01  -2.05555833e-01   3.55993271e+00
  -3.42290106e+00  -6.07039336e+00   8.32413267e-01   3.79377992e+00
  -8.02521588e+00  -8.05527281e+00  -5.54614104e+00  -5.89942708e-02
   8.41131814e+00   6.82336327e+00   4.28163168e+00   1.83771117e+00
   5.80117614e+00   5.89537937e+00  -2.39843468e+00  -1.21466351e+01
  -1.44385640e+01  -1.36390128e+01  -1.01159398e+01  -8.02919621e+00
  -7.41599398e+00  -1.35605192e+01  -1.46682541e+01  -6.81120298e+00
  -6.14154682e+00  -1.20629971e+01  -1.17269492e+01  -1.02328203e+01
  -7.34045367e+00  -5.75094295e+00  -7.95372944e+00  -6.71888709e+00
  -4.48515158e+00  -5.33079479e+00  -8.08403261e+00  -9.26123830e+00
  -2.23922791e+01  -3.42591115e+01  -3.31174756e+01  -3.42937292e+01
  -3.58741263e+01  -3.36799068e+01  -2.40779816e+01  -1.82716639e+01
  -1.89319611e+01  -1.38642928e+01  -1.95887791e+01  -2.52878207e+01
  -2.44149987e+01  -1.54232198e+01  -1.10933692e+01  -3.99277004e+00
   3.52801366e+00   1.78317521e+00  -5.60711154e+00  -6.82216277e+00
  -5.72139096e-02   3.76443330e+00   1.28385402e+00   2.55020177e+00
   1.13239866e+00  -2.97789483e+00  -1.18467081e+00  -6.50863147e-01
  -4.66311115e+00  -3.35095300e+00  -2.07819847e+00   6.24056832e+00
   4.56763051e+00  -2.33715412e-02   3.65834985e+00   3.15008583e+00
   1.11454399e-02  -5.58347896e-01   7.76986578e+00   6.37334360e+00
   2.23272614e+00   2.47382936e+00   1.61179577e+00  -1.44836384e+00
  -5.03311881e+00  -4.33102052e+00  -9.03901880e-01   9.62638489e-01
   3.58145688e-02  -2.29790900e+00  -7.19370085e-01   1.17832645e-01
  -1.26659490e+01  -8.15696730e+00  -3.19069996e+00  -8.84163412e-01
   5.56401413e-01  -1.64486816e+00  -5.76086443e+00  -1.38876036e-01
   8.79729825e+00   8.16654827e+00  -3.79516979e+00  -6.59754223e+00
  -5.75474013e-01  -3.46219382e+00   2.56969262e-01   1.47589725e+00
  -4.91933752e+00  -1.24056924e+01  -2.02596032e+01  -1.91188139e+01
  -2.25188193e+01  -2.62977528e+01  -1.83661232e+01  -1.24873292e+01
  -8.89708062e+00  -5.41172240e+00  -8.88543004e+00  -1.15531513e+01
  -1.26441774e+01  -9.11642894e+00  -1.41962331e+01  -1.31629443e+01
  -1.92333189e+01  -1.51745052e+01  -8.46316808e+00  -3.79124138e+00
  -1.12856828e+01  -1.28468176e+01  -5.40639519e+00   2.88263873e+00
   1.65719285e+00  -1.20993610e+00  -4.19178970e+00  -2.91402935e+00
  -1.12249072e+00  -7.04011206e+00  -5.57628993e+00  -1.43180159e+00
   9.36229715e-01  -1.91413433e+00   1.96454486e+00   4.15256726e+00
   8.83646364e-01  -5.18064735e-01  -4.90721711e+00  -3.94091563e+00
   4.61628659e+00  -2.01218049e+00  -1.00091696e+01  -4.77567302e+00
  -2.61949300e+00  -1.09263463e+00  -8.08754840e-01  -2.80576012e-01
   9.17876123e+00   6.53205470e+00   5.68393157e+00   2.12137838e+00
  -9.32960204e-01  -1.48070730e+00  -8.57928104e+00  -8.91921949e+00
  -1.29862735e+01  -8.95986565e+00  -7.69647517e+00  -1.07744695e+01
  -1.49702110e+01  -1.50394165e+01  -9.71546186e+00  -8.76732681e+00
  -9.22553388e+00],[  0.3556113    4.84338491   6.84412864   8.49796008  10.6437406
  11.21487813   8.73121976  15.21646873  15.87750524  10.15604194
   2.30960112  -0.14294392   3.42051413   1.6587628    5.12814528
   9.32501866   6.99708181   1.67309766   3.41828534   5.11195515
  15.34555507  13.90511677  11.20712971  11.03516158  10.78224742
   5.82795463  -1.5208363    0.39397897   3.75268953   8.0217581
   9.10445647  -1.61589358 -18.57583275 -25.65131241 -21.41113859
 -17.57958921 -15.89011486 -10.87077212  -9.58305631  -6.52037869
  -9.6001561  -16.24540478 -20.4532273  -18.26587751  -9.43969992
  -2.62766253  -0.41601419  -2.73393523   1.07494404   2.21707958
   5.61932254   6.75962685   7.40054835   3.91586443   0.64849833
   1.13244564  -3.76480668  -4.49756786  -4.49649165  -2.21393603
  -8.32365377 -10.02467738 -13.03836562 -21.45949343 -20.06918995
 -13.43388979  -8.3905546   -6.96762514 -11.12437973  -6.80272683
   2.70504934   2.78312542   3.48569064   1.55387879  -0.55705873
  -7.15736143  -7.93487595 -11.82928787 -20.028665   -20.1732568
 -14.78477644 -14.88129882 -10.3943481    0.36437943   5.81484898
   1.60689134  -6.14954954  -5.90887461  -4.61247365  -7.25431503
  -9.5409947   -6.0314538   -1.93189331   2.12498211   1.98675695
   1.42288082  -9.99513642 -11.20382222  -9.31924923  -6.3228866
  -4.0447933   -0.09156325   6.82991326   5.96166581   6.09547137
   1.3780326  -13.16742284 -25.30940579 -21.64626741 -18.53733693
 -14.02173203  -1.53876706   4.1901054    1.21848638  -2.17330069
   0.25880143   2.50781054  -3.07919566  -9.82298644  -8.89413869
  -7.02294121  -6.97419168  -4.68830256  -1.8127574   -1.57488989
  -0.73435661   2.1054659   -9.32412506 -20.52718446 -26.55319576
 -28.38766303 -27.36548403 -28.07436333 -27.63712061 -20.46377596
 -20.65235289 -25.29852225 -24.62676272 -28.47243603 -30.4008969
 -28.26330989 -21.78419144 -16.19912505  -9.59657838  -3.14963141
  -3.84834408  -7.40385414  -9.5733541   -9.14470785 -11.80423675
 -11.64736789  -9.49146703  -8.75921685 -14.15732797 -10.45049754
  -2.77061998  -3.28247542  -6.7070073  -10.08634875  -3.42582309
  -5.08832753   2.22901188   4.5708068    4.70381097   1.06544868
  -9.22412174 -12.11589353 -14.37491338 -19.0096916  -12.94743005
  -5.97306393  -4.76896673  -6.4830514   -5.78802857  -8.19168827
  -8.48002027  -2.46157823   0.13072155   0.19813891   2.86021684
  -3.95252811  -2.20695266  -0.3780992    0.42504863  -1.53551174
  -8.63935455  -3.56761542   0.59229341   4.47934817   9.39889345
  -0.98396636  -6.58755225  -3.01117096  -3.42418579  -0.89198302
  -2.46514611  -3.61494578  -4.9904786  -21.8374582  -33.08611166
 -35.86366597 -36.72239699 -31.52470933 -32.8482376  -29.98548367
 -26.36768667 -24.54508751 -22.54351357 -15.26295668 -12.11251866
 -17.15800969 -14.02506424 -19.55690231 -19.40546707 -19.21062793
 -19.08390583 -23.69159475 -18.18146166  -3.29185396   1.41305555
   2.44353862   6.44688109   0.24151433  -2.05661455 -12.44865636
 -17.9112003  -11.38100805  -2.53446227   4.0149305    0.71209772
  -2.41071214  -3.7428211   -0.83569617   4.33087253  -0.7519403
  -0.11708116  -1.41506613  -3.73096075  -7.19402988  -8.24252611
  -4.76729706  -0.11694851  -5.88816125  -1.16482844   4.50270132
   2.26444601   1.18706332  -3.67723575  -5.47904948  -8.01525832
  -7.03619715  -0.33963543   0.04773605   1.93221486   2.95955316
   3.6021106   -1.92582986  -7.00410288  -5.30527417  -5.62636587
  -6.10427119],[ -7.92907585e-02   1.00319651e+00   4.41460550e+00   1.15282165e+01
   1.34776831e+01   1.53489887e+01   1.90723613e+01   2.65947859e+01
   3.26478033e+01   2.50203126e+01   1.35769664e+01   1.09454640e+01
   1.15418204e+01   1.00021834e+01   2.95299053e+00   1.05881651e+01
   1.03979009e+01  -2.42933501e+00   2.08155516e+00   1.18145746e+00
   4.54982053e+00   4.33333015e-01  -5.54768385e+00  -7.29724937e+00
  -3.41578120e+00  -5.52753484e+00  -2.57281693e+00   2.30862986e+00
   1.09411958e+00  -3.93434902e+00  -3.78804824e+00   3.39875262e-01
   2.64516055e-02  -5.09110269e-01   3.42621621e+00   6.73927633e+00
   4.60382609e+00   7.23579340e+00   6.85119287e+00   1.30823806e+01
   1.69277330e+01   7.43521666e+00   3.56273726e+00   3.02256350e+00
   4.35834890e+00   2.20116516e+00   3.24226916e+00   6.06471568e-01
  -2.20996073e+00   1.50344474e+00   4.38185612e+00   7.22580553e+00
   9.06432442e+00   3.71646486e+00   2.81420869e+00   4.80606935e+00
  -2.41253893e+00  -1.66515066e+00  -6.66786135e-01  -2.06031708e+00
  -7.18674166e+00  -7.86937178e+00  -1.15216172e+01  -1.93550013e+01
  -1.92121623e+01  -1.24969392e+01  -7.67878618e+00  -7.62451140e+00
  -1.14228621e+01  -9.87518254e+00  -2.02441253e+00  -2.33045284e+00
  -3.92461559e+00  -3.06286195e+00  -3.03965132e+00  -3.91799578e+00
  -4.34471473e+00  -5.31740823e+00  -7.06879614e+00  -5.99189952e+00
  -4.28832093e+00  -1.13353980e+01  -7.06072702e+00  -1.96994046e+00
   1.29374336e+00   3.32036457e+00   5.51151488e+00   6.06875921e+00
   2.82296538e+00   3.94830966e+00   2.96405459e+00   3.92678812e+00
   7.78206887e+00   1.09745007e+01   7.60693885e+00   2.52823459e+00
  -9.41825450e+00  -1.52097002e+01  -1.64019437e+01  -1.74310249e+01
  -1.79453547e+01  -9.89931859e+00  -2.40048044e+00   4.39535980e-01
   5.04489603e+00  -3.63015726e-01  -1.13719496e+01  -1.31678293e+01
  -9.39392211e+00  -1.21958884e+01  -1.04225421e+01  -4.74845870e+00
   1.47911187e+00  -9.03035718e-01  -1.05882119e+00  -6.55350173e-01
   1.55594709e+00  -1.21160647e+00  -6.48507058e+00  -7.11644506e+00
  -5.00629911e+00  -1.96374832e+00  -1.04333076e+00  -3.39457319e+00
  -4.46632851e+00  -2.94513453e+00   2.64674085e+00  -1.31199784e+00
  -5.38837371e+00  -1.05716556e+01  -1.32734347e+01  -1.20451991e+01
  -1.51153015e+01  -1.55239140e+01  -1.30471106e+01  -1.25472332e+01
  -1.72284210e+01  -2.05587844e+01  -1.97062607e+01  -1.63158900e+01
  -8.74127948e+00  -4.35436311e+00  -7.78448346e+00  -6.73650087e+00
  -8.37731936e+00  -7.72846527e+00  -3.88713427e+00   4.92106039e-01
   1.77045070e-01  -9.05495067e+00  -1.13584341e+01  -5.80711972e+00
  -3.14975365e+00  -6.45625426e+00  -2.72879481e+00   2.36778459e+00
   3.28806336e+00  -4.09852362e+00  -8.92187394e+00  -8.40533879e+00
  -1.51170037e+01  -6.65917331e+00  -5.02162934e+00  -6.29086195e+00
  -8.87169260e+00   1.65480243e+00  -2.47024519e+00  -2.19252165e+00
   9.39039543e-01   3.12821511e+00   4.59913010e+00   4.53750693e+00
   9.46511428e-01   1.31198618e+00  -2.41498861e+00  -3.50479767e+00
   1.23275586e-01   5.46392297e-01  -2.98612869e+00  -5.82759933e+00
  -7.96102537e+00  -4.81408335e+00  -7.92487716e+00  -1.05096104e+01
  -1.13423162e+01  -1.34822926e+01  -4.37844457e+00  -1.08954346e+00
  -1.79480837e+00   3.14315532e+00   1.89374953e+00  -4.40301118e+00
  -5.29962927e+00  -4.11117646e+00  -3.22816503e+00  -2.92913488e+00
  -3.67362294e+00  -4.10494766e+00  -1.32399125e+01  -2.33076433e+01
  -2.65267771e+01  -2.10080074e+01  -1.49648806e+01  -1.58743306e+01
  -7.73311921e+00  -3.13127541e+00  -3.50184173e+00  -1.86842904e+00
  -1.83308893e+00  -8.03370174e+00  -9.21020668e+00  -7.41744360e+00
  -1.13640261e+01  -9.75607675e+00  -1.47378062e+01  -1.28904689e+01
  -1.55581118e+01  -1.35905842e+01  -7.43027636e+00  -5.50782035e+00
  -2.95533014e+00  -1.67478863e+00  -1.45240730e+00   1.78121583e+00
   1.92595419e+00   2.29636305e+00   4.41400495e+00   2.86424595e+00
   2.88085620e+00   1.27899529e+00  -1.00101717e+00   5.48647757e-01
   9.40626840e-01   2.08519378e+00  -1.09071041e+00  -2.46996107e+00
  -6.12590829e+00  -2.41412283e+00  -2.46120137e+00   6.17538113e-01
   3.04690406e+00   7.97048872e+00   1.21630156e+01   1.66191367e+01
   1.46182768e+01   1.74129989e+01   2.08231163e+01   1.78871113e+01
   1.69125607e+01   1.42610763e+01   1.34566461e+01   1.64867940e+01
   1.61822021e+01   1.25188281e+01   9.06294353e+00   1.03759346e+01
   8.12137072e+00   6.66920664e+00   9.34764630e+00   8.84336606e+00
   8.99695295e+00],[ -5.53294976e-01  -1.42101330e+00  -2.18867231e+00   1.39691377e+01
   1.80326210e+01   1.86979476e+01   2.27618002e+01   2.65887190e+01
   3.05112277e+01   3.05533172e+01   2.60212817e+01   2.51558605e+01
   1.84734287e+01   1.65101502e+01   4.27611186e+00   3.01658894e+00
   6.53592892e+00  -5.12314099e-01   2.77475165e+00  -4.56015476e+00
  -6.00862421e+00  -5.89512400e+00  -7.89776941e+00  -1.36256811e+01
  -1.38450796e+01  -9.39005959e+00  -4.16833001e+00  -5.68693192e+00
  -6.77876257e+00  -9.96922445e+00  -9.74099066e+00   7.65218658e+00
   1.34854582e+01   1.63832589e+01   2.05629076e+01   2.38328041e+01
   2.75369158e+01   3.51902098e+01   3.45274255e+01   3.58446262e+01
   3.97396529e+01   2.97808621e+01   2.09699123e+01   1.70642017e+01
   1.04856098e+01   4.86574565e+00  -2.01184468e+00  -6.34253234e+00
  -2.44353689e+00   2.78805996e+00   2.28111960e+00   6.01491944e+00
   7.26011858e+00   2.48327329e+00   1.88453024e-01   4.52577169e+00
   2.64006632e+00   1.17194236e+00  -2.74611065e+00   2.05735041e-02
  -1.61480039e+00  -2.28883917e+00  -4.61390771e+00  -9.11429460e+00
  -1.15928373e+01  -6.78108285e+00  -5.04427167e+00  -9.46628703e+00
  -1.40495460e+01  -1.18229076e+01  -5.10033488e+00  -8.56465229e+00
  -1.13613725e+01  -9.88630616e+00  -1.21309648e+01  -9.53158561e+00
  -8.81915328e+00  -8.62429358e+00  -4.72309992e+00   2.63154671e+00
   9.02861468e+00   2.57122426e+00  -1.57924688e+00  -5.28672078e+00
  -8.99791199e+00  -4.74109593e+00  -8.58716760e-01   7.52366461e-02
  -1.03856364e+01  -1.05528410e+01  -9.91234412e+00  -6.24659144e+00
  -9.53607117e+00  -1.18676805e+01  -1.26798465e+01  -1.09782225e+01
  -1.74914968e+01  -1.94900391e+01  -2.62688020e+01  -2.73338690e+01
  -1.81799231e+01  -7.93454224e+00  -1.26242129e+00   5.80238989e+00
   7.89585141e+00   2.14598454e+00   4.98512242e-01   4.39827955e+00
   1.07651018e+01   3.02409611e+00  -5.59812542e+00  -7.73017389e+00
  -1.15339946e+01  -1.49598072e+01  -1.20701730e+01  -1.59659858e+01
  -1.33706754e+01  -5.10560845e+00  -3.72168580e+00  -8.27692779e+00
  -1.13950724e+01  -6.38197647e+00  -2.84196915e+00  -4.33871928e+00
  -4.22576569e-01  -2.39602884e+00  -4.82289286e+00  -6.63552561e+00
  -5.23013451e+00  -9.69968018e+00  -1.14390365e+01  -7.31859607e+00
  -1.37277582e+01  -1.43690825e+01  -1.19179321e+01  -9.40786046e+00
  -1.23667546e+01  -8.23742738e+00  -1.06434214e+01  -1.13682017e+01
  -1.23561475e+01  -1.11351785e+01  -1.73859436e+01  -1.55743251e+01
  -9.77004165e+00  -9.11864149e+00  -6.82490556e+00   2.52536939e+00
   2.09330395e-01  -9.87624721e+00  -9.26507650e+00  -1.50377237e+00
   5.71127295e+00   6.22789141e+00   3.98691820e+00   5.17062274e+00
   7.69057847e+00   1.03747669e+01   1.15614424e+01   6.37790781e+00
  -5.78286635e+00  -6.89290061e+00  -1.91063873e+00  -9.17234176e+00
  -1.14710527e+01  -6.58068546e-01  -3.76461022e+00  -4.94227375e+00
  -1.88175227e+00   1.63398086e+00   2.57401182e+00  -1.29683445e+00
  -3.00222381e-01   8.98183494e-01  -2.34647897e+00  -4.20444612e+00
  -7.62540398e+00  -1.17570589e+01  -1.68293973e+01  -1.85490799e+01
  -1.12216549e+01  -4.31482065e+00  -5.95294079e+00  -1.32041873e+01
  -1.20750170e+01  -8.89755276e+00  -1.08510634e+01  -1.17877580e+01
  -1.11157759e+01  -7.92957624e+00  -3.49100417e+00  -8.22438834e+00
  -8.73860150e+00  -1.06896531e+01  -6.60803049e+00  -4.14852611e+00
  -7.34284417e+00  -9.36765330e+00  -9.67838087e+00  -9.12249701e+00
  -9.38341747e+00  -8.29579972e+00  -2.34977562e+00   1.65556586e-01
   1.31176957e+01   1.96673905e+01   1.89773323e+01   1.19455077e+01
   6.19522248e+00   1.30617953e+00  -1.15582309e-01   1.97313291e+00
   4.77032709e+00   9.69597438e+00   6.09453799e+00   7.73706806e+00
   5.59409265e+00   3.19169408e+00  -5.95017443e+00  -7.75459724e+00
  -5.69292454e+00  -6.10364270e+00  -5.02535987e+00   6.19399847e-01
   1.12271475e+01   1.52323274e+01   1.15013667e+01   8.08281406e+00
   4.75528508e+00  -9.52399188e-01   3.48952080e-01   4.88964249e-01
  -4.86928301e+00  -4.06195621e+00  -7.12128329e+00  -1.00303757e+01
  -5.83806400e+00  -3.65289819e+00  -6.93674589e+00  -1.89135690e+00
   4.03093335e+00   7.91326256e+00   1.64929309e+01   1.68465981e+01
   1.34032105e+01   1.39836663e+01   1.52696017e+01   2.06134612e+01
   2.54165472e+01   2.46936181e+01   1.60888655e+01   8.68587238e+00
   3.30118537e+00   1.98110910e+00  -7.73245026e-02   1.90010643e+00
   2.23485788e-01  -4.93754854e+00   1.20603081e+00   4.90159126e+00
   9.31444196e+00]