[-787.44805021 -787.44805021 -787.43410775 -729.12513532 -676.78952971
 -657.6301407  -627.25025488 -553.63869469 -439.71168488 -380.92316573
 -358.56605846 -357.04671429 -375.18739325 -384.7826558  -385.78678041
 -392.41801721 -415.59121611 -429.17331621 -420.34729068 -409.89147036
 -409.4722908  -400.92864007 -399.79524321 -402.85247381 -405.94311707
 -411.63952499 -421.85318995 -438.78225672 -468.07428229 -477.93729186
 -455.74272349 -434.99884992 -419.70798928 -413.80640109 -403.19364199
 -402.45640856 -405.41977735 -407.88479751 -413.56485484 -426.88581595
 -452.74427557 -492.3997054  -506.9588306  -469.24663804 -424.48488179
 -414.9360768  -432.2715799  -441.48128352 -439.5183883  -442.82974221
 -441.20442276 -453.71020197 -463.1491302  -470.17105246 -483.77812457
 -497.75256274 -515.59859709 -528.65294443 -540.74562033 -550.32781159
 -543.33546997 -530.89466029 -515.86103835 -502.13336716 -503.12295287
 -503.7095429  -509.7459832  -520.99124658 -540.07056126 -558.91121639
 -545.66464501 -493.89404339 -454.01103384 -467.20778375 -506.26379158
 -535.41565353 -542.03416888 -536.59045927 -533.66978953 -548.85554718
 -560.61408028 -550.4346409  -531.54627564 -498.76784174 -466.59226819
 -458.34188222 -453.44265195 -451.75096815 -464.71265636 -493.04048511
 -536.11873809 -552.65231957 -540.97688632 -522.7368166  -519.3770824
 -532.85366781 -555.05506315 -573.55005034 -579.09280874 -573.26059333
 -557.91639222 -523.00070844 -499.64909211 -442.82564514 -409.55038935
 -433.98237637 -457.2974295  -446.8984981  -444.96768548 -448.41356591
 -447.84911556 -442.63077386 -443.45352474 -444.49118531 -447.51513548
 -445.38252703 -451.10279483 -462.87741791 -475.20469672 -494.74353341
 -523.85660589 -548.15801392 -564.3543399  -566.40020156 -551.70511028
 -536.50685145 -525.45875088 -517.68486802 -518.18567314 -532.64115717
 -557.9236881  -579.250928   -554.81332007 -524.72091063 -529.59755583
 -539.35517659 -550.38951938 -566.77991104 -561.145662   -557.57787232
 -528.20568787 -508.59295579 -519.07835095 -526.12120933 -538.58612309
 -551.82313737 -553.33185262 -553.35235347 -550.27062324 -542.24743771
 -536.97272331 -527.56983014 -515.6195998  -496.05068884 -476.65677427
 -448.59804071 -425.04255974 -432.40651966 -479.00338424 -498.03376895
 -516.46071827 -578.4474734  -589.81834869 -595.47562233 -570.59564867
 -534.17197301 -525.83211372 -509.75144546 -451.90604732 -426.55416153
 -425.72007442 -436.30947082 -451.74730108 -455.87736186 -463.34155402
 -466.51405722 -465.18444946 -469.66220728 -489.07498603 -506.03181462
 -518.22896634 -526.02574328 -536.3797763  -551.26238407 -559.26362553
 -558.21890163 -557.26578223 -552.18495504 -550.82291098 -556.06517159
 -567.07316703 -570.77924609 -567.80793009 -560.2839273  -563.05307371
 -565.26347694 -569.69933689 -563.12222977 -557.07425367 -554.64336321
 -547.43804205 -540.41339095 -529.89105436 -523.30531932 -534.77628569
 -566.12547495 -581.14215338 -578.98120367 -532.58801658 -488.24134548
 -473.09729697 -471.08975188 -476.41588347 -492.13689942 -523.23378597
 -553.72519008 -567.15358068 -546.61020121 -515.3389642  -503.48340493
 -500.36745186 -496.97949228 -490.14130112 -482.24101632 -484.9677089
 -481.47510414 -485.0583269  -490.38602093 -483.46203039 -473.9187676
 -473.56762192 -476.11813081 -463.33084662 -469.51266544 -522.74975454
 -556.49700348 -565.46634665 -580.56615268 -595.37207198 -497.48857292
 -419.90502135 -425.60199499 -466.39171058 -490.9964006  -540.72277917
 -594.51315019 -624.58027734 -644.57275809 -645.43056117 -552.60388322
 -495.49519059 -472.43598364 -458.12739781 -458.93108811 -464.55749033
 -472.36248779 -476.57055322 -478.43903143 -478.60484904 -471.29926427
 -468.88769767],[ -6.39488462e-14  -6.39488462e-14   1.03436536e-02   6.71528039e+01
   9.90350262e+01   8.53647250e+01   9.26814217e+01   1.35860564e+02
   1.89030767e+02   2.02485307e+02   1.91798626e+02   1.75422958e+02
   1.50324351e+02   1.37294676e+02   1.39228000e+02   1.46612109e+02
   1.46222573e+02   1.50444103e+02   1.54064978e+02   1.58786403e+02
   1.53387125e+02   1.55886516e+02   1.61120259e+02   1.64700448e+02
   1.59999829e+02   1.59529153e+02   1.62165863e+02   1.68381819e+02
   1.58641346e+02   1.52495294e+02   1.74811326e+02   1.92071872e+02
   2.06596656e+02   2.14115094e+02   2.23840414e+02   2.20463105e+02
   2.17979400e+02   2.22539407e+02   2.22256949e+02   2.11751188e+02
   1.88531578e+02   1.53190362e+02   1.15587988e+02   1.02640793e+02
   8.68076605e+01   4.74653230e+01   1.17671267e+01   1.83380268e+00
  -3.74242595e+00  -4.13997203e+00   1.00579305e+01   2.57580185e+01
   7.02891604e+01   1.10285837e+02   1.24213099e+02   1.30417011e+02
   1.43727207e+02   1.59626442e+02   1.56052441e+02   1.52773247e+02
   1.59497812e+02   1.70466819e+02   1.76403650e+02   1.76935670e+02
   1.67303443e+02   1.60241432e+02   1.58582182e+02   1.57753588e+02
   1.45914732e+02   1.13827160e+02   8.56922257e+01   6.34522557e+01
   3.03156554e+01   2.33544056e+00  -2.56545963e-01  -5.64712068e+00
  -1.38193533e+01  -3.43643878e+00   2.57114623e+01   5.36481877e+01
   6.46863091e+01   8.12015672e+01   1.07390200e+02   1.44614249e+02
   1.79456684e+02   1.80822184e+02   1.70877213e+02   1.71965886e+02
   1.71720361e+02   1.68070256e+02   1.59098644e+02   1.59353974e+02
   1.69945005e+02   1.54950233e+02   1.41498065e+02   1.37775355e+02
   1.47567582e+02   1.51229532e+02   1.45895898e+02   1.43481001e+02
   1.33378276e+02   1.21022451e+02   1.15227560e+02   1.08721215e+02
   1.02810087e+02   9.21291660e+01   9.81163285e+01   1.19458417e+02
   1.33790229e+02   1.44025539e+02   1.63822793e+02   1.81633886e+02
   1.91987914e+02   1.91683989e+02   1.88052493e+02   1.87366290e+02
   1.87731255e+02   1.83396264e+02   1.73977574e+02   1.75817905e+02
   1.77331296e+02   1.73131434e+02   1.68215006e+02   1.66119163e+02
   1.66299751e+02   1.63725894e+02   1.52300811e+02   1.47087847e+02
   1.43511058e+02   1.42157041e+02   1.38676285e+02   1.29787473e+02
   1.31150554e+02   1.40352572e+02   1.30267551e+02   1.19997858e+02
   1.30814574e+02   1.55191252e+02   1.75405239e+02   1.77249604e+02
   1.85412360e+02   1.83225691e+02   1.69299628e+02   1.64729840e+02
   1.59849040e+02   1.48185286e+02   1.37746097e+02   1.34565756e+02
   1.36286613e+02   1.31690012e+02   1.21256955e+02   1.20744243e+02
   1.12704118e+02   1.12544779e+02   1.11090783e+02   8.66529169e+01
   4.75393752e+01   1.85371747e+01  -1.23800192e+01  -2.23078003e+01
  -3.60723659e+01  -7.74235952e+01  -9.10152526e+01  -9.76132998e+01
  -7.51168954e+01  -4.71905866e+01  -1.91175395e+01   4.43409185e+01
   1.24298722e+02   1.54894489e+02   1.60923494e+02   1.65363974e+02
   1.72502018e+02   1.79104100e+02   1.79216383e+02   1.81006809e+02
   1.85641900e+02   1.88725097e+02   1.84658774e+02   1.87366973e+02
   1.89368891e+02   1.94113708e+02   1.99606037e+02   1.99680497e+02
   2.01288884e+02   2.03904297e+02   1.97271395e+02   1.94085524e+02
   1.87927203e+02   1.83691814e+02   1.75558420e+02   1.72963562e+02
   1.70195231e+02   1.69742663e+02   1.60210947e+02   1.52279450e+02
   1.42636513e+02   1.41263123e+02   1.37286972e+02   1.37150920e+02
   1.47466569e+02   1.52593246e+02   1.56946967e+02   1.61197882e+02
   1.63633347e+02   1.63066970e+02   1.65576435e+02   1.71060861e+02
   1.99370175e+02   2.21855070e+02   2.26766402e+02   2.30366103e+02
   2.32277780e+02   2.31546674e+02   2.20374804e+02   2.04859678e+02
   1.97534340e+02   2.13140617e+02   2.35890938e+02   2.44653724e+02
   2.45104900e+02   2.39970115e+02   2.37721672e+02   2.40941664e+02
   2.35800602e+02   2.30402564e+02   2.21612916e+02   2.15358969e+02
   1.98194147e+02   1.70422180e+02   1.48100194e+02   1.17113873e+02
   8.45179427e+01   4.84047302e+01   9.54570291e+00  -4.58531358e+00
   4.47716628e+00   2.56846144e+01   5.01175848e+01   1.03854553e+02
   1.33906810e+02   1.33529771e+02   1.42212712e+02   1.67193003e+02
   1.56607337e+02   1.29427252e+02   1.14897175e+02   1.08904628e+02
   1.14401910e+02   1.64388079e+02   1.98651037e+02   2.28148742e+02
   2.37002139e+02   2.28682224e+02   2.10646253e+02   1.86868325e+02
   1.74038814e+02   1.59928976e+02   1.51317592e+02   1.57131825e+02
   1.57854507e+02],[  6.57252031e-14   6.57252031e-14  -8.86525989e-03   3.60156090e+01
   2.46136908e+01   8.63236074e+00   5.09034644e+00  -1.65058680e+01
  -4.86152757e+01  -5.68463950e+01  -6.97945966e+01  -7.58593100e+01
  -7.56080279e+01  -7.10848265e+01  -6.22518024e+01  -5.84386223e+01
  -4.77568368e+01  -4.25237607e+01  -5.88452211e+01  -6.62942016e+01
  -8.08104728e+01  -8.43320800e+01  -8.08635220e+01  -7.65546325e+01
  -8.03766398e+01  -7.80726247e+01  -7.59146600e+01  -6.50807334e+01
  -6.67760185e+01  -6.73413110e+01  -6.19293024e+01  -7.16884230e+01
  -7.08306459e+01  -6.82895021e+01  -7.23380162e+01  -8.23395335e+01
  -8.51717518e+01  -7.53468455e+01  -6.40040194e+01  -5.43779250e+01
  -4.03226323e+01  -2.34201054e+01  -3.31067176e+01  -5.33788630e+01
  -7.41207882e+01  -8.91922427e+01  -9.95636287e+01  -1.05052024e+02
  -1.14665902e+02  -1.19759911e+02  -1.19806420e+02  -1.11423498e+02
  -8.08713476e+01  -4.83148793e+01  -2.70862787e+01  -1.73873501e+01
  -3.25787304e+00   1.15387028e+01   1.38756816e+01   7.23062276e+00
  -4.17523345e-01   3.43234904e+00   1.05891501e+00  -8.66131329e+00
  -1.95726939e+01  -2.53256878e+01  -1.86448159e+01  -1.05476929e+01
   5.63707482e+00   2.49213470e+01   3.99525579e+00  -3.09887970e+01
  -4.07745830e+01  -2.84361624e+01  -1.34530719e+00   1.57499707e+01
   2.04767151e+01   1.06438958e+01   8.67651281e-01  -9.62969131e+00
  -1.52381324e+01  -1.93865803e+01  -3.40506544e+01  -4.33299329e+01
  -4.22544845e+01  -4.19198713e+01  -4.80417586e+01  -4.28735745e+01
  -2.67532630e+01  -8.25393205e+00   7.33681694e+00   8.47924755e+00
   2.76569626e+00  -1.03891345e+01  -1.13435753e+01   2.08920738e+00
   2.23380452e+01   3.96024689e+01   4.10108447e+01   3.18237059e+01
   1.55413985e+01   4.42579237e+00  -2.12759185e+00  -1.30929522e+01
  -2.36577403e+01  -3.20906567e+01  -5.77283689e+01  -7.95846899e+01
  -8.31100370e+01  -8.51026082e+01  -7.65749917e+01  -7.47445271e+01
  -8.01428965e+01  -7.78673353e+01  -7.91463883e+01  -7.93995101e+01
  -6.93619147e+01  -5.93462747e+01  -5.82692603e+01  -4.04631229e+01
  -1.07292730e+01   1.16039430e+01   3.08219363e+01   3.56713569e+01
   2.21466153e+01   4.25516043e+00  -1.06878978e+01  -1.61567862e+01
  -1.35383522e+01  -1.99271026e+00   5.81902417e+00  -2.41550160e+00
  -2.89370753e+01  -4.13473663e+01  -4.51060602e+01  -5.00750973e+01
  -3.79690683e+01   9.31579473e+00   3.75316032e+01   3.55259560e+01
   8.87824700e+00  -1.18494980e+01  -1.18900551e+01  -1.16541327e+01
  -6.43303974e+00   8.12074937e+00   6.75201522e+00   1.12780775e+01
   1.59367721e+01   1.46763996e+01   3.81109142e+00  -8.79168195e+00
  -9.77327844e+00  -3.87264136e+00  -3.84632178e+00  -1.62430240e+01
  -1.57486951e+01  -1.03591547e+00   1.87620168e+01   2.41951580e+01
   2.79230438e+01   4.71457060e+01   5.51711870e+01   6.03910519e+01
   5.26923098e+01   2.56121127e+01   2.57883699e+00  -5.21930616e-01
   1.33589003e+01  -2.18120901e+00  -2.22574556e+01  -2.90732159e+01
  -3.25916627e+01  -3.94125044e+01  -3.93448250e+01  -3.74987093e+01
  -4.04785102e+01  -3.72809104e+01  -3.32177864e+01  -2.29081505e+01
  -1.27421712e+01  -1.78875705e+00   1.10656236e+01   1.96023817e+01
   2.84911272e+01   3.66579683e+01   3.90845748e+01   3.96660217e+01
   2.93575618e+01   2.94684978e+01   2.87126717e+01   2.50897241e+01
   1.54805665e+01   5.29540575e+00  -2.87359341e+00  -8.64868077e+00
  -1.31970642e+01  -1.66261471e+01  -1.72455207e+01  -1.42718397e+01
  -5.46791356e+00   3.91520040e+00   6.39026907e+00   6.60285689e+00
   1.49641629e+01   3.46375078e+01   4.52484063e+01   4.15315236e+01
   1.60786586e+01  -1.33285912e+01  -3.02642516e+01  -3.33783254e+01
  -2.63450525e+01  -8.64341912e+00   1.45088307e+01   2.93553009e+01
   3.14027313e+01   1.98493871e+01   9.77993512e+00   9.47036805e+00
   8.86302812e+00  -1.84448582e-01  -1.05024647e+01  -1.75701662e+01
  -2.09105915e+01  -2.47983245e+01  -2.46134772e+01  -2.15456316e+01
  -2.14920244e+01  -3.29386470e+01  -3.60178621e+01  -2.71759987e+01
  -1.53018633e+01  -3.90473677e+00   1.25087512e+01   2.44397519e+01
   3.06698509e+01   1.96247059e+01   3.89086050e+00  -2.81422551e+01
  -4.49581663e+01  -4.30204654e+01  -2.14768253e+01   3.71428308e+00
   2.50384705e+01   3.66631129e+01   3.56385186e+01   2.81002824e+01
   2.56226764e+01  -9.22491596e+00  -1.96728527e+01  -1.73407349e+01
  -2.74423202e+01  -3.69506736e+01  -4.81966365e+01  -6.60003218e+01
  -6.95305016e+01  -6.81102993e+01  -6.49087488e+01  -4.82532120e+01
  -3.37153934e+01],[ -3.73034936e-14  -3.73034936e-14  -1.96449014e-02   1.41090692e+01
   1.36737335e+01   2.29801837e+01   3.02940799e+01   4.02063475e+00
  -1.72046748e+01  -1.14401643e+01  -5.93714190e+00   3.19546065e+00
   1.90085168e+01   3.73858857e+01   4.74879507e+01   3.65189562e+01
   2.89547515e+01   3.16113716e+01   2.31423463e+01   2.11617516e+01
   1.70918927e+01   1.66117005e+01   1.58789986e+01   1.23771160e+01
   7.41748686e-01  -2.66514574e+00  -2.12186304e+00   3.34981025e+00
   4.82398958e+00   1.16111519e+01   8.63414108e+00  -7.03767199e+00
  -8.81814740e+00  -1.16995713e+01  -1.67824443e+01  -1.63671646e+01
  -1.29889357e+01  -1.33463873e+01  -8.90264503e+00   3.58504361e+00
   1.25831930e+01   2.15586429e+01   3.91890592e+01   5.38706538e+01
   6.85688685e+01   9.40003924e+01   1.07465412e+02   1.07737809e+02
   1.15266259e+02   1.21880333e+02   1.15658750e+02   1.03696928e+02
   9.17944818e+01   7.70551130e+01   6.74355365e+01   5.61126874e+01
   4.58107057e+01   3.62182008e+01   3.99773703e+01   3.60342467e+01
   2.46804281e+01   1.61718407e+01   1.74251472e+01   1.96844979e+01
   2.17406023e+01   2.95881935e+01   3.51662001e+01   3.85611387e+01
   4.59830562e+01   5.35864720e+01   4.77083486e+01   5.52354060e+01
   7.32951165e+01   7.75846957e+01   7.31907013e+01   7.36618184e+01
   7.94639940e+01   7.70621291e+01   7.31465802e+01   5.38947441e+01
   4.55174516e+01   4.19892886e+01   3.14318916e+01   2.77192994e+01
   2.26111797e+01   1.93216035e+01   2.07581131e+01   2.25633328e+01
   3.43427340e+01   4.58636475e+01   4.14730447e+01   3.92623331e+01
   3.89821619e+01   3.95231618e+01   4.63346306e+01   5.20227832e+01
   4.62618862e+01   4.84003979e+01   5.56914286e+01   5.57879306e+01
   5.70604869e+01   7.77631673e+01   8.07763331e+01   8.67710491e+01
   9.06537684e+01   8.45451076e+01   5.13235249e+01   2.86473073e+01
   1.92141972e+01   5.03215885e+00   8.24863356e+00   7.96160570e+00
   5.53913762e+00   6.45674217e-01  -3.13056610e+00  -5.09961727e+00
   1.51338181e+00   7.06175056e+00   7.83271339e+00   8.21180791e+00
   1.04304292e+01   2.07019866e+01   3.28118582e+01   3.16491423e+01
   2.04991204e+01   1.39312198e+01   2.57816373e+01   3.80678152e+01
   4.91563710e+01   5.70661350e+01   5.47449426e+01   3.89328787e+01
   3.48554436e+01   4.32108956e+01   5.02319804e+01   5.22509707e+01
   3.15784048e+01   3.20423895e+01   5.08659854e+01   5.11826693e+01
   3.72580321e+01   4.02706571e+01   5.75621144e+01   6.28581354e+01
   6.44133317e+01   7.64582253e+01   8.08457383e+01   8.43556384e+01
   8.17740352e+01   8.70626524e+01   8.63080071e+01   7.74873952e+01
   7.21743934e+01   6.67638472e+01   6.87928415e+01   8.45338988e+01
   9.66624154e+01   9.41653066e+01   8.87853652e+01   8.40323635e+01
   8.95677276e+01   1.09240134e+02   1.07902204e+02   1.03502390e+02
   8.89654768e+01   7.30283777e+01   6.41898649e+01   5.46606868e+01
   5.17293959e+01   4.78504935e+01   3.56335554e+01   2.77233081e+01
   1.70134156e+01   1.39063703e+01   9.74240604e+00   6.75346312e+00
  -7.34180033e-01  -4.65014199e+00  -6.84135029e+00  -8.44070851e+00
  -1.07432383e+01  -1.27069101e+01  -1.26754206e+01  -1.04805726e+01
  -6.52838185e+00  -2.93542591e+00   4.84757712e+00   8.49772896e+00
   6.66911826e+00   1.40452725e+01   2.32411182e+01   2.48135232e+01
   3.12650903e+01   3.68605176e+01   4.50573455e+01   5.04699437e+01
   5.88090083e+01   6.83681924e+01   7.38618966e+01   7.12246007e+01
   6.86756433e+01   6.85917052e+01   6.33679837e+01   5.87368182e+01
   5.25376276e+01   5.19867765e+01   5.31215320e+01   4.93626387e+01
   3.00770342e+01   1.07537174e+01   1.75779309e+00  -1.45091665e+00
  -3.98397631e+00  -3.83790347e+00   1.59180497e+00   5.46981262e+00
   5.02171832e-01  -2.32803419e+01  -3.80750930e+01  -3.91546610e+01
  -3.34202961e+01  -2.67909806e+01  -2.32048826e+01  -2.70919664e+01
  -2.33035251e+01  -1.53167231e+01  -9.13839166e+00  -4.52985798e+00
   1.36156930e+01   2.19088969e+01   2.55812625e+01   4.16306959e+01
   7.05936604e+01   8.22885552e+01   7.25279485e+01   6.79158938e+01
   7.55706141e+01   6.29258183e+01   4.73224710e+01   4.37461867e+01
   6.27645342e+01   7.32227858e+01   7.00370372e+01   5.14185764e+01
   4.62849800e+01   4.95092804e+01   4.53811201e+01   3.56495993e+01
   3.20691385e+01   1.62120077e+01   1.65264299e+01  -7.15864231e+00
  -1.87136994e+01  -1.89988157e+01  -1.13125195e+01  -5.49227590e+00
   7.33550470e-01   8.25917162e+00   1.98606202e+01   3.56673689e+01
   4.78109154e+01],[  1.06581410e-14   1.06581410e-14  -1.17457653e-02   8.00863791e+00
   1.46703571e+01   1.52071822e+01   1.19578766e+01  -2.63750805e+00
  -1.57028492e+01  -2.04421782e+01  -2.12892475e+01  -2.19666775e+01
  -1.74325843e+01  -9.69889290e+00  -4.10785286e+00  -9.08984834e+00
  -1.41947499e+01  -3.18542261e+00  -1.86394646e+00   1.45637988e+00
   6.29229032e+00   5.64871250e-02  -9.70606626e-01  -1.56914005e+00
  -7.75790486e+00  -1.02730824e+01  -3.96899157e+00   4.31423947e+00
   2.36337557e+00  -3.32406091e+00  -9.31850226e+00  -1.51632059e+01
  -1.94546183e+01  -2.42051316e+01  -2.42368054e+01  -1.97775339e+01
  -1.32174710e+01  -9.10385268e+00  -7.47317709e+00  -3.18743228e+00
   3.71644385e-01  -2.98756290e+00   4.18000490e+00  -3.82188306e+00
  -1.32223701e+01  -1.52383596e+01  -9.21061855e+00  -5.53660490e+00
  -4.57045851e-01   8.46152527e+00   1.23813964e+01   7.23155978e+00
   3.39613475e+00   6.66921595e+00   9.79741937e+00   9.26107756e+00
   1.59519420e+01   1.11751594e+01   4.20465387e-01   7.39294962e+00
   1.21914911e+01   2.17461004e+00   7.33822234e+00   1.65056689e+01
   1.79783150e+01   2.32675797e+01   2.56513879e+01   2.92237163e+01
   3.20689969e+01   1.84539415e+01   1.00773042e+01   3.80561119e+00
  -1.18013381e+01  -1.67456746e+01  -2.09314199e+01  -2.70924062e+01
  -2.96291444e+01  -2.44038571e+01  -9.70437628e+00  -8.24465596e-01
   4.20202987e+00   7.85414566e+00   9.87546564e+00   2.08370534e+01
   2.03302889e+01   1.58634031e+01   1.28329026e+01   4.52277370e+00
   1.97857035e+00   1.46957182e+01   2.41332644e+01   3.38903050e+01
   4.28606098e+01   4.15188874e+01   3.93629053e+01   3.79395441e+01
   3.02164684e+01   1.98606821e+01   1.72967844e+01   1.34265954e+01
   1.65849913e+01   9.63509038e+00  -4.49553113e+00  -3.95349343e+01
  -5.67008215e+01  -4.34234718e+01  -2.14414867e+01  -1.08303322e+01
  -5.74426205e+00  -6.78177043e+00   6.78874631e+00   1.07136082e+01
   1.22174137e+01   5.30363146e+00   9.58863849e+00   9.73007687e+00
   1.34960088e+01   1.46348417e+01   1.62377743e+01   1.83924408e+01
   1.33953467e+01   1.67878119e+01   1.85883745e+01   1.62519489e+01
   1.48037049e+01   1.88719618e+01   2.81740969e+01   3.49389750e+01
   4.04783695e+01   4.00303504e+01   3.22778308e+01   1.53852397e+01
   7.65351379e+00   1.21172582e+01   2.03528995e+01   2.85504683e+01
   1.65810739e+01   1.90632900e+01   3.34905335e+01   3.93130380e+01
   4.35862882e+01   5.29317328e+01   5.94252438e+01   6.16639083e+01
   6.38787323e+01   6.06645415e+01   5.67289324e+01   5.32201095e+01
   4.40737159e+01   3.86363053e+01   3.33724595e+01   3.26459304e+01
   1.98345127e+01   6.73201155e+00   2.32481445e+00  -1.39584682e+01
  -3.25272000e+01  -3.65265745e+01  -3.25582915e+01  -3.06182362e+01
  -2.94661145e+01  -1.94783849e+01  -2.47030768e+01  -3.01505924e+01
  -3.87026427e+01  -4.23140209e+01  -3.60444838e+01  -1.28236446e+01
  -9.83116408e+00  -9.31617658e+00  -2.14370714e+00   3.88273800e+00
   5.55280844e-01   5.58065589e+00   9.09605237e-01  -2.92199191e+00
  -2.67177437e+00  -2.21863753e+00  -3.70868141e-01  -6.39037535e-01
  -7.63073698e+00  -1.24672979e+01  -1.00227259e+01  -7.23591587e+00
  -6.17352464e+00  -4.05997795e+00  -2.68247665e+00  -5.19176287e+00
  -3.11245323e+00   1.08539667e+01   2.13039790e+01   2.30884697e+01
   3.77189401e+01   4.94102821e+01   5.68178014e+01   6.11094487e+01
   6.55613543e+01   7.33485922e+01   6.90805215e+01   6.13743385e+01
   5.33249332e+01   4.50931487e+01   3.58387387e+01   3.96420461e+01
   3.98015208e+01   3.93463561e+01   3.54292140e+01   3.49463803e+01
   3.58158301e+01   3.88234138e+01   4.38097902e+01   4.91913543e+01
   4.94895644e+01   4.27649806e+01   3.21692620e+01   2.47789059e+01
   2.24473041e+01   9.79990783e+00   8.70391436e+00   1.42348781e+01
   2.52302834e+01   3.38957195e+01   3.87225426e+01   3.80391360e+01
   4.14512509e+01   4.16980323e+01   3.86127206e+01   3.21235847e+01
   2.80254871e+01   2.11800557e+01   5.90043886e+00  -8.70561923e+00
  -3.57854402e+01  -4.69301110e+01  -5.04097466e+01  -4.32766062e+01
  -4.23027074e+01  -3.21920766e+01  -1.61067523e+01  -3.38915272e+01
  -4.73828693e+01  -3.69125292e+01  -5.23132310e+00   1.03447209e+01
   1.21451372e+01   9.63353146e+00   1.19261517e+01   1.54795708e+01
   2.09062917e+01   1.06959699e+01   1.19290171e+01   8.93933488e-01
   1.36366444e+00   1.93005800e+00   7.22699245e+00   1.34244890e+01
   1.19709539e+01   1.32078947e+01   1.83934454e+01   2.33915187e+01
   2.36235260e+01],[ -6.21724894e-14  -6.21724894e-14   7.32148682e-03   7.61436158e+00
   1.04546252e+01   1.08016850e+01   5.74300789e+00   5.49126733e+00
  -3.11178997e+00  -6.51743001e+00  -9.98919320e+00  -1.17392206e+01
  -1.10828573e+01  -1.97234695e+01  -2.12709179e+01  -2.00280625e+01
  -2.14163748e+01  -1.74541908e+01  -1.97254098e+01  -1.84111644e+01
  -1.51638655e+01  -1.74180172e+01  -1.37637709e+01  -1.48694284e+01
  -1.70427615e+01  -1.53272420e+01  -1.24846651e+01  -1.30989012e+01
  -1.90112538e+01  -2.31968625e+01  -2.59831804e+01  -3.36735124e+01
  -3.48947646e+01  -3.24573288e+01  -3.56008940e+01  -3.97463752e+01
  -4.13229306e+01  -3.73732518e+01  -2.89300696e+01  -1.74096341e+01
   1.12760912e+00   1.06287655e+01   1.92451540e+01   1.00739767e+01
   1.27163211e+01   1.50969009e+01   1.97597270e+01   2.42459945e+01
   2.50135744e+01   2.44633905e+01   2.47740124e+01   1.87462178e+01
   1.45981307e+01   1.62286189e+01   2.05507646e+01   1.99625874e+01
   1.88544099e+01   7.24898962e+00  -2.60048430e+00  -3.12900441e-02
   5.20034340e+00   3.93233430e-01   5.12341390e+00   7.10444689e+00
  -1.22862576e+00  -7.01638226e+00  -3.89838454e+00  -4.71192483e-01
   1.25451458e+01   2.57707575e+01   3.95959193e+01   4.77430431e+01
   4.96714897e+01   5.42079889e+01   4.99920126e+01   4.64274819e+01
   4.52707245e+01   4.70206209e+01   3.96597970e+01   3.14333884e+01
   3.15550849e+01   2.82382061e+01   1.44235853e+01   5.37937960e+00
  -7.45298206e+00  -1.23324061e+01  -4.07047609e+00  -4.18832860e+00
  -9.89996570e+00  -6.21389805e+00   2.78587758e+00   4.20100120e+00
  -3.21996989e+00  -7.52639141e+00  -9.21416783e+00  -4.26388175e+00
   1.16762940e+00   9.74811576e+00   1.63426355e+01   1.89868755e+01
   1.83097887e+01   1.71472898e+01   1.73467640e+01   1.86291951e+01
   1.88267510e+01   2.22197395e+01   1.85161461e+01   8.45414129e+00
   6.16432679e+00   9.42365448e+00   1.24219850e+01   2.47872635e+00
  -1.12564416e+01  -1.50391649e+01  -1.47587294e+01  -1.90184543e+01
  -2.32832758e+01  -2.54261928e+01  -2.09790695e+01  -1.22899399e+01
  -7.35324544e+00  -1.21205263e+00   1.55099159e-01   2.51197607e+00
   6.26615260e+00   1.29972088e+01   1.49338309e+01   1.24966360e+01
   1.17876251e+01   1.22957247e+01   1.31707729e+01   1.04014909e+00
  -1.63574227e+01  -2.18697029e+01  -1.38627414e+01  -5.87449011e+00
  -6.94357333e+00   5.06781358e+00   3.67197459e+00   2.11111790e+00
   1.52092144e+00  -8.69893291e+00  -2.28332047e+01  -2.70869149e+01
  -2.31107895e+01  -1.99923180e+01  -2.01120434e+01  -1.92472928e+01
  -1.60994153e+01  -1.04753199e+01  -9.52347879e+00  -1.58219607e+00
   7.39621645e+00   9.32202949e+00   1.69147526e+01   2.83398424e+01
   3.33995614e+01   3.99143533e+01   4.69899017e+01   4.72346398e+01
   5.54784232e+01   8.14333500e+01   8.48722789e+01   8.61047384e+01
   8.32599726e+01   7.31143708e+01   5.61486445e+01   3.94919043e+01
   1.95484640e+01   1.02327505e+01   4.57182658e+00   7.70236060e+00
   8.02112661e-01  -2.92216548e+00  -6.98119836e+00  -1.20739860e+01
  -1.16770234e+01  -6.15514942e+00  -4.14004362e+00  -6.37219758e+00
  -1.01495874e+01  -1.46929368e+01  -1.31697775e+01  -2.05290939e+01
  -2.60693055e+01  -2.15020119e+01  -1.52972128e+01  -1.39353685e+01
  -1.21935359e+01   2.01473359e+00   4.94862626e+00  -1.60215877e+00
   1.43548211e+00  -4.45714233e+00  -7.30533363e+00  -5.33401505e+00
  -9.75806277e+00  -1.09868194e+01  -1.67635155e+01  -1.95959895e+01
  -2.42742196e+01  -2.67983617e+01  -2.81108062e+01  -2.14705632e+01
  -1.16635772e+01  -4.02261139e-01  -2.45696750e+00  -6.12319473e+00
  -1.33955910e+01  -1.92528986e+01  -1.87854364e+01  -1.53692077e+01
  -5.48596457e+00   3.60608352e+00   7.70754774e+00   1.05595881e+01
   1.76140207e+01   1.48224681e+01   1.21765277e+01   1.27819132e+01
   1.83697381e+01   1.66331238e+01   1.31323253e+01   8.72959454e+00
   3.23943905e+00   4.66668145e-01   4.18247367e+00  -3.04006944e+00
  -3.70555152e+00   8.49106125e+00   1.49122126e+01   2.75763781e+01
   4.04787436e+01   5.28740388e+01   5.73664476e+01   6.01589935e+01
   5.20887353e+01   4.28567519e+01   2.90258076e+01   1.93505305e+00
  -1.95211919e+00   6.44554237e-03   5.10057971e+00   5.73744199e+00
   1.15068965e+01   1.23521735e+01   1.50565311e+01   1.29245196e+01
   9.42544392e+00  -1.72259374e+01  -2.19646835e+01  -1.81661401e+01
  -1.38889699e+01  -1.30858730e+01  -1.22165291e+01  -5.38096836e+00
  -1.83828215e+00   2.53693009e-01  -6.89506415e+00  -1.64475387e+01
  -1.86116597e+01],[  4.97379915e-14   4.97379915e-14   1.94273182e-02   6.27472952e+00
   1.02165927e+01   1.54791309e+01   1.04981147e+01   1.31742863e+01
  -3.95853042e+00  -2.15742022e+01  -3.58627208e+01  -4.17803618e+01
  -4.22050453e+01  -4.79851240e+01  -5.01343563e+01  -4.92326310e+01
  -4.96069312e+01  -4.71207214e+01  -4.53047155e+01  -3.57138849e+01
  -2.30205555e+01  -1.84162376e+01  -1.50431829e+01  -1.40043207e+01
  -2.29206754e+01  -2.53885540e+01  -2.31363801e+01  -2.53945761e+01
  -1.55019401e+01  -6.19606840e+00  -8.73659967e+00  -1.97827190e+01
  -1.54225207e+01  -7.72076141e+00  -1.16472208e+01  -1.03366386e+01
  -1.01600809e+01  -2.09041567e+01  -2.13984938e+01  -1.49914164e+01
  -1.90873954e+01  -2.24079599e+01  -1.60559762e+01  -1.65796633e+01
  -1.85944686e+01  -2.44947306e+01  -2.37574022e+01  -1.68740923e+01
  -1.82400344e+01  -2.15763496e+01  -2.03384595e+01  -1.95500378e+01
  -5.95247307e+00  -6.06506168e+00  -5.93795071e+00  -8.68486205e+00
  -2.29746527e+00   2.67422406e+00   1.50934790e+01   2.06878465e+01
   1.71042361e+01   8.29283195e+00   2.83050228e+00  -4.96441749e+00
  -8.76593328e+00  -1.71947003e+01  -2.25406023e+01  -2.93181599e+01
  -2.94239332e+01  -2.24469362e+01  -2.11640817e+01  -3.70064426e+01
  -4.50739548e+01  -3.54681485e+01  -2.81818669e+01  -2.29641691e+01
  -2.45390761e+01  -9.97308926e+00   1.14758911e+00   1.78736398e+00
  -5.74142837e-01  -6.10079802e-01   1.22892643e+00  -4.07070101e-01
  -6.96432007e+00  -1.16791311e+01  -1.68888819e-01   1.46111110e+00
  -1.08004424e+00  -3.86923252e+00  -5.23565325e+00  -3.03275297e+00
  -1.49550964e+01  -3.51540179e+01  -3.85366261e+01  -3.04322857e+01
  -1.49404549e+01  -3.98048740e-01   7.87089863e+00   1.44837128e+01
   8.52910545e+00   5.32234049e+00   1.63095123e+00  -1.25059276e+01
  -2.31167340e+01  -1.93784612e+01  -1.39087664e+01  -8.80012080e+00
  -3.26938754e-01   6.76133130e+00   1.82384291e+01   1.92015709e+01
   2.22497678e+01   1.72572982e+01   8.54704059e+00   2.01149729e+00
  -2.09184057e+00  -7.50296287e+00  -8.35636942e+00  -1.00743982e+00
   9.48918841e+00   1.03486506e+01   2.80398410e+00   6.05975307e-01
  -1.48659084e-01  -3.62139796e+00  -8.64238449e+00  -1.26274220e+01
  -7.74225600e+00  -3.20293117e+00   8.02079238e+00   1.38553853e+01
   9.15640040e+00   7.08583177e+00   1.33752451e+01   2.32288421e+01
   2.21009485e+01   1.70885153e+01   1.65988186e+00  -4.22892392e+00
  -1.01729791e+01  -2.16727985e+01  -2.50791002e+01  -1.90539561e+01
  -1.93884435e+01  -2.02290860e+01  -1.99672715e+01  -2.12467771e+01
  -1.65864015e+01  -1.93644974e+01  -2.65373485e+01  -2.72287131e+01
  -2.95020515e+01  -3.61513643e+01  -3.68763426e+01  -3.98905735e+01
  -5.04292679e+01  -4.94845467e+01  -4.08320363e+01  -3.69572261e+01
  -2.79451674e+01  -5.50716041e-01  -1.29794245e+00  -1.39720816e+00
  -6.45840780e+00  -9.74052834e+00  -8.41364206e+00  -1.05716224e+01
  -2.56249417e+01  -3.04679572e+01  -3.47137182e+01  -2.55608214e+01
  -1.54146866e+01  -1.44502014e+01  -1.87026358e+01  -1.90471508e+01
  -1.99534520e+01  -1.47412277e+01  -1.84216709e+00   7.23804458e+00
   1.36450576e+01   1.15922025e+01   8.69557567e+00   3.92651847e+00
  -1.52523428e+00  -2.96007781e+00   4.21052654e-01   3.02462608e+00
   6.82433667e+00   1.09044608e+01   1.14159465e+01   9.22078994e+00
   6.65584588e+00  -5.61306660e+00  -6.11074224e+00  -2.34467712e-01
   2.68690778e+00   2.72693752e+00   5.37593056e-01  -4.71993147e+00
  -8.49299465e+00  -1.44162706e+01  -2.35592703e+01  -3.46184246e+01
  -3.44324186e+01  -2.07732550e+01  -1.19097633e+01  -1.15482692e+01
  -1.28056415e+01  -1.95326037e+01  -2.15682089e+01  -2.08744800e+01
  -1.87655500e+01  -1.04550899e+01   4.67953377e+00   1.68630344e+01
   2.12035726e+01   1.30411583e+01  -3.49202426e+00  -1.60046475e+01
  -1.96234354e+01  -2.09701240e+01  -1.90996577e+01  -1.88224866e+01
  -2.12876318e+01  -1.62269026e+01  -8.83761720e+00  -1.27485096e+01
  -2.06975866e+01  -1.93414281e+01  -1.78956736e+01  -2.20749144e+01
  -1.83794939e+01  -2.02866485e+01  -2.88769237e+01  -2.93728197e+01
  -2.15900131e+01  -6.94910145e+00   6.35225181e-02  -6.25708123e+00
  -4.20013328e+00   2.47294864e-01  -1.39598373e-01  -5.90621949e+00
  -3.47265200e-01   4.03590283e+00   8.90735452e+00   1.31892194e+01
   1.48579107e+01  -3.60098881e+00  -3.78131428e+00   9.41253455e+00
   1.16476061e+01   1.18334630e+01   1.03722564e+01   1.62017502e+01
   2.04903304e+01   1.73449563e+01   9.29366532e+00  -4.69994119e+00
  -1.41439597e+01],[ -6.57252031e-14  -6.57252031e-14   1.30612545e-02   5.33138051e+00
   6.74795031e+00   1.58008439e+01   1.71981009e+01   1.93225611e+01
   1.76926129e+01   1.57866551e+01   1.14274558e+01   1.04061236e+01
   1.31959777e+01   1.57960279e+01   1.85457868e+01   1.40019874e+01
   1.51564533e+00  -1.44636439e+00   1.38634099e+00   9.44482286e+00
   7.85929604e+00   9.31408754e+00   1.25409766e+01   1.79469192e+01
   1.94993877e+01   1.56761937e+01   1.21151024e+01   4.32403618e+00
   5.05989024e+00   4.06624772e+00  -5.45971811e+00  -1.33958688e+01
  -1.29059485e+01  -1.02973332e+01  -1.57698804e+01  -1.33674929e+01
  -1.15116716e+01  -1.59436126e+01  -1.98041467e+01  -2.09341583e+01
  -1.62160044e+01  -1.09179323e+01  -1.00637602e+00   8.26475554e+00
   1.30304907e+01   1.80017100e+01   2.22281551e+01   2.49472125e+01
   2.22093039e+01   1.17135252e+01   4.65953890e+00  -4.42305137e-01
   5.06508971e-01  -5.41162651e+00  -3.57627818e+00  -5.80500950e+00
   1.52805776e+00   8.69968907e+00   1.21869264e+01   1.49332090e+01
   1.30957599e+01   8.26355807e+00   1.94249578e+00  -3.29937320e+00
   1.44427133e+00   1.62930280e+00   3.16169572e+00  -3.26212746e-01
  -7.96324105e-01   6.72059311e+00   2.40253751e+00  -1.03139408e+01
  -3.72671681e+00   1.93402876e+01   3.05356681e+01   3.23479009e+01
   3.27750193e+01   3.44108305e+01   3.11572005e+01   2.57973938e+01
   2.45244742e+01   1.89455896e+01   1.99865685e+01   1.44255378e+01
   7.93871776e+00   1.28977210e+01   2.01685585e+01   1.58095385e+01
   9.01244339e+00   5.39411458e+00   3.31472905e+00   4.99933632e+00
   7.91763863e+00   2.22787430e+01   3.23250653e+01   3.82145361e+01
   3.44186685e+01   1.72116846e+01   7.09846257e+00   6.08373720e+00
   1.28657475e+01   1.42834362e+01   1.52203726e+01  -5.49803239e+00
  -2.00404134e+01  -1.87773804e+01   4.18910841e+00   1.40719796e+01
   1.60380801e+01   1.60077106e+01   2.08162228e+01   1.64841409e+01
   7.72512143e+00   3.36204645e+00   8.64497315e+00   1.32558456e+01
   1.78973901e+01   2.03042380e+01   1.50593971e+01   1.50084874e+01
   2.32132792e+01   2.23638730e+01   1.62624888e+01   2.25179791e+01
   3.08916008e+01   2.59962242e+01   1.91942842e+01   1.49319425e+01
   4.24236290e+00  -8.12758319e+00  -3.33403146e+00   9.75757206e+00
   1.85407196e+00   6.59556350e-02   8.86756325e+00   1.88660324e+01
   2.13940584e+01   1.70024453e+01   4.23549398e+00   3.00654786e+00
  -9.42061738e-01   7.52017038e+00   2.39516432e+01   3.43721424e+01
   3.39091938e+01   3.85400078e+01   4.17855815e+01   4.31499717e+01
   4.57307848e+01   3.67952866e+01   3.11714329e+01   2.73167536e+01
   2.64410035e+01   2.20696506e+01   2.00265929e+01   5.73198718e+00
  -1.48723784e+00   5.83915462e+00   1.81538536e+01   2.33642075e+01
   2.49878130e+01   3.15749715e+01   3.90744053e+01   4.17338326e+01
   3.34820791e+01   3.39993271e+01   2.73562423e+01   1.51596555e+01
   6.34345515e+00   1.31236091e+01   7.36683653e+00   7.84264174e+00
   1.56957595e+01   1.39989600e+01   6.17683604e+00   8.97312802e+00
   8.76618141e+00   7.45431607e+00   1.50094488e+01   2.19151049e+01
   2.89503565e+01   3.03501319e+01   2.28422632e+01   2.12611432e+01
   2.13481908e+01   2.24135785e+01   2.16418691e+01   2.33415349e+01
   2.71087776e+01   1.83247762e+01   1.21923964e+01   1.45714860e+01
   1.30956061e+01   9.92686238e+00   1.54077823e+01   1.92971864e+01
   2.83171890e+01   3.18300556e+01   3.86930213e+01   4.09307174e+01
   4.00129992e+01   4.06976670e+01   3.92142250e+01   3.38647552e+01
   1.96446349e+01   6.03791009e+00   1.75806419e+00  -5.29059258e+00
   6.56032731e+00   1.53153193e+01   1.57760739e+01   1.42482875e+01
   6.55426492e+00   7.85841172e-01   9.24233999e+00   2.10404302e+01
   2.32113501e+01   1.03112728e+01  -6.26010422e+00  -1.64156898e+01
  -1.84898542e+01  -1.79036617e+01  -1.34718870e+01  -6.02624376e+00
   2.35007953e+00   1.11428342e+01   1.41374741e+01   1.29240613e+01
   1.69701890e+01   2.35194213e+01   2.07657264e+01   8.00271089e+00
   8.97975742e-01   8.22647932e+00   1.96468472e+01   2.79678722e+01
   2.10807018e+01   2.04231858e+01   2.54137389e+01   5.35307825e+00
  -9.35145888e+00  -8.35980559e+00  -2.24042040e+00  -2.03829125e-02
  -2.74942375e+00   2.30748935e+00   5.53811177e+00   5.48586912e+00
   6.12942744e+00  -8.76916463e+00  -9.08348815e+00   1.38587113e+01
   1.76937119e+01   1.17129128e+01   1.23764936e+01   1.19429061e+01
   1.03506342e+01   1.44846681e+01   1.89213370e+01   1.76467721e+01
   1.65727891e+01],[  5.32907052e-14   5.32907052e-14  -5.72371943e-03   4.81309236e+00
   7.56508888e+00   2.34675241e+00  -1.57875105e+00  -4.82617589e+00
  -9.30728795e+00  -1.75265895e+01  -2.27631549e+01  -2.02109034e+01
  -1.51267056e+01  -1.52789360e+01  -1.17586041e+01  -1.00475357e+01
  -2.33040579e+01  -2.43745575e+01  -1.93644406e+01  -1.58215076e+01
  -2.47137730e+01  -2.25709178e+01  -1.61813958e+01  -1.88779972e+01
  -1.79557947e+01  -1.71488858e+01  -1.34369229e+01  -1.04323052e+01
  -4.76510280e+00   7.35836664e-02  -3.39324630e+00  -4.40562704e+00
   2.89577081e+00   6.80621284e+00   4.91022365e+00   7.17082561e+00
   7.28869004e+00   8.37588852e+00   1.10014886e+01   1.50917360e+01
   2.12306126e+01   1.96433619e+01   1.95202612e+01   1.09014957e+01
   1.00840284e+01   1.42503246e+01   1.48215110e+01   1.17778033e+01
   1.51673167e+01   1.44516049e+01   1.26703139e+01   1.94704239e+01
   1.44433652e+01  -6.77320116e+00  -1.63252553e+01  -1.78668377e+01
  -2.25134088e+01  -2.34325623e+01  -1.34354016e+01  -1.12682682e+01
  -1.76555307e+01  -2.23754875e+01  -2.47687228e+01  -2.55237117e+01
  -2.02260587e+01  -1.32558802e+01  -1.51989681e+00   6.41368212e+00
   1.03895391e+01   7.38529542e+00   4.84503126e+00   1.04684021e+00
  -4.27494456e+00  -3.47704519e+00  -4.31038183e+00  -2.52117929e+00
   8.65549378e+00   3.58652266e+00  -1.34904041e+00   2.09154701e+00
   9.10696411e+00   2.19743784e+00   2.55824548e-01  -7.85322130e+00
  -1.58260242e+01  -1.73343676e+01  -1.57524579e+01  -1.43139078e+01
  -1.36190790e+01  -1.35502381e+01  -1.04864216e+01  -4.20496767e+00
   4.84433871e+00   3.44617610e+00  -2.60564267e+00  -2.40679582e+00
   4.75883135e+00   6.52550840e+00   4.85056337e+00   1.14812489e+01
   5.12425544e+00   4.64450848e+00   1.05203649e+01   2.53891070e+00
  -5.68279521e+00  -4.79019573e+00   7.63902714e+00   1.11523189e+01
   8.54475630e+00   1.02514580e+01   1.04263861e+01   1.17793382e+01
   1.17424658e+01   7.09035624e+00   8.05891889e+00   8.18486619e+00
   8.52719517e+00   1.19588939e+01   3.87921584e+00  -6.14409716e+00
  -7.97621463e+00  -4.27032802e+00   5.08017122e-02   3.31523876e+00
  -3.50534808e-02  -5.72248598e+00  -6.51513868e+00  -2.44047759e+00
  -8.82730026e+00  -8.78079606e+00   2.94551603e-01   1.34358483e+01
   1.08205420e+01   1.00272334e+01   1.69837308e+01   2.31097790e+01
   2.03310271e+01   1.01218173e+01  -6.27207082e+00  -1.41718067e+01
  -2.21023718e+01  -1.79857260e+01  -9.89201088e+00  -6.61389366e+00
  -4.43264939e+00  -1.21051444e+00  -5.13464130e+00  -5.33534080e+00
  -1.95647346e+00   2.60129539e+00   9.33063141e+00   1.16492359e+01
   2.39134873e+01   2.11637311e+01   2.15279566e+01   2.81850586e+01
   3.30633222e+01   2.96344334e+01   1.33913398e+01   1.62339618e+01
   2.23279412e+01   1.71376458e+00  -4.23563850e+00  -2.99490816e+00
  -2.48320685e-01   3.31308849e+00   1.52221723e+00  -6.84559807e+00
  -2.74682422e+01  -2.92725350e+01  -2.79952644e+01  -2.35111809e+01
  -1.69931575e+01  -1.06626478e+01  -7.36253022e+00  -6.93011973e+00
  -7.12257717e+00  -9.24973019e+00  -9.83755565e+00  -1.28499641e+01
  -5.76361846e+00  -1.75180535e+00  -6.47458299e+00  -9.47599516e+00
  -5.17938822e+00  -1.88780549e-01  -4.37312279e-01  -8.40492215e+00
  -9.01141735e+00  -1.47945441e+01  -1.78291889e+01  -1.20501409e+01
  -6.25503171e+00  -1.41276435e+00   7.95381981e+00   6.81840225e+00
   5.74101449e+00   1.83946478e+00   1.03431711e+00   2.29543985e-01
  -5.06065445e+00  -9.25983602e+00  -1.14960218e+01  -1.19052115e+01
  -1.54587800e+01  -1.81581163e+01  -1.94744040e+01  -2.22342563e+01
  -8.22857425e+00   4.53418092e+00   4.30717061e+00   4.84786203e+00
   2.35400415e+00  -3.72945500e+00  -7.16501305e+00  -2.95849917e+00
   4.41707503e+00  -2.06876649e+00  -8.96198377e+00  -1.07241371e+01
  -6.89291759e+00  -4.62752940e+00  -3.41332304e+00   4.79971445e-01
   4.60693437e+00   1.00984377e+01   9.76782607e+00   5.30367435e+00
   1.02196138e+01   1.12707298e+01   1.03079969e+01   3.99883120e+00
   1.11795941e+01   8.75111822e+00   9.82045078e-01   1.37482013e-02
   3.23337687e+00   7.30249177e+00   9.67225444e+00  -3.42112373e+00
  -2.34115473e+00   6.26450184e-01  -4.81206861e+00  -6.40021246e+00
   1.59527447e+00   8.03458088e+00   1.27599991e+01   1.16722641e+01
   5.88144204e+00  -8.98348385e+00  -1.46172409e+01  -5.81620960e+00
  -2.05503911e+00  -2.67197930e+00   2.73890215e+00   7.30197547e+00
   9.91084113e+00   1.59208465e+01   1.53280055e+01   1.13013221e+01
   1.27921312e+01],[  9.76996262e-15   9.76996262e-15  -1.90664629e-02   2.70716995e+00
   7.01879055e+00   1.14627567e+01   1.59568963e+01   1.45011927e+01
   1.13266966e+01   1.04341044e+01   1.39219712e+01   1.86782662e+01
   2.34863364e+01   2.54057168e+01   2.26938240e+01   2.15925420e+01
   1.15321788e+01   6.38730262e+00   5.90124428e+00   1.19968308e+01
   1.66356170e+01   1.88166777e+01   2.08224577e+01   1.84019484e+01
   1.73726453e+01   1.42307651e+01   1.54137424e+01   1.66364471e+01
   1.32174845e+01   8.81032186e+00   8.39434334e+00   5.24137801e+00
   5.78162667e+00   8.35892548e+00   1.00473922e+01   1.52456488e+01
   1.53293369e+01   1.69808193e+01   2.40714270e+01   2.33845110e+01
   1.11886731e+01   1.02582580e+01   1.31924151e+01  -8.56336600e+00
  -1.47030754e+01  -1.28951222e+01  -6.56564686e+00  -2.41636753e+00
   4.46444441e+00   9.65171233e+00   8.76376530e+00   1.27526813e+01
  -1.68874175e+00  -2.06064394e+01  -2.43795913e+01  -2.05516146e+01
  -1.80724721e+01  -1.45211765e+01  -9.08966323e+00  -1.01773931e+01
  -1.99803888e+01  -1.69986223e+01  -6.45280720e+00   7.11029432e+00
   1.31164990e+01   7.96861701e+00   1.64844080e+00  -5.13474616e+00
  -8.08362969e+00  -4.32673999e+00   9.52071681e+00   7.88364480e+00
   7.76145701e+00   9.46980584e+00   1.17156977e+01   2.21241102e+01
   3.06737215e+01   3.07142531e+01   2.93912148e+01   2.14536030e+01
   8.54023644e+00  -4.80381106e-01  -5.34738545e-01  -2.94270576e+00
  -4.55308751e+00   2.64958647e+00   1.28194258e+01   1.90126317e+01
   1.39162861e+01   4.47041296e+00  -1.29826785e+00   3.48713486e+00
   7.94973786e+00  -6.35578674e-01  -8.62432849e+00  -1.29239726e+01
  -6.53920826e+00  -2.80623347e+00  -8.52293775e+00  -1.18589379e+01
  -1.93630784e+01  -1.89945862e+01  -1.00146764e+01  -4.07798182e+00
  -5.53770441e+00   2.14693756e-01   4.00792056e+00   3.27027378e+00
   6.37698629e+00   5.77499776e+00   9.58729153e-01   2.43473555e-01
   6.82392666e+00   1.36090508e+01   1.10318070e+01   1.41475881e+01
   2.04142137e+01   2.01600906e+01   1.47991072e+01   4.86608698e+00
  -3.80411975e+00  -8.25551522e+00   1.65873889e+00   2.86270744e-01
  -7.66478583e+00  -3.13848840e+00   6.02157070e+00   8.64880407e+00
  -1.14789808e-01   8.28573210e-01   4.44511321e+00   4.16014442e+00
   4.52038139e+00  -5.77000033e-01  -5.57967170e+00  -3.14333053e+00
  -3.37362700e+00  -6.96169625e+00  -9.00205827e+00  -7.89801634e+00
  -8.24398735e-01  -2.17323940e+00  -9.05370511e+00  -1.31147289e+01
  -1.40235048e+01  -1.45267749e+01  -1.74689059e+01  -1.63163427e+01
  -1.75556329e+01  -1.95367091e+01  -1.83713701e+01  -2.55383872e+01
  -1.32880178e+01   1.11538556e+00   8.55249921e+00   1.60282318e+01
   2.61675635e+01   3.57180029e+01   3.69385961e+01   3.84675432e+01
   3.04128867e+01   1.25451259e+01   1.11406649e+01   2.00441639e+01
   3.11974978e+01   2.97169170e+01   2.33400181e+01   1.48393043e+01
   5.05799569e+00  -1.41853517e+00   7.93822940e-01   5.61434717e+00
   1.07653998e+00  -3.34825735e-01   4.97678686e-01  -6.17577058e-01
  -2.51453987e+00  -6.10955968e+00  -1.07992144e+01  -1.74084188e+01
  -1.66824252e+01  -1.60048061e+01  -1.46454605e+01  -2.01772821e+01
  -2.12896479e+01  -1.59280418e+01  -1.02541486e+01  -1.43341549e+01
  -1.55335695e+01  -1.78920682e+01  -1.67099826e+01  -9.15207839e+00
  -2.60789332e+00   4.09635498e-01  -1.70526132e+00  -7.42965067e+00
  -1.49541014e+01  -2.45774559e+01  -2.35273948e+01  -2.73266147e+01
  -2.90748063e+01  -2.82362138e+01  -3.30563435e+01  -3.50844324e+01
  -2.91563884e+01  -2.74090390e+01  -2.81673609e+01  -2.54918049e+01
  -1.07614488e+01  -2.58903639e+00  -2.60609393e+00   1.83169336e-01
   2.71305862e+00   2.53919330e+00  -7.19121398e+00  -1.20357924e+01
  -6.16961469e+00  -2.86893270e+00  -2.01164007e+00  -2.53827629e+00
   1.54459921e+00   8.35397096e+00   9.75710055e+00   6.60830426e+00
   2.41094698e+00   2.73064007e+00   1.05037288e+00  -5.66581063e+00
  -1.23972638e+01  -1.16843289e+01  -7.86702633e+00  -4.32146598e+00
   1.31792050e+00   2.24343625e+00   7.12850207e+00   1.49789034e+01
   1.64411350e+01   1.02608073e+01   1.15847154e+01   1.44579252e+00
  -9.04662124e+00  -9.52320331e+00  -1.61129952e+01  -1.81772199e+01
  -5.26685049e+00  -4.51426273e+00  -9.50756091e-02   6.94319709e+00
   6.10883506e+00  -2.21703187e-01  -7.36664336e+00  -1.26683547e+01
  -1.30078031e+01  -4.66165195e+00   2.32227474e+00   7.32857638e+00
   1.17614529e+01   2.19689882e+01   2.30988887e+01   2.34415892e+01
   2.67196716e+01],[  7.10542736e-15   7.10542736e-15  -1.42804200e-02   1.04481959e+00
   1.80846347e+00   3.11085074e+00   4.98173869e+00   3.30958917e+00
   3.32416709e+00   2.80426207e+00  -2.06681731e+00  -1.47020543e+00
  -3.83456859e+00  -2.30323173e+00  -6.51482597e+00  -8.38668368e+00
  -1.98555225e+01  -2.09116380e+01  -1.80396187e+01  -1.00919520e+01
  -9.81672326e+00  -1.02145056e+01  -8.13853402e+00  -1.04380311e+01
  -1.03797842e+01  -9.85330828e+00  -4.18014405e+00   4.28341479e+00
   8.24638769e+00   2.40452479e+00   1.86695872e+00   5.04185531e-01
  -4.80437529e+00  -7.48927286e+00  -1.07107612e+01  -1.14888391e+01
  -1.54399516e+01  -1.65618692e+01  -1.38815862e+01  -1.51150225e+01
  -1.72556004e+01  -9.73998610e+00   7.01173698e+00  -4.32169793e+00
  -1.05337297e+01  -5.80443895e+00   7.71687451e+00   1.37588341e+01
   1.89598645e+01   2.56801043e+01   2.55134844e+01   2.45228492e+01
   9.38419461e+00  -6.43530289e+00  -1.30978702e+01  -1.52064032e+01
  -1.76388779e+01  -1.46620875e+01  -1.07205517e+01  -1.31144805e+01
  -1.74947803e+01  -1.08359650e+01  -2.84497337e+00   1.98259831e+00
   6.68174429e-01  -1.03295201e+01  -1.41767278e+01  -1.34081194e+01
  -1.75317644e+01  -1.59357485e+01  -7.44004702e+00  -6.18044417e+00
  -7.37468863e+00  -1.19669315e+01  -5.54294911e+00   2.70738540e+00
  -5.14747656e+00  -1.33716097e+00   1.01103545e+01   7.68267536e+00
  -9.48453304e-01  -3.89575868e+00   3.68574747e+00   9.77097649e+00
   9.50246766e+00   9.94439942e+00   1.39241741e+01   1.62670707e+01
   6.79685087e+00   1.03942950e+00  -5.97920180e+00  -8.91544898e+00
  -3.62819926e+00  -3.75493775e+00  -5.61782546e+00  -5.61547067e+00
  -8.75096647e+00  -1.00791601e+01  -1.35707609e+01  -1.60640122e+01
  -1.35502240e+01  -1.16518290e+01  -7.61029061e+00  -7.95848538e+00
  -1.17263724e+01  -5.78350831e+00   6.98402352e+00   3.48075032e+00
   4.76512589e+00   1.08529808e+01   6.82471191e+00  -3.03562241e+00
  -8.87890079e+00  -2.17415990e+00  -1.65246380e+00  -4.23402238e+00
  -1.83566596e+00   1.40276589e-02   2.74970286e-01  -1.99621630e+00
  -9.40168291e+00  -1.83432244e+01  -1.56730041e+01  -1.46993785e+01
  -1.48881234e+01  -3.65544687e+00   4.27262141e+00   1.47592459e-01
  -1.48071559e+01  -1.92985767e+01  -9.35197782e+00  -2.60212126e+00
  -1.24911172e+01  -1.84557459e+01  -2.22512126e+01  -2.39701671e+01
  -2.68933665e+01  -3.01951519e+01  -2.64112416e+01  -1.77406437e+01
  -1.21228180e-01   8.83276397e-01  -7.39188139e+00  -7.82220596e+00
  -2.03048329e+00  -4.55630728e+00  -2.79516052e+00  -4.88652002e-01
  -6.73981936e+00  -7.71562537e+00  -7.06340794e+00  -1.39643473e+01
  -1.56585307e+01  -1.74300681e+01  -2.05455452e+01  -2.22656267e+01
  -1.96745225e+01  -1.27377609e+01   5.62968265e-01   3.95989837e+00
   5.59109586e+00   1.43380971e+01   1.31247297e+01   1.11098239e+01
   1.00926247e+01   2.63557979e+00   4.69669472e-01   4.12588150e+00
   6.20154383e+00   4.89831192e+00   9.15458910e+00   1.06407800e+01
   8.10496250e+00   1.02946445e+01   1.18543370e+01   1.38333456e+01
   1.53957838e+01   1.35453123e+01   8.28233431e+00   4.81235195e+00
  -6.49182178e-01  -4.83325921e+00  -6.13796013e+00  -1.12699977e+01
  -1.52674988e+01  -1.78887574e+01  -2.04348353e+01  -1.95309327e+01
  -1.78337796e+01  -1.76837808e+01  -1.36279804e+01  -7.62010334e+00
  -4.60222511e+00  -6.96189929e+00  -1.55218264e+01  -1.81533959e+01
  -1.71214262e+01  -2.18968471e+01  -1.39046973e+01  -1.38956087e+01
  -1.03695898e+01  -6.64657404e+00  -8.22289331e+00  -1.33766657e+01
  -1.55739633e+01  -2.35302210e+01  -2.57240648e+01  -2.26062385e+01
  -8.61103427e+00  -3.77873672e-01   3.81156876e+00   5.35579756e+00
   7.08196770e+00   6.95929869e+00  -3.39207218e-01  -7.76597499e+00
  -7.76539467e+00   1.01829776e+00   5.82712375e+00   4.98729073e+00
   7.03087056e+00   9.40613284e+00   7.71684229e+00   3.97850141e+00
   3.26745545e+00  -1.71188817e-01  -1.28030232e+00  -1.17847896e+00
   2.31836726e+00   1.19212231e+01   1.11352669e+01   6.83835718e+00
   9.23885398e+00   8.86928979e+00   1.02055857e+01   1.15143849e+01
   1.27230048e+01   9.69130760e+00   1.23080625e+01   6.61700195e+00
   4.94780636e+00   9.24384887e+00   5.05288487e+00   5.92358500e-01
  -3.57746644e+00  -1.79591912e+00   1.34491338e+00   5.51731249e+00
   3.63891660e+00   2.95201893e+00  -3.11648220e+00  -6.05247827e+00
  -9.80323956e+00  -1.06773746e+01  -5.45656151e+00  -5.55514757e+00
  -4.76134628e+00  -8.54876305e+00  -1.77577092e+01  -2.30489553e+01
  -1.49215432e+01],[  6.21724894e-15   6.21724894e-15   4.08374090e-03   3.12525969e+00
   5.71982724e+00   6.67363990e+00   1.78211372e+00   3.97052168e+00
   4.22307992e+00  -2.36515425e+00  -1.39103877e+01  -1.53983227e+01
  -1.99922347e+01  -1.46521107e+01  -1.38574006e+01  -1.55664824e+01
  -2.34654540e+01  -2.47184485e+01  -2.35713557e+01  -1.51033695e+01
  -1.30314151e+01  -1.50721142e+01  -1.93356301e+01  -2.48670051e+01
  -2.57614612e+01  -2.37864445e+01  -1.98715417e+01  -1.36029847e+01
  -7.78022191e+00  -6.66916631e+00  -5.35400118e+00  -7.65689419e+00
  -6.08070475e+00  -5.30975570e+00  -9.25098625e+00  -1.01455695e+01
  -9.89565638e+00  -1.08827138e+01  -1.02518789e+01  -6.62612940e+00
  -1.30427081e+01  -1.99369891e+01  -1.10600233e+01  -1.13293757e+01
  -1.46471573e+01  -1.36149237e+01   3.15593659e+00   5.12915698e+00
  -8.58497740e+00  -1.23538403e+01  -1.18016557e+01  -1.16516830e+01
  -3.01345153e+01  -4.25558402e+01  -4.45798502e+01  -3.33119931e+01
  -2.32268177e+01  -1.01091638e+01  -2.14878623e+00  -2.26126801e+00
  -7.14863965e+00  -3.71563185e+00  -5.77373421e+00  -1.55806393e+01
  -2.27351745e+01  -2.67511695e+01  -2.81887286e+01  -2.73407726e+01
  -2.33328726e+01  -1.21146822e+01  -1.26705178e+01  -1.07517456e+01
  -1.57712303e+01  -1.52345244e+01  -2.44673593e+00   5.73601480e+00
   6.69817313e+00   5.14443022e+00   2.93950027e+00  -9.54693854e-01
   3.94009143e+00   2.48083613e+00  -4.26129000e+00  -6.40796343e+00
  -1.03108795e+01  -1.38993984e+01  -1.22450730e+01  -1.43681023e+01
  -1.65382191e+01  -1.32009781e+01  -1.16228063e+01  -1.93413602e+01
  -2.09722537e+01  -2.44008966e+01  -1.98447502e+01  -1.54768451e+01
  -1.53234700e+01  -1.50800792e+01  -1.63723159e+01  -1.58783663e+01
  -1.18646662e+01  -6.87210783e+00  -1.14950071e+01  -2.25768511e+01
  -3.04850098e+01  -2.83894716e+01  -1.94296020e+01  -2.29466976e+01
  -2.18869814e+01  -1.06499893e+01  -1.11151082e+01  -9.83024201e+00
  -5.63923238e-01  -4.07206060e-01   9.26870682e-01  -5.89205473e+00
  -9.24551267e+00  -4.84188567e+00  -2.97330762e+00  -1.57484484e+00
  -7.82728316e+00  -1.29356364e+01  -1.89588246e+01  -1.82478842e+01
  -1.60589268e+01  -1.68140796e+01  -2.26146245e+01  -2.64887371e+01
  -2.47364155e+01  -2.10432815e+01  -9.45011996e+00   3.14786720e+00
  -3.35127967e+00  -9.50062699e-01   4.30052426e+00   8.03300068e+00
  -2.73085845e-01  -1.98619171e+01  -3.02681725e+01  -3.10760443e+01
  -2.63989492e+01  -2.62201337e+01  -2.85362943e+01  -2.55346543e+01
  -2.23725939e+01  -2.98219986e+01  -3.36776173e+01  -3.46398837e+01
  -3.62525469e+01  -3.31161094e+01  -3.11807777e+01  -3.71771182e+01
  -3.34338012e+01  -3.02244640e+01  -3.47144320e+01  -3.56407999e+01
  -3.19415859e+01  -1.83126521e+01  -3.44262437e+00   4.01423010e+00
   9.99403972e+00   1.39955855e+01   1.88719841e+01   2.19934347e+01
   1.48140202e+01   9.88002132e+00   7.77138363e+00   7.97758906e+00
  -2.55555535e+00  -1.61023481e+01  -1.86583016e+01  -1.83146592e+01
  -2.05465392e+01  -1.94744306e+01  -1.53717208e+01  -1.47917945e+01
  -1.15206931e+01  -7.14005971e+00  -4.47931580e+00  -4.17480978e+00
   7.50348725e-03  -3.76686341e+00  -1.16139591e+01  -1.57269007e+01
  -1.64708401e+01  -1.83848508e+01  -2.07841773e+01  -1.86379774e+01
  -1.61604953e+01  -8.46463670e+00  -6.58278555e+00  -1.20321526e+01
  -1.78542701e+01  -2.24000311e+01  -1.93407879e+01  -1.51457588e+01
  -1.13220503e+01  -9.44595562e+00  -8.11486367e+00  -1.10666293e+01
  -1.45142923e+01  -1.89508909e+01  -2.53530764e+01  -3.78482040e+01
  -4.22557246e+01  -3.74518904e+01  -3.25954841e+01  -3.35824069e+01
  -2.98331777e+01  -2.17900258e+01  -1.51256195e+01  -9.46285440e+00
  -5.06214566e+00  -3.63420656e+00  -6.14816527e+00  -1.20872230e+01
  -1.03776657e+01  -1.33268735e+00  -2.03671265e+00  -3.52269686e+00
  -2.06713054e+00  -5.75590310e+00  -9.19779040e+00  -8.36602544e+00
  -7.22442572e+00  -1.06814340e+01  -1.65184119e+01  -1.72451970e+01
  -1.18027553e+01   6.97658458e-02  -2.35817657e+00  -5.46405500e+00
  -7.93902674e-01  -2.79623965e-02  -2.58724919e+00   1.01149725e+00
   7.28828801e+00   8.41284647e+00   3.07988532e+00  -8.86605096e+00
  -2.03722766e+01  -2.17393908e+01  -2.10100493e+01  -1.54920246e+01
  -1.38036447e+01  -9.50465429e+00  -2.84036162e+00   4.93845648e+00
   7.72197399e+00   8.69436862e+00   4.94936654e+00   4.63881612e+00
   8.05956471e-01  -9.25575402e+00  -1.01099170e+01  -7.73587657e+00
  -5.11792801e+00  -5.91092232e+00  -1.08515266e+01  -1.32923310e+01
  -1.05384402e+01],[  1.02140518e-13   1.02140518e-13   1.85649967e-02   6.45280584e+00
   1.01394532e+01   1.92209067e+01   1.58449350e+01   1.34452881e+01
   9.15729328e+00   5.49529614e+00  -3.83344406e-01   3.63312728e-01
   6.42810355e-01   3.99579619e+00   9.86245620e-01  -5.34748548e+00
  -1.23005034e+01  -1.41966789e+01  -1.96371590e+01  -2.14879888e+01
  -1.74870753e+01  -1.65741244e+01  -1.97892119e+01  -1.73103462e+01
  -1.74732886e+01  -2.12280371e+01  -2.48364165e+01  -2.73856569e+01
  -2.81215748e+01  -2.70892703e+01  -2.67243431e+01  -3.64875222e+01
  -3.61084980e+01  -3.07822366e+01  -2.69764942e+01  -2.16410712e+01
  -1.61025253e+01  -1.38506223e+01  -5.96282873e+00  -3.22545694e-01
   3.51281565e-01  -5.24711689e+00  -8.16685998e+00  -6.13212552e+00
  -8.08446799e+00  -6.30191133e+00   4.39054908e+00   3.08884322e+00
  -4.09873497e+00  -1.01207541e+01  -1.42383001e+01  -1.10463802e+01
  -2.30799132e+01  -3.16222139e+01  -2.97594251e+01  -1.96407310e+01
  -1.03047838e+01   2.44318348e+00   1.90841855e+00   1.21885476e+00
  -2.80798850e+00  -3.60697395e+00  -7.45250140e+00  -8.10497045e+00
  -7.75267901e+00  -1.89280465e+00  -3.15636431e+00  -7.65945813e+00
  -6.17169417e+00   1.07095729e+00  -2.67308471e+00  -7.35048260e+00
  -7.31646162e+00  -7.01746616e+00  -6.00111399e-01   1.98472662e+00
  -3.85290224e-01  -1.64494096e+00  -2.42536070e+00   3.37117956e+00
   1.37635028e+01   8.59821786e+00  -1.00883382e+01  -1.58919700e+01
  -2.24761043e+01  -2.04949066e+01  -9.24401476e+00  -4.94410995e+00
  -4.64408838e+00  -3.39293540e+00  -2.88957566e+00  -8.95234999e+00
  -1.16667625e+01  -2.51152777e+00   3.06523754e+00   3.52245028e+00
   6.17254678e-01  -1.76705541e+00  -5.60236769e+00  -7.49522976e+00
  -5.35206899e+00   4.39626838e+00   5.32583195e+00   1.28153387e+01
   1.04574830e+01   2.58275270e+00  -5.74074750e+00  -1.56102911e+01
  -1.65405872e+01  -1.79558798e+01  -2.74844703e+01  -2.90763234e+01
  -2.67754050e+01  -2.64452853e+01  -2.29480783e+01  -2.09911940e+01
  -1.27519901e+01  -8.17845626e+00  -1.52459925e+00   6.78826819e+00
   5.86632809e+00   5.30963440e+00   3.21142713e+00   4.73159199e+00
   1.25265288e+01   1.33039197e+01   5.78773871e+00   3.79705281e+00
   7.84222622e-01  -4.35735123e+00  -4.57818217e+00  -2.79996356e+00
   7.98360809e-01   4.43942576e+00   3.88432835e+00   9.96894731e+00
   1.01494534e+01  -2.71004390e-01  -5.54195865e+00  -4.96702639e+00
  -2.65802231e+00   2.70252925e+00   7.74446669e+00   2.40800363e+00
  -3.68368872e+00   1.56359119e+00   6.36015896e-01   3.14948904e+00
   6.65962458e+00   2.48889459e+00   1.40450602e+00  -4.88881123e+00
  -1.00099418e+01  -1.07348336e+01  -1.78677816e+01  -2.59883467e+01
  -3.53683699e+01  -3.08237041e+01  -2.32058256e+01  -1.89773357e+01
  -2.36140718e+01  -3.06191310e+01  -2.05805427e+01  -1.17684221e+01
  -7.92222800e+00  -1.23293751e+00  -2.42960260e+00  -1.37372666e+01
  -1.76252016e+01  -1.28966719e+01  -1.05503646e+01  -3.85552059e+00
  -1.58014436e+00   1.47863716e+00   2.79473162e+00   2.39641027e-01
  -3.25313687e+00  -1.38785648e+00   6.52211793e-01   3.92149263e+00
   1.92068087e+01   1.88348323e+01   9.59146795e+00   1.27525393e+00
  -3.78358049e+00  -3.55910920e+00  -3.09408741e+00   8.00184460e-01
   3.64250593e+00   1.07349244e+01   5.26422968e+00  -7.15530734e+00
  -1.56645136e+01  -1.18103514e+01  -4.86068261e+00  -4.08669583e+00
  -1.09929925e+01  -1.12458420e+01  -6.99802661e+00  -4.25165025e+00
  -3.26231011e+00   3.23035485e-01  -1.87632137e+00  -1.40853002e+00
  -3.09016339e+00  -6.25894729e+00  -8.27977228e+00  -1.63424288e+01
  -2.11651162e+01  -1.73833461e+01  -1.66923080e+01  -1.55391857e+01
  -1.18125279e+01  -7.30528431e+00  -6.64041681e+00  -8.99240744e+00
  -1.72060144e+00   5.18794809e+00  -2.24749625e+00  -1.15674236e+01
  -1.20933114e+01  -1.11423992e+01  -1.05397419e+01  -7.70633877e+00
  -9.56948368e+00  -7.42886064e+00  -9.81229052e+00  -1.21318447e+01
  -1.61248544e+01  -1.20935924e+01  -7.07413431e+00   9.10595255e-01
   7.02736725e+00   1.35282041e+01   2.10310517e+01   2.44858258e+01
   1.81749140e+01   9.54673849e+00   1.06432053e+01   7.64783355e+00
   5.03740194e+00   2.25309598e+00  -8.90782052e+00  -8.95924564e+00
  -5.89635456e+00  -7.68125201e+00  -2.42086947e-01   2.52923111e+00
   4.63050041e+00   3.35641171e+00   2.08339469e+00   1.03770026e+00
  -4.59003635e+00  -9.60960212e+00  -1.13605797e+01  -1.03069741e+01
  -8.09578874e+00  -1.66335124e+00  -5.71008710e-01   1.52734167e+00
  -1.07710767e+00],[ -7.28306304e-14  -7.28306304e-14   1.53942705e-02   5.54566984e+00
   8.62685063e+00   4.65731091e+00  -9.89659867e+00  -2.25414480e+01
  -2.98137591e+01  -3.37485985e+01  -3.58469159e+01  -3.09770003e+01
  -2.74977623e+01  -2.85754850e+01  -3.01728819e+01  -3.23476448e+01
  -3.42364172e+01  -3.08102440e+01  -2.53060787e+01  -2.18443964e+01
  -1.84043411e+01  -2.08577876e+01  -2.37729242e+01  -2.07493852e+01
  -2.10160548e+01  -2.52662811e+01  -2.15402464e+01  -2.09440919e+01
  -2.41662835e+01  -2.24535677e+01  -1.56378724e+01  -1.69717644e+01
  -1.45855254e+01  -1.26890848e+01  -1.03377600e+01  -1.12307946e+01
  -1.52977459e+01  -2.30702406e+01  -2.04587292e+01  -1.46073970e+01
  -5.69074383e+00  -2.83531427e+00  -2.53395842e+00   4.21400382e+00
   4.34170812e+00   8.44448568e+00   1.36143595e+01   1.09258932e+01
   6.71212597e+00   6.99900771e+00   2.94608600e+00   8.46580408e+00
   4.19885112e+00  -2.29972039e+00  -2.28523865e+00  -9.94818548e+00
  -1.92272264e+01  -2.07531210e+01  -1.54524219e+01  -1.06423903e+01
  -1.30217729e+01  -1.97244080e+01  -2.35571825e+01  -2.39595123e+01
  -2.12026987e+01  -1.58674157e+01  -1.52951704e+01  -1.04280411e+01
  -1.02713102e+01  -7.20772085e+00   3.75125829e-01   5.29529738e+00
   1.12448561e+01   1.40546697e+01   1.43932839e+01   1.14063441e+01
   6.72545159e+00   1.48920562e+00   8.73522706e+00   1.25126128e+01
   1.03774232e+01   1.17941287e+00  -1.36817038e+01  -1.52303083e+01
  -2.21661504e+01  -2.54860055e+01  -2.00363621e+01  -1.50192140e+01
  -1.20474755e+01  -1.39596707e+01  -2.16408988e+01  -1.84160008e+01
  -1.11860441e+01  -1.23261907e+01  -2.21827921e+01  -2.87297649e+01
  -2.53116493e+01  -1.74748734e+01  -1.16769576e+01  -5.12334368e+00
  -9.02086172e+00  -4.87008183e+00  -3.11490626e+00  -9.10523043e-02
  -4.00146515e+00  -9.31723440e+00  -9.01166081e+00  -6.50598096e-01
   4.59400920e+00   1.31019160e+00  -9.70527456e+00  -1.37631917e+01
  -1.87594205e+01  -2.21188243e+01  -2.18258887e+01  -2.23145159e+01
  -1.46402176e+01  -1.43573036e+01  -1.52855478e+01  -1.38083453e+01
  -1.43956259e+01  -1.52868257e+01  -1.81913580e+01  -1.57870088e+01
  -1.73553230e+01  -1.55546422e+01  -1.45217309e+01  -7.16864970e+00
  -8.65422844e+00  -1.35609495e+01  -1.16843710e+01  -8.45667932e+00
   9.09595131e-02   3.26841853e+00  -2.86420124e+00  -5.07306883e+00
  -1.45261460e+00  -1.19629302e+01  -2.12695936e+01  -2.23742498e+01
  -1.80809568e+01  -1.73976621e+01  -1.51273631e+01  -2.12317654e+01
  -2.39892026e+01  -1.67781201e+01  -2.19942838e+01  -2.60031308e+01
  -2.54678138e+01  -2.40640409e+01  -2.24772000e+01  -1.74822627e+01
  -9.61577405e+00  -5.99813653e+00  -6.24916501e+00  -5.28527666e+00
  -2.64856914e+00   3.99049067e+00   8.18844510e+00   1.33253710e+01
   1.60762328e+01   5.03311204e+00  -4.94568201e+00   1.16879525e+00
   1.39337677e+01   1.32973684e+01   1.00635739e+01   2.74504535e+00
  -6.33261592e+00  -1.24455835e+01  -9.33630271e+00  -1.08712827e+01
  -1.77651247e+01  -1.20577664e+01  -8.31248940e+00  -1.10138798e+01
  -1.73114639e+01  -1.96245192e+01  -2.04246278e+01  -1.18639516e+01
   5.20004302e+00   1.39370206e+01   1.57840203e+01   1.81399732e+01
   1.74157210e+01   1.21723527e+01   4.98376352e+00   2.36378545e+00
   3.21722294e+00   5.20745143e+00   1.01678138e+00  -4.54895485e+00
  -5.60257703e+00   2.01489574e+00   4.09668336e+00   2.59672460e-01
  -1.10266018e+01  -1.68477060e+01  -1.61426291e+01  -1.74109404e+01
  -1.07942840e+01  -8.96560722e+00  -1.54214842e+01  -1.05826840e+01
  -9.88408679e+00  -1.30631141e+01  -1.12524463e+01  -1.02703134e+01
  -3.49098139e+00  -1.68502456e+00  -1.21737625e+00  -4.41089805e+00
  -7.64586868e+00  -6.69956371e+00  -5.65339979e+00  -4.11463622e+00
   2.42104648e+00   8.36026405e+00   5.46714068e+00  -1.53503099e+00
  -6.12774135e-01   5.30702004e+00   5.26035800e+00   5.43787369e+00
   4.46452720e+00   3.89301253e+00   1.97245140e+00  -9.96925174e-01
  -4.92309540e+00  -1.18643104e+01  -1.29086452e+01  -4.43122177e+00
   9.94372487e-01   3.75558993e+00   7.57611031e+00   6.16001490e+00
   5.00752737e+00   3.13594336e+00  -4.83341758e+00   8.20563639e+00
   7.89783087e+00   5.77230053e+00  -1.47056509e+00  -1.75585406e+00
  -3.28666530e+00  -4.80868091e+00   1.10972189e+00   3.46152114e+00
   2.20510920e+00   4.06956744e+00  -2.96449043e-01  -8.62078063e+00
  -1.84539446e+01  -2.06821943e+01  -2.13393799e+01  -2.30827778e+01
  -2.33785338e+01  -2.00063074e+01  -1.96225913e+01  -1.21364404e+01
  -7.01106820e+00],[  2.66453526e-14   2.66453526e-14  -2.41364569e-03   1.08098880e-01
   3.91566249e+00   9.28714195e+00   5.07895851e+00   4.16944497e+00
   7.73192063e-01   4.58192725e+00   7.00077657e+00   1.07819391e+01
   1.66948059e+01   1.42406198e+01   1.01132673e+01   7.65991362e+00
   1.42609712e+01   1.85750018e+01   2.70556866e+01   3.01272894e+01
   2.67968016e+01   2.23591439e+01   1.89799107e+01   2.11239018e+01
   2.02249839e+01   1.66176866e+01   2.01448357e+01   1.97213685e+01
   1.71738990e+01   1.61091378e+01   1.99477769e+01   1.76871466e+01
   1.82447875e+01   1.62908646e+01   1.59755790e+01   1.67405468e+01
   1.19231992e+01   7.49474273e+00   4.84218087e+00   6.55036293e-01
  -3.89279234e+00  -7.38368716e+00  -9.84825196e+00  -6.07818900e+00
   1.35642369e+00   9.66934323e+00   1.68823451e+01   2.35214218e+01
   3.01780317e+01   4.32101650e+01   3.99328975e+01   3.62156289e+01
   2.67745402e+01   2.64067144e+01   2.92668606e+01   2.61894824e+01
   2.54538386e+01   1.87119189e+01   1.58182861e+01   1.66665192e+01
   1.75356899e+01   1.87141758e+01   2.83322437e+01   3.19839720e+01
   3.10836717e+01   2.71498640e+01   1.62976757e+01   5.80231714e+00
  -3.14587890e+00  -4.26443037e+00   6.87378749e+00   1.92459029e+01
   1.84864430e+01   1.78837815e+01   2.15714651e+01   2.46158812e+01
   2.29478087e+01   1.28521265e+01   9.67083904e+00   1.07361136e+01
   9.04478927e+00   7.68625589e+00   1.02046469e+01   1.19575732e+01
   8.33506945e+00   8.49255850e+00   1.16438249e+01   9.98438254e+00
   9.99876237e+00   9.64709056e-01  -1.31921473e+01  -5.01633305e+00
   1.63240320e+00   1.02333288e+00  -1.12672743e+00  -2.22101212e+00
  -4.96573698e+00  -9.19916293e+00  -7.83632643e+00  -8.80335030e+00
  -9.61199099e+00  -8.10837122e+00   4.64400311e-01   5.05915046e+00
   1.04381789e+01   1.40480767e+01   1.87134291e+01   2.77340789e+01
   2.82431385e+01   2.60567064e+01   1.39692109e+01   1.17013321e+01
   1.16263390e+01   1.37222998e+01   1.50718858e+01   1.56699535e+01
   1.84960294e+01   1.61752081e+01   8.53116741e+00   3.31613252e+00
   3.20911237e-01  -4.88874773e+00  -5.77791509e+00   1.63734620e-01
  -6.44193429e+00  -2.30187991e+00   1.01814664e+01   1.94173398e+01
   1.86926262e+01   1.42762921e+01   3.66663266e+00  -4.50014574e+00
   3.98402009e-02   4.14346201e+00   6.78333040e-01  -5.23474752e+00
   3.12521323e+00  -6.65865737e+00  -1.60575507e+01  -1.71130074e+01
  -9.87286915e+00  -1.12240616e+01  -1.95684214e+01  -2.30969708e+01
  -2.25241932e+01  -1.25742456e+01  -1.20070118e+01  -1.52229954e+01
  -1.29174187e+01  -1.35137688e+01  -1.12924255e+01  -5.46609703e+00
   6.20331090e+00   1.37386694e+01   1.97272962e+01   3.32455055e+01
   2.80389022e+01   2.07103910e+01   1.75282939e+01   1.30332467e+01
   1.02238788e+01   1.00812923e+01   1.10335260e+01   1.32830092e+01
   1.92252791e+01   1.62875814e+01   1.73277450e+01   1.72298809e+01
   1.76853725e+01   2.27689615e+01   1.96382516e+01   1.67536429e+01
   1.45392380e+01   8.86516782e+00   4.82025976e+00  -1.02851109e-01
  -5.08394449e+00  -7.74537679e+00  -1.06962135e+01  -5.35786051e+00
   7.47749459e-01   6.23136800e+00   1.05049212e+01   1.34147888e+01
   1.53156942e+01   1.31712546e+01   1.30002720e+01   1.13575081e+01
   1.01275183e+01   1.18723679e+01   1.19763759e+01   1.16824221e+01
   1.26906360e+01   6.00484015e+00   6.08413488e+00   4.51896972e+00
   1.06074264e+00   9.35225468e-01   2.42819948e+00  -1.23197262e+00
  -2.13237987e-01   1.13731526e+00  -2.13646459e+00  -5.38967362e+00
  -9.49816638e+00  -1.15400804e+01  -1.27694860e+01  -1.41234059e+01
  -7.51768914e+00  -9.63687674e+00  -3.28484393e+00  -1.35858223e+00
  -2.85386832e+00  -6.50802145e+00  -9.48686012e+00  -1.17374785e+01
  -1.26025370e+01  -5.96415678e+00  -3.47040588e+00  -1.57737474e+00
   3.07802539e+00   5.78499516e+00   4.36097878e+00   1.16586747e+00
  -5.29633840e-01  -1.10042690e-01   5.55594651e-01  -1.58414485e+00
   6.31125579e+00   1.10707435e+01   8.87381136e+00   1.65315061e+01
   1.82311483e+01   1.41746042e+01   2.19043514e+01   2.39588621e+01
   2.01637468e+01   1.38971166e+01   7.98915437e+00   1.25440197e+01
   3.84264255e+00   2.88792846e+00   8.33126746e+00   9.62645286e+00
   6.82767233e+00   3.66820941e+00  -1.65136276e-02   1.07096458e+00
   3.01384855e+00   1.08800783e+01   7.92388134e+00   8.49610859e-01
  -5.36796074e+00  -6.13977123e+00  -4.15000736e+00  -1.25432977e+00
  -9.36892565e-01  -1.69557293e+00  -2.66210754e+00   4.05198465e+00
   5.17248808e+00],[  1.55431223e-13   1.55431223e-13  -1.79266178e-02  -4.81380371e+00
  -4.71288181e+00  -6.24601555e-01   3.21341182e+00  -6.04725534e-01
  -1.14464316e+01  -1.35318155e+01  -2.04255640e+01  -2.18979481e+01
  -1.98745853e+01  -2.67607386e+01  -3.47315524e+01  -3.74091085e+01
  -3.00345157e+01  -2.61255872e+01  -2.70000706e+01  -3.02398467e+01
  -3.37672889e+01  -3.22093947e+01  -2.79630647e+01  -2.54728476e+01
  -3.00071142e+01  -3.13493559e+01  -2.53388231e+01  -2.16839963e+01
  -1.49996905e+01  -1.43164022e+01  -1.53877001e+01  -2.06648388e+01
  -2.07947644e+01  -2.11809430e+01  -1.52596544e+01  -6.05939974e+00
  -4.16207781e+00  -5.29003100e+00  -5.18126874e+00  -1.13998271e+01
  -7.27268450e+00  -4.20972865e+00  -9.66291546e+00  -3.60321223e+00
  -1.55272652e+00   2.63783163e+00   3.82918086e+00   5.36970859e+00
   1.65646822e+01   3.32154972e+01   3.46815300e+01   3.25055107e+01
   2.27504519e+01   2.07313000e+01   1.81693808e+01   1.63377221e+01
   1.59098519e+01   1.01231941e+01   1.86888674e+00  -2.75118163e+00
   3.14532526e+00   1.96468564e+00   3.19963719e+00   5.33189632e+00
   3.94878124e+00   4.74467977e+00   9.93272930e+00   8.97965414e+00
   5.68542904e+00   2.21658411e+00   7.73271734e-01  -1.47254627e+00
   1.25614998e+00   3.07324549e+00   7.41295566e+00   5.41325283e+00
  -6.48985583e+00  -5.45200537e+00  -1.03257009e+00   3.08252952e+00
  -1.31265434e+00   2.07329990e+00   1.22316700e+01   7.74716896e+00
   8.97342239e-01  -4.91746533e+00  -6.40131921e+00  -1.41092374e+01
  -2.01547998e+01  -1.69814928e+01  -1.54563813e+01  -8.92479770e+00
  -9.98866759e+00  -1.52450239e+01  -1.08894216e+01  -9.28128760e-01
   1.93639136e+00   1.02225174e-01   1.97237038e+00   4.86354722e+00
   2.34267380e-03  -1.17937578e+01  -5.47564242e+00  -3.95253657e+00
  -3.98634176e+00  -4.58536674e-01   5.06142941e+00   7.60639745e+00
   4.34639895e+00   5.24102904e+00  -3.09530807e+00  -9.13341600e+00
  -1.73138918e+01  -1.55119681e+01  -1.45165200e+01  -1.29684129e+01
  -1.10149077e+01  -1.04983404e+01  -9.52352076e+00  -1.72451262e+00
  -8.88427401e-01  -2.71291827e+00   2.73872811e+00   4.84884136e+00
   1.96435782e+00   9.21207019e+00   1.33808386e+01   1.17668645e+01
   9.07929356e+00   4.94098602e+00  -6.03467621e+00  -9.24206160e+00
  -4.22470282e+00  -2.53685459e+00  -5.83715867e+00  -1.09031642e+01
  -1.00887211e+00  -3.44942662e+00  -2.17747250e+00  -1.10847400e+00
   8.55373741e+00   9.99473576e+00   1.94641014e+00   2.61971996e+00
   8.72376344e+00   1.35464824e+01   1.75749574e+01   1.78187218e+01
   2.01209129e+01   1.48873116e+01   1.36247751e+01   1.56117767e+01
   5.60774672e+00  -3.90375358e+00  -5.91776940e+00  -3.47876225e+00
   2.76686375e-02   2.77968002e+00   7.57608740e+00   1.05622446e+01
   1.29113878e+01   1.67017727e+01   1.85055614e+01   1.91622861e+01
   2.00148859e+01   1.22958386e+01   7.11111579e+00   6.91998614e+00
   3.98869461e+00  -1.48081868e-01  -7.16278843e-02   6.16387422e+00
   1.72351672e+01   1.33955191e+01   9.44845697e+00   7.59766867e+00
   6.36715088e+00   6.17680437e+00   7.21803279e+00   1.16998943e+01
   1.03863818e+01   5.76351082e+00   7.42976400e+00   6.17405344e+00
   5.18054757e+00   2.15237702e+00   1.19077363e+00  -2.19281013e+00
  -1.93237788e+00   2.97698048e+00   8.07523956e+00   1.42191129e+01
   1.82603594e+01   7.57318286e+00   8.14701245e+00   7.68391520e+00
   1.14509470e+01   1.39464438e+01   1.54845851e+01   1.38901793e+01
   9.81562714e+00   7.17966858e+00   8.06223265e+00   2.96121530e+00
  -2.25993262e+00  -2.99016666e+00  -4.55344688e+00  -6.41563579e+00
  -1.25151408e+01  -1.86676518e+01  -1.52486335e+01  -1.05448472e+01
  -3.16592940e+00  -3.05335135e+00  -5.63997665e+00  -1.20395492e+01
  -1.67203242e+01  -1.00003674e+01  -1.04530977e+01  -9.69813388e+00
  -8.75456441e+00  -1.10431162e+01  -1.07950116e+01  -1.16389363e+01
  -1.30628730e+01  -6.12350522e+00  -9.77797712e-01  -3.96442821e+00
  -2.23845948e+00  -3.16073341e+00  -7.51110195e+00  -5.36004183e+00
  -3.61263755e+00  -2.45103892e+00   4.19355177e+00   5.99958720e+00
  -3.30293174e+00  -4.64368267e+00  -5.40580779e+00  -5.71687899e+00
  -3.44080993e+00   3.79418834e+00   1.11845031e+01   1.33105957e+01
   1.40180501e+01   1.18565068e+01   6.91772505e+00   2.89572147e+00
   2.39666392e+00   2.56520012e+00   1.25675096e+00   5.70996733e-01
   3.38953012e-01   3.68692288e+00   5.16770989e+00   6.12347562e+00
   7.60080736e+00   4.18864999e+00  -3.67068042e+00  -5.43674671e+00
  -4.95760760e+00],[ -7.63833441e-14  -7.63833441e-14  -1.63945918e-02  -5.27414637e+00
  -4.31362084e+00   2.22444853e+00   1.40570296e+01   4.45829426e+00
  -5.38186292e+00  -5.51833722e+00  -6.90808929e+00  -5.44050432e+00
  -4.20345012e+00  -7.40865313e+00  -1.19112253e+01  -1.68553707e+01
  -1.64098774e+01  -1.62425675e+01  -1.37802314e+01  -1.01557690e+01
  -3.09302833e+00  -5.14582852e+00  -6.67065020e+00  -1.20271287e+01
  -1.35363076e+01  -1.22647497e+01  -1.08959320e+01  -7.42813349e+00
  -7.07408110e+00  -8.88214430e+00  -9.08310545e+00  -8.14842828e+00
  -5.88092894e+00  -6.83208445e+00  -3.94760129e+00  -2.99655984e+00
  -5.82038225e+00  -8.46514003e+00  -6.16699703e+00  -1.08921647e+00
  -1.72366593e-01  -6.04182892e+00  -4.96538388e+00   1.30980054e+00
   6.52471532e+00   1.49371175e+01   1.59882433e+01   1.16496211e+01
   1.14993550e+01   1.45264510e+01   1.57122282e+01   1.10171683e+01
  -1.42257372e+00  -4.91245195e+00   1.38203940e+00   7.21413086e+00
   9.63869982e+00   7.69941760e+00   4.49605644e+00   7.32431038e-01
   4.37217938e+00   1.40747477e+00  -7.58296382e+00  -9.22897999e+00
  -9.95905269e+00  -1.10525986e+01  -4.83403870e+00   1.82941305e-01
   9.06837885e+00   1.24492508e+01   8.11915740e+00   3.35231448e+00
   1.71808700e+00   9.19880258e-01   3.02773287e+00   3.05963795e+00
   1.20584023e+00   3.44094383e+00   6.29740875e+00   1.05760597e+01
   9.02543988e+00   5.32019924e+00   1.74912650e+00  -6.24463007e+00
  -1.42853180e+01  -1.43690784e+01  -1.17398070e+01  -1.80606125e+01
  -2.38799042e+01  -1.26491300e+01  -8.55117586e+00  -8.56547856e+00
  -1.24619133e+01  -1.33686035e+01  -1.06372025e+01  -6.24534395e+00
  -1.19234857e+00   1.75695159e+00   4.42562547e+00   7.60502148e+00
   9.16050942e+00   3.31188459e+00   1.61838809e+00  -1.52722277e+00
  -4.44573731e+00  -8.45985690e+00  -1.04767641e+01  -5.83506657e+00
  -5.85211875e+00  -9.17603230e+00  -1.63899373e+01  -2.12031598e+01
  -2.10183245e+01  -1.95172544e+01  -1.92280779e+01  -1.76417396e+01
  -2.05995478e+01  -1.70662369e+01  -1.16987378e+01  -4.94935716e+00
  -9.56837865e+00  -8.79890380e+00  -2.68566433e+00  -3.27702271e+00
  -3.53430072e+00  -2.62824910e+00  -9.05022760e+00  -1.39223497e+01
  -1.67609945e+01  -2.45619777e+01  -1.68393381e+01  -1.95522997e+00
   1.05871054e-01   1.85701572e-01   3.95801586e+00   5.39499554e+00
   4.96412346e+00  -5.53463924e+00  -7.32239414e+00  -9.85560550e+00
  -9.39815484e+00  -6.04660221e+00  -4.77285903e+00  -4.86014132e+00
  -4.57178266e+00  -1.02034532e+01  -1.16312109e+01  -1.44385130e+01
  -1.53330834e+01  -1.17710128e+01  -1.45766822e+01  -2.09552021e+01
  -1.66441939e+01  -1.51008609e+01  -1.32961775e+01  -1.41169095e+01
  -2.03463462e+01  -1.78486234e+01  -4.84025172e+00  -2.86691463e+00
  -4.45916264e+00  -7.24363536e+00  -1.37596674e+01  -6.85387059e+00
   5.21973377e+00   5.83151818e+00   5.34750311e+00   8.17554695e-01
  -2.77157452e+00  -3.95759497e+00  -1.16190048e+01  -1.14786647e+01
  -1.40845032e+01  -1.50494799e+01  -1.25902255e+01  -1.27620698e+01
  -6.08642123e+00  -6.24922285e+00  -4.62545941e+00  -1.29963378e+00
  -2.85639465e+00  -7.31571807e+00  -5.82507037e+00  -5.21816318e+00
  -2.48564871e+00  -2.56195015e+00  -2.07705922e+00  -4.16783452e+00
  -4.88907815e+00   2.13651853e+00   5.05179476e+00   6.18037235e+00
   4.78664542e+00   2.68996512e+00   4.28149723e+00   2.52629751e+00
   6.34479354e+00   4.77989732e+00   3.86264030e+00  -7.11876163e-01
  -5.90537405e+00  -1.04594500e+01  -1.48229941e+01  -1.85419028e+01
  -1.82780552e+01  -1.72293746e+01  -1.74287944e+01  -1.49298447e+01
  -1.91318000e+01  -2.05123389e+01  -2.13215024e+01  -1.83129263e+01
  -1.24763769e+01  -6.75540826e+00  -1.55669155e+00  -6.65056478e-01
  -5.76436883e-01   4.34151861e+00   4.59708951e-01  -8.69429442e+00
  -1.62076504e+01  -1.79496592e+01  -1.69671818e+01  -1.27011614e+01
  -9.02847856e+00  -9.02835383e+00  -7.91371841e+00  -1.34971497e+01
  -1.51498574e+01  -1.42093668e+01  -1.44497223e+01  -1.07693901e+01
  -1.00582077e+01  -9.85747943e+00  -3.08432797e+00   4.76306590e+00
   1.23515607e+00   7.07982147e-01  -4.20357308e-01   1.71725037e+00
  -7.53032535e+00  -1.18830655e+01  -1.52388587e+01  -1.01141210e+01
  -7.29580222e+00  -1.76327419e+00   3.66037663e+00   3.95870782e+00
   2.16859887e+00   2.12855283e+00  -2.31254327e+00  -7.22731466e+00
  -9.17157942e+00  -1.02178398e+01  -1.53268791e+01  -1.72660752e+01
  -1.73648669e+01  -1.54387952e+01  -1.56505971e+01  -8.69580419e+00
  -3.16343255e+00],[ -8.26005930e-14  -8.26005930e-14   7.25750388e-04  -1.69910243e+00
   1.73000103e+00   4.69159385e+00   1.64668281e+01   2.74525694e+00
  -1.07766654e+01  -1.26727369e+01  -9.26473521e+00  -9.10822884e+00
  -7.49074990e+00  -1.84388274e+00  -1.92196633e+00  -9.53630758e+00
  -1.56221859e+01  -1.03513134e+01  -7.24469659e+00  -3.43910233e+00
  -3.16581111e+00  -7.46209235e+00  -9.79942801e+00  -1.94716653e+01
  -2.20654788e+01  -1.93736696e+01  -2.14368015e+01  -1.58206313e+01
  -1.05667821e+01  -9.72713753e+00  -9.54382116e+00  -7.98628423e+00
  -4.98491779e+00  -4.54159407e+00  -3.48917773e+00  -2.02970380e+00
  -5.97410211e+00  -6.05364819e+00  -4.22011931e+00  -1.94919445e-01
   6.70747907e-01  -6.15676344e+00   9.78609172e-01   4.93286604e+00
   9.89193742e+00   1.97449405e+01   1.31351114e+01   5.75814492e+00
   7.02974085e+00   8.02815081e-01  -2.17658308e+00  -7.35440635e+00
  -4.42084387e+00  -7.59162408e+00  -4.13372208e+00   2.16469290e+00
   5.63722872e+00   7.27290912e+00   1.24403538e+01   1.48735830e+01
   1.68374945e+01   1.66309605e+01   1.45478138e+01   1.52779442e+01
   1.57766001e+01   1.12514206e+01   8.24569235e+00   5.26227631e+00
   2.89953021e+00   5.01331868e+00   8.07259250e+00  -1.11187422e+00
  -2.89568860e+00  -3.85378598e+00  -6.57202805e-01   1.95810240e+00
   5.55488709e-01  -5.67088287e+00  -5.24696779e+00   4.32068880e+00
   7.89231094e+00   2.08072329e+00  -6.76857308e+00  -1.09143954e+01
  -1.20160160e+01  -1.49184366e+01  -1.11155252e+01  -6.06159006e+00
  -8.73444085e-01   2.87468785e+00  -2.23212607e+00  -5.26928991e+00
  -5.31970800e+00  -5.49133253e+00  -9.27166150e+00  -7.41488276e+00
  -1.98515303e+00   3.93134499e+00   7.39329454e+00   4.51483678e+00
   1.27738517e+00   1.26835173e+00  -3.47293709e+00  -4.30246359e+00
  -1.51845290e+00  -5.20142900e+00  -1.35362700e+01  -1.59536169e+01
  -1.72108399e+01  -1.46425647e+01  -1.31045379e+01  -1.08414830e+01
  -7.71565354e+00  -3.28595757e+00  -3.20677686e+00  -4.21055682e+00
  -1.06841101e+01  -8.41126029e+00  -8.65241087e+00  -7.41861967e+00
  -5.83425963e+00  -3.73115251e+00  -2.27132350e+00  -3.13258304e+00
  -3.25892287e+00  -6.36805101e+00  -4.53900161e+00  -2.18433321e+00
  -2.05446099e-01  -2.17992230e+00   5.24655374e+00   1.29110727e+01
   7.97905908e+00   7.62543031e+00   1.16978043e+01   1.49043757e+01
   9.21039023e+00  -3.16007776e+00  -2.35769530e+00  -2.59127783e+00
  -1.21934118e+01  -1.19556213e+01  -9.42739921e+00  -1.37880174e+01
  -1.63737548e+01  -9.83288793e+00  -4.45962428e+00  -4.09664249e+00
  -4.18007454e+00  -2.59264988e+00  -8.25821891e+00  -1.51650200e+01
  -1.52166192e+01  -2.00244552e+01  -2.31769609e+01  -2.55074900e+01
  -2.89154579e+01  -2.55601498e+01  -1.50183001e+01  -1.41493653e+01
  -1.24355016e+01  -2.06712382e-01   2.61742420e+00   6.21610818e+00
   3.63348432e+00   4.64927176e+00   7.61418866e+00   3.12876669e+00
  -6.50861114e+00  -1.24044957e+01  -1.55466504e+01  -1.36090163e+01
  -1.14788550e+01  -1.03032969e+01  -1.03880051e+01  -1.38575696e+01
  -9.04764665e+00  -7.37973292e+00  -6.89426403e+00  -2.14683214e+00
   1.34983759e-01  -1.55173579e+00  -9.92736202e+00  -1.71401124e+01
  -1.58502413e+01  -1.43333872e+01  -1.16910604e+01  -9.01599621e+00
  -9.47881359e+00  -5.00892373e-01  -1.33355256e+00  -7.74645866e+00
  -9.58485182e+00  -8.32862123e+00  -2.58191410e+00  -3.91191028e+00
  -3.48190848e+00  -4.49005639e+00  -3.24404102e+00   9.79360539e-01
   3.17309937e-01  -4.29057222e+00  -5.21840830e+00  -6.64808136e+00
  -8.04501670e+00  -9.39381388e+00  -1.31067568e+01  -1.22184268e+01
  -1.25339933e+01  -9.24646821e+00  -8.09027707e+00  -1.22556191e+01
  -1.45726494e+01  -1.16081654e+01  -5.00626633e+00   3.01655602e+00
   6.06236529e+00   8.23845458e+00   7.23993739e+00   1.62599826e+00
  -1.74059510e-01   1.20828713e+00  -5.12621198e-01  -4.81831673e-01
   1.23369105e+00  -3.11848153e-01   1.99753833e+00  -6.59862746e-01
  -5.16773512e+00  -6.42985042e+00  -6.20893388e+00  -4.59051335e+00
  -6.58212018e+00  -1.27460327e+00   6.24278864e+00   1.37829701e+01
   1.19218796e+01   5.31041284e+00   3.02474862e+00   1.32612665e+01
   1.56792869e+01   1.10782020e+01  -4.70824151e+00  -6.39105627e+00
  -8.44468943e+00  -3.75560511e+00   5.09873670e+00   3.08355817e+00
  -1.75089443e-01   9.88323012e+00   8.20498390e+00   4.83440689e+00
   2.12700301e+00  -3.49162743e+00  -7.81560834e+00  -7.57170970e+00
  -1.09339482e+01  -1.51454375e+01  -1.51477038e+01  -7.74682025e+00
  -1.12998888e+01],[  1.59872116e-14   1.59872116e-14   1.71560341e-02   2.50452888e+00
   2.42314789e+00  -2.82371661e+00  -1.05000133e+00  -1.05137649e+01
  -1.42310784e+01  -1.30378732e+01  -5.65303746e+00   1.75704934e-01
  -4.36556031e+00  -4.14047445e+00  -3.08733731e+00  -1.21527951e+01
  -2.35236194e+01  -2.13193113e+01  -2.01001279e+01  -1.47652253e+01
  -1.40910754e+01  -1.25251099e+01  -1.15206789e+01  -1.27095322e+01
  -1.39696767e+01  -1.45692376e+01  -1.63471056e+01  -1.65183105e+01
  -1.03161287e+01  -9.97043428e+00  -7.23369552e+00  -6.41206281e+00
  -4.52791165e+00  -1.79057123e+00   7.87682369e-01   6.04430659e+00
   2.95202013e-01  -5.52467350e+00  -4.72556389e+00  -6.13282252e+00
  -6.46477158e+00  -4.11355088e+00  -1.62513033e-01   6.63413596e+00
   1.42063046e+01   2.13776465e+01   1.25733143e+01   8.40077068e+00
   6.20498918e+00  -6.62272476e+00  -8.23543282e+00  -1.05175414e+01
  -9.66240429e+00  -9.72428288e+00  -1.06061870e+01  -1.35777168e+01
  -1.56558380e+01  -1.27862728e+01  -1.16082352e+01  -1.02488746e+01
  -1.12833012e+01  -1.22695976e+01  -1.42191193e+01  -1.45265368e+01
  -9.64496715e+00  -8.81330233e+00  -8.25879051e+00  -6.56426649e+00
  -3.83049393e+00   1.12034293e+00   1.08842565e+01   9.39636045e+00
   1.32825974e+01   1.52039034e+01   1.30961815e+01   8.86418323e+00
   4.52150894e+00   2.92196789e+00   2.39449395e+00   1.00691129e+01
   6.18783490e+00   1.67499996e+00   4.01581334e+00   8.99459471e-02
  -1.01976281e+01  -1.65812433e+01  -1.60338089e+01  -9.28313437e+00
  -7.88272477e+00  -1.34844108e+01  -8.85428392e+00  -1.01216324e+01
  -5.14456040e+00  -1.05358015e+01  -1.38710429e+01  -1.24194031e+01
  -7.48402565e+00  -5.33648582e+00  -1.19462512e+00   6.24195486e-01
  -6.55324946e+00  -7.48972315e+00  -9.30125569e+00  -1.41337001e+00
   4.83491304e+00   4.98649866e+00  -8.60224469e+00  -1.21795479e+01
  -1.20015335e+01  -6.82536962e+00  -8.06555168e+00  -9.43307835e+00
  -1.54993420e+01  -1.62021728e+01  -1.44636540e+01  -1.38087285e+01
  -1.35107282e+01  -1.14340356e+01  -1.76077810e+01  -1.77655892e+01
  -1.23305733e+01  -1.10332020e+01  -1.30934602e+01  -1.27307422e+01
  -1.03754752e+01  -1.26663852e+01  -1.15828249e+01  -1.25480874e+01
  -1.10449507e+01  -5.75143478e+00  -4.91473698e-01   3.08281618e+00
   7.43777030e+00   8.19802847e+00   3.58299463e+00   3.53334713e+00
  -2.07042506e+00  -1.43792947e+01  -1.03562284e+01  -8.06057985e+00
  -9.87221064e+00  -1.33811879e+01  -1.20030344e+01  -9.46090446e+00
  -8.17699244e+00  -5.38742634e+00  -5.18165271e+00  -5.35356740e+00
  -4.41468632e+00  -7.28010168e+00  -1.29139268e+01  -1.35942919e+01
  -8.52035231e+00  -5.60590118e+00  -3.84372078e+00  -5.33879582e+00
  -9.16247772e+00  -1.04819228e+01  -3.61129385e+00  -5.76455665e+00
   8.63313645e-01   9.56235441e+00   8.03473513e+00   1.16789490e+01
   3.38137348e+00   6.74940506e-01  -2.95375937e+00  -3.50564810e+00
  -7.01763511e-01   2.53996755e+00   1.61213807e+00   7.18734472e-02
  -3.02051054e-01  -7.24924582e+00  -1.03565552e+01  -1.38619735e+01
  -1.83621484e+01  -1.58059857e+01  -1.46272885e+01  -1.34894653e+01
  -8.96359649e+00  -4.08605209e+00  -1.04465511e+01  -1.58095245e+01
  -1.54751561e+01  -1.53227400e+01  -1.40252904e+01  -1.12553560e+01
  -1.01820536e+01  -7.82879838e+00  -1.01177802e+01  -1.11306933e+01
  -4.98267908e+00  -5.03878738e+00  -1.56524391e+00  -2.46076826e+00
  -1.13024406e+00   1.93605514e-01  -6.95880812e+00  -2.41643949e+00
   6.26553058e-01  -6.68828362e+00  -9.27415286e+00  -1.47135582e+01
  -1.78405754e+01  -1.10530012e+01  -1.12974672e+01  -9.14533463e+00
  -3.59664237e+00   7.68455956e-01   4.77674001e+00   3.09236611e+00
   1.09007576e+00  -2.73627009e+00  -2.67562733e+00   1.75293865e+00
  -5.03134195e-01  -2.04640951e+00  -3.90367825e+00  -2.83969309e+00
   4.46714539e+00   8.70475171e+00   9.92054648e+00   8.36269823e+00
   5.52769127e+00   9.88179220e+00   1.01863869e+01   6.02377746e+00
   8.03982510e-01  -3.00128563e-02  -9.89875455e-01   9.79611104e-01
   3.11267459e+00   3.59803905e+00   1.06159871e+01   1.91004345e+01
   1.45090725e+01   1.28242384e+01   8.87589497e+00   1.39383020e+01
   1.39140616e+01   9.19831384e+00  -2.58958106e+00  -6.07867518e+00
  -7.54263978e+00  -1.06526408e+01  -4.43569980e+00   7.49936309e-01
   2.04225537e+00   4.90360634e+00   2.57912777e+00   3.53588760e+00
   2.34590039e+00   1.56364964e+00   1.05117852e+00   7.14497358e-01
  -2.79978410e-01  -1.77018892e+00  -5.01983174e-01   5.60594434e+00
   8.68697952e+00],[  5.32907052e-14   5.32907052e-14   1.72740066e-02   3.79274866e+00
   6.04041349e+00   6.44060746e+00   7.15397390e+00   1.43855740e+01
   2.04671986e+01   2.28691116e+01   2.46525393e+01   2.59347686e+01
   1.60275687e+01   4.54349561e+00   7.71112539e-01  -4.70503375e+00
  -5.79284670e+00  -6.63407338e+00   1.49726179e+00   6.29000744e+00
   9.13178644e+00   1.49304025e+01   1.91221146e+01   2.37859729e+01
   2.60328758e+01   2.16535605e+01   1.75299686e+01   1.17870912e+01
   1.72896791e+01   1.87520962e+01   1.46524350e+01   1.02521473e+01
   1.31452910e+01   1.75543777e+01   1.84170014e+01   1.97608790e+01
   1.50588909e+01   9.40017429e+00   1.09137015e+01   1.37772784e+01
   3.83688100e+00  -3.84211184e+00  -5.41586615e+00   5.43075038e+00
   9.80305402e+00   6.92331178e+00  -4.08579393e-01   3.02284792e-02
  -1.53085080e+00  -5.48870149e+00  -1.42419943e+00   2.61102833e-02
   1.94895508e+00  -2.13627658e+00  -7.02574483e+00  -1.14068246e+01
  -1.09957231e+01  -3.58453502e+00  -2.98844867e+00  -4.22778533e+00
  -8.34975922e+00  -7.13850861e+00  -4.34880263e+00  -8.91568906e-01
   1.90360630e+00   3.69782167e+00   7.98114564e-01  -6.49158850e-01
   3.50235637e+00   3.82845532e+00   2.25726509e+00   5.97713254e+00
   1.27176466e+01   1.32944047e+01   7.96390711e+00   4.62650690e+00
   7.89579979e-01   3.05326252e+00   7.56356719e+00   9.51139425e+00
   1.30498960e+00   1.40208217e+00   8.88151863e+00   9.51356429e+00
  -1.51870542e+00  -2.12180017e+00  -4.53434217e-01   8.81083635e-01
  -1.45350239e+00  -6.13984660e+00   1.87980020e+00   1.02513963e+01
   1.66906536e+01   1.85286723e+01   1.76544373e+01   1.40698001e+01
   6.90255507e+00  -7.31559299e-01  -4.18634318e+00  -5.98044561e+00
  -4.81782101e+00  -3.00283020e+00  -1.54671266e+00  -2.55979286e-01
   6.31904512e+00   1.18652558e+01   9.42646867e+00   6.60506255e+00
   8.57484671e+00   1.08619846e+01   3.23897472e+00  -2.16808128e+00
   2.55658562e+00   3.13335308e+00   2.52476935e+00   2.74417578e+00
   4.52972858e+00   7.01100731e+00   6.92724555e+00   5.23010765e+00
  -4.21031528e+00  -5.56141578e+00  -1.09917270e+00   3.74189901e+00
   5.95005271e+00   9.26883309e+00   8.54013910e+00   7.26782080e+00
   1.13788100e+01   1.18027351e+01   5.15866557e+00   2.12265225e+00
   4.98716898e+00   5.17768598e+00   6.52158860e+00   9.03937591e+00
   6.87668825e+00  -1.55035537e-01   3.54383082e+00   3.39219053e+00
   5.74715419e+00   7.64445184e+00   8.47462074e+00   1.16667786e+01
   1.11746782e+01   5.60903547e+00  -9.54973683e-01  -6.78126839e-01
   5.37336917e-01   5.22229981e-01   1.86344645e+00   2.16761236e+00
   2.74153416e+00   4.48825891e-01  -1.29690491e-01  -4.40464187e+00
  -2.94766262e+00   2.69794910e+00   1.48864890e+01   1.33712196e+01
   1.02967770e+01   8.98255018e+00   7.50156788e+00   9.11689973e+00
   4.96544827e+00   7.34880587e+00   5.87000939e+00   8.90283067e+00
   4.80151585e+00  -4.39649651e+00  -7.28092570e+00  -3.10238299e+00
   4.35883341e-01   1.46498090e+00   2.69914062e+00   3.23506810e+00
   2.12428334e+00   1.19698912e+00  -4.88413737e+00  -6.95121171e+00
  -5.33493823e+00   9.35879792e-01   3.40898582e+00  -1.15213966e+00
  -2.71880317e+00  -5.21035496e+00  -1.48364380e+00   1.15100404e+00
   1.01772427e-01  -6.46704545e+00  -1.34735023e+01  -9.35344551e+00
  -3.49829061e+00  -4.03852133e+00  -4.80246382e+00  -2.89577797e+00
   2.42831597e+00   8.26887170e+00   4.23675596e+00   3.56367855e+00
   4.06247645e-02   3.21528508e+00   2.27351779e+00  -2.34728659e+00
  -7.54624384e+00  -7.48394668e+00  -7.66426667e+00  -8.67717107e+00
  -4.81203252e-01   3.44316180e+00   4.27969328e+00   8.13359970e+00
   1.10254248e+01   6.96131688e+00   4.57750851e+00   3.60460903e+00
  -2.26919776e+00  -7.16123118e+00  -1.18614429e+01  -1.28150430e+01
  -1.02191561e+01  -7.01570514e+00  -2.87060161e+00   2.42947220e+00
   3.13108348e+00   6.06783847e+00   4.54370143e+00   9.17467344e-01
   4.82829147e+00   6.26866246e+00   3.26949713e+00   1.58040734e+00
   5.51045426e+00   7.03328049e+00   8.16853410e+00   1.29917092e+01
   1.40173892e+01   1.40412770e+01   1.15573118e+01   9.02465797e+00
   8.45963993e+00   9.06826934e+00   5.43787565e+00   7.42771245e+00
   4.37665140e+00  -6.79984524e+00  -9.16916387e+00  -3.97067255e+00
   2.01130797e+00  -1.42108200e+00  -3.41181361e+00  -3.63347270e+00
  -5.75943109e+00  -5.97494093e+00   8.04119755e-01   5.27757134e+00
   6.49081253e+00   9.79161332e-01  -1.84279881e+00  -3.51058104e+00
   8.60317756e-01]