[-735.85499256 -735.85499256 -735.83520877 -672.95244202 -603.09217072
 -580.19740245 -560.56710855 -545.39169288 -528.33935413 -512.14213623
 -496.05761357 -478.41705219 -469.51981766 -465.20046103 -461.28071911
 -452.71719518 -449.18893681 -455.18240351 -462.62615583 -468.77828114
 -473.59733275 -478.14884837 -483.64226309 -492.09885906 -502.31151999
 -531.96968128 -572.09002394 -608.45078756 -621.72153335 -629.45425767
 -633.74747264 -633.03531958 -619.61909318 -581.12498372 -524.14560607
 -474.92680212 -451.10377349 -455.98977862 -454.64994613 -469.53204396
 -495.25547978 -489.53046371 -443.52524648 -375.30026381 -358.40872529
 -364.39568711 -363.20965951 -368.12714149 -391.81302244 -416.62885168
 -437.17386604 -459.60490228 -449.8436417  -444.39216799 -449.61698722
 -438.70919921 -453.83124763 -455.08517423 -423.81665471 -425.43604541
 -440.24999601 -458.39939068 -481.51078908 -507.42280823 -521.60869745
 -505.62664166 -474.50422405 -446.36951534 -426.03096068 -424.91644286
 -426.9792941  -442.6301327  -467.68156804 -493.10918859 -506.27393086
 -523.35265416 -543.57952322 -546.27125038 -552.15859846 -560.75906199
 -563.29722999 -541.01872863 -503.88920603 -467.17073845 -439.61306441
 -420.3469795  -400.15644587 -389.3961979  -398.88451355 -408.13239253
 -412.46706402 -436.22615617 -447.95726181 -445.34976042 -447.4873456
 -447.34519209 -443.98849835 -459.74695116 -495.27643673 -515.08020836
 -528.4166877  -520.02357601 -511.6419258  -507.75660046 -505.1413444
 -501.67143625 -486.69853552 -483.34912149 -482.43584486 -493.22118349
 -517.50596989 -547.94114939 -549.64138606 -475.85958669 -438.20121091
 -439.29865596 -451.0389066  -457.92742345 -465.18182274 -473.84614725
 -482.64731928 -495.42417863 -522.12211784 -553.61140991 -576.8812394
 -585.99087445 -514.79096031 -470.77561138 -466.78640787 -462.52853331
 -462.3225225  -464.62350864 -464.83465629 -469.57103784 -472.87113019
 -475.62445838 -480.753216   -482.8897941  -480.74262599 -486.97348147
 -502.04591747 -507.86426258 -509.90363402 -521.59854983 -531.71378347
 -539.59278766 -549.18820054 -559.49098465 -572.70499737 -588.09797802
 -606.51478563 -618.07369863 -620.72158103 -618.84456327 -598.1900047
 -566.03702152 -536.76542324 -504.67779614 -473.95252294 -459.97600909
 -458.45648096 -461.07459218 -461.72012384 -471.03646801 -475.42442514
 -476.32587691 -485.05445688 -485.27713123 -478.00186237 -474.50417092
 -477.16601305 -477.92693684 -484.79827623 -500.32982274 -517.17250074
 -531.56924763 -551.22622954 -562.90919904 -571.56771206 -588.09848578
 -610.9199452  -627.20943739 -632.88560828 -634.85114259 -637.44735309
 -632.70711785 -618.22690224 -575.42951185 -511.27573004 -468.4877636
 -449.52071254 -437.68819204 -427.52941539 -417.65089275 -411.23135797
 -414.00646163 -407.66275234 -398.49742896 -390.697001   -386.1725794
 -376.35988057 -387.77184123 -421.94908111 -456.53503878 -484.86888885
 -468.43181046 -440.89332019 -442.77751726 -469.48921078 -488.27191364
 -480.05263888 -458.95013077 -453.82617589 -433.3417178  -417.48562426
 -398.83018152 -388.2367008  -399.77594703 -416.78159768 -423.41518021
 -430.66710466 -436.06480372 -445.79827998 -447.0450226  -448.73035351
 -457.4100207  -454.36363732 -446.27740445 -446.183039   -457.46270822
 -470.26357147 -483.57164175 -494.46763266 -509.42794668 -527.64492362
 -526.31000178 -528.30744017 -539.8015645  -536.3924122  -534.48364766
 -547.15760227 -555.52991947 -552.68970143 -555.44490578 -558.32417289
 -554.71534234 -551.61744918 -553.38436652 -544.48625638 -534.36706822
 -513.99348027 -461.46492375 -455.79793516 -480.70771698 -489.94744898
 -487.5168859  -511.31173833 -522.03174674 -522.32626655 -531.42263774
 -545.03495468],[ -8.70414851e-14  -8.70414851e-14   2.48348326e-02   6.27710841e+01
   1.01899451e+02   1.11494142e+02   1.13440823e+02   1.09057110e+02
   1.04114893e+02   1.08060915e+02   1.15576001e+02   1.19087777e+02
   1.10138237e+02   1.10123144e+02   1.10541552e+02   1.15045531e+02
   1.19857496e+02   1.15892466e+02   1.07896483e+02   1.03038990e+02
   9.82356704e+01   9.96481047e+01   1.00502361e+02   1.01961733e+02
   1.07003724e+02   9.89894784e+01   9.11304556e+01   8.65211310e+01
   9.18685847e+01   9.45739577e+01   9.35807736e+01   9.53604793e+01
   1.09759295e+02   1.31059350e+02   1.57487958e+02   1.74484171e+02
   1.83711437e+02   1.68956301e+02   1.59636896e+02   1.51634051e+02
   1.31068374e+02   1.04469126e+02   7.38841607e+01   5.34260117e+01
   4.04977663e+01   3.20255825e+01   4.47078607e+01   7.08944125e+01
   8.95561949e+01   1.00650638e+02   1.09792473e+02   1.12022093e+02
   1.43915568e+02   1.60769065e+02   1.62974935e+02   1.70916854e+02
   1.68252823e+02   1.57389690e+02   1.70307498e+02   1.59493329e+02
   1.49283650e+02   1.43283999e+02   1.46945841e+02   1.44365045e+02
   1.49176727e+02   1.44295093e+02   1.48527252e+02   1.46762613e+02
   1.51857915e+02   1.51614127e+02   1.62245296e+02   1.63255657e+02
   1.65820280e+02   1.68933572e+02   1.80396855e+02   1.83424019e+02
   1.86403277e+02   1.87592611e+02   1.86665401e+02   1.81945633e+02
   1.73561446e+02   1.68073431e+02   1.83862878e+02   1.87819608e+02
   1.85263317e+02   1.74530555e+02   1.69856832e+02   1.62338262e+02
   1.53919353e+02   1.54725384e+02   1.68082679e+02   1.69620060e+02
   1.52736635e+02   1.52221062e+02   1.60611668e+02   1.61523429e+02
   1.74728041e+02   1.80645004e+02   1.76889142e+02   1.78573592e+02
   1.85792488e+02   1.90746890e+02   1.88211232e+02   1.89814528e+02
   1.92895992e+02   1.82538257e+02   1.78373247e+02   1.71990997e+02
   1.72026040e+02   1.70228743e+02   1.65943218e+02   1.52841055e+02
   1.47679642e+02   1.73907065e+02   1.98517100e+02   2.16684255e+02
   2.15538242e+02   2.07694783e+02   2.00598132e+02   1.90478137e+02
   1.91136867e+02   1.90637666e+02   1.79472839e+02   1.60985308e+02
   1.43609608e+02   1.35812824e+02   1.50010616e+02   1.62169028e+02
   1.78475491e+02   1.98151569e+02   2.00302469e+02   2.00519116e+02
   2.06565280e+02   2.02537470e+02   2.05014857e+02   2.09813336e+02
   2.08849030e+02   2.03020926e+02   2.02034448e+02   1.94421951e+02
   1.78924288e+02   1.76956989e+02   1.81135222e+02   1.76222060e+02
   1.69727189e+02   1.68214483e+02   1.61046621e+02   1.53415872e+02
   1.45339943e+02   1.35860635e+02   1.23624166e+02   1.13584030e+02
   1.14185050e+02   1.13824960e+02   1.19454051e+02   1.29332911e+02
   1.28841012e+02   1.26668831e+02   1.33578021e+02   1.36930382e+02
   1.34789143e+02   1.31530076e+02   1.29480482e+02   1.24246402e+02
   1.24341668e+02   1.27184049e+02   1.20222483e+02   1.15860854e+02
   1.16990631e+02   1.20882389e+02   1.21616436e+02   1.20588374e+02
   1.18888421e+02   1.16720965e+02   1.14404350e+02   1.13369811e+02
   1.08699293e+02   1.08962443e+02   1.18213123e+02   1.13337369e+02
   1.03855904e+02   9.80752803e+01   9.86424817e+01   9.57786796e+01
   9.61455287e+01   1.00218423e+02   1.04189091e+02   1.32508397e+02
   1.63293993e+02   1.74760308e+02   1.76616832e+02   1.80050258e+02
   1.79669623e+02   1.77171661e+02   1.75370652e+02   1.71518246e+02
   1.65983372e+02   1.45622191e+02   1.23803798e+02   9.06459390e+01
   5.60485200e+01   2.07758915e+01   3.83834566e-01   1.26255648e+01
   2.69724152e+01   5.65891125e+01   8.16472837e+01   9.01153759e+01
   8.87440825e+01   8.34916076e+01   8.15164564e+01   7.41621015e+01
   6.85036613e+01   8.52991358e+01   1.16148806e+02   1.48678634e+02
   1.67168198e+02   1.58086733e+02   1.56482792e+02   1.65344758e+02
   1.72529704e+02   1.75802556e+02   1.79448976e+02   1.83631971e+02
   1.82843757e+02   1.75993116e+02   1.76175866e+02   1.80407399e+02
   1.86877849e+02   1.79086086e+02   1.73833572e+02   1.68425466e+02
   1.68242175e+02   1.62468330e+02   1.58153220e+02   1.67688758e+02
   1.76807671e+02   1.74199073e+02   1.76786916e+02   1.78039573e+02
   1.67821575e+02   1.58454644e+02   1.53587174e+02   1.43446022e+02
   1.36365241e+02   1.34435686e+02   1.32544017e+02   1.29169341e+02
   1.28291782e+02   1.31671419e+02   1.27519665e+02   1.33762049e+02
   1.30329583e+02   1.17202795e+02   1.20742216e+02   1.23863993e+02
   1.12910325e+02   1.03439251e+02   1.01988454e+02   9.72007665e+01
   9.02685138e+01],[  8.70414851e-14   8.70414851e-14   1.61102543e-02   2.08074260e+01
  -2.02811025e+00  -1.76658087e+01  -3.36679655e+01  -4.87795730e+01
  -6.33213866e+01  -6.78338852e+01  -7.19843616e+01  -8.14851703e+01
  -9.85319097e+01  -9.96114935e+01  -1.05263187e+02  -1.09961255e+02
  -1.07792234e+02  -1.05835966e+02  -1.08740778e+02  -1.09076319e+02
  -1.09263600e+02  -1.03814705e+02  -9.94091969e+01  -8.96811632e+01
  -7.42854820e+01  -5.37808582e+01  -3.17207869e+01  -5.89730312e+00
   8.58445333e+00   2.10189934e+01   2.51813538e+01   2.63918981e+01
   3.51385652e+01   3.12435245e+01   1.16154465e+01  -1.46133870e+01
  -2.27800785e+01  -2.18197217e+01  -2.10991517e+01  -6.25574264e+00
   1.31098752e+01   1.14280308e+01  -3.47730855e+01  -6.56352801e+01
  -7.35199946e+01  -9.10643458e+01  -1.03384704e+02  -1.02557923e+02
  -9.40146125e+01  -8.68621006e+01  -7.26656866e+01  -7.17136866e+01
  -6.33954735e+01  -5.64935397e+01  -5.28225936e+01  -5.63758000e+01
  -4.05811710e+01  -3.03410666e+01  -3.41137963e+01  -3.48777457e+01
  -2.33384076e+01  -1.66841963e+01   6.55315232e-01   8.64982255e+00
   1.61464832e+01   6.34807190e+00  -6.14071551e+00  -2.20941215e+01
  -2.81962627e+01  -3.23130492e+01  -2.61576201e+01  -2.21034761e+01
  -7.35552266e+00   1.57034969e+01   3.57261410e+01   4.39572968e+01
   5.37606974e+01   5.94643136e+01   6.92640617e+01   7.07177846e+01
   6.76300901e+01   5.78848661e+01   4.44463973e+01   2.04404172e+01
   5.22980271e+00  -1.17847073e+01  -2.38480534e+01  -3.25017675e+01
  -2.92599847e+01  -2.26098371e+01  -1.37019454e+01  -8.59394334e+00
  -1.77255562e+01  -2.02676698e+01  -1.73496933e+01  -1.92742995e+01
  -6.98487909e+00   8.98257302e+00   3.07691632e+01   3.25163375e+01
   3.70934310e+01   3.33851315e+01   2.67497702e+01   2.70935397e+01
   2.62935773e+01   1.31517482e+01   4.84554649e+00   3.54205290e+00
   7.43906024e+00   1.23250440e+01   2.54051495e+01   3.82489635e+01
   2.65229458e+01  -1.84261217e+01  -2.50198917e+01  -1.06976745e+01
  -1.21342698e+01  -1.65214018e+01  -2.09105527e+01  -2.54764201e+01
  -1.38563625e+01   4.41003146e+00   1.82878109e+01   2.70842873e+01
   2.87698507e+01   3.06819726e+01  -4.69880103e+01  -7.58096199e+01
  -5.14285140e+01  -3.04559307e+01  -3.57800687e+01  -3.72247661e+01
  -2.96804796e+01  -3.13955912e+01  -2.18174484e+01  -1.00843706e+01
  -2.94838437e+00  -8.31600275e+00  -1.39324639e+01  -1.97439895e+01
  -2.83952325e+01  -2.45648995e+01  -1.25453730e+01  -4.56032307e+00
   8.16429450e-01   8.77645941e+00   9.23200354e+00   1.09087031e+01
   1.55085832e+01   2.19741543e+01   2.94558834e+01   2.98747093e+01
   3.87546678e+01   4.08648026e+01   1.81510915e+01  -1.20033419e+01
  -3.92499674e+01  -6.46116900e+01  -7.78490672e+01  -8.53622678e+01
  -8.71038191e+01  -8.63682101e+01  -8.80594479e+01  -8.50295147e+01
  -8.25315691e+01  -7.70997982e+01  -7.44836799e+01  -7.92340702e+01
  -8.46139495e+01  -8.35687756e+01  -8.02019976e+01  -8.24811602e+01
  -7.75258681e+01  -6.58734694e+01  -5.69242460e+01  -4.97229071e+01
  -4.15735170e+01  -3.30519683e+01  -1.94359211e+01  -1.00771411e+01
   4.32233727e+00   1.63980215e+01   2.75154568e+01   2.54871388e+01
   2.92714446e+01   3.11741362e+01   2.19479402e+01   1.66216151e+01
  -1.60039763e+01  -5.03718719e+01  -6.51992858e+01  -7.09064580e+01
  -8.05907502e+01  -8.24041864e+01  -7.53126771e+01  -6.91040198e+01
  -5.71426015e+01  -4.54935466e+01  -3.69264558e+01  -3.41128459e+01
  -1.88371947e+01   2.19484031e+00   1.19881882e+01   1.81627261e+01
   2.38743481e+01   3.07766282e+01   2.79476525e+01   1.56827267e+01
  -1.30288248e+00  -8.95242656e+00   2.09946713e+00   1.18597550e-01
  -1.78489154e+01  -3.03203451e+01  -5.03495068e+01  -7.15647356e+01
  -8.93924725e+01  -1.02807980e+02  -9.71813419e+01  -8.84952051e+01
  -8.49170255e+01  -7.84749524e+01  -6.45620038e+01  -6.02760487e+01
  -5.92599448e+01  -6.19297707e+01  -6.61606835e+01  -7.11411291e+01
  -6.17728618e+01  -6.01199874e+01  -4.94939660e+01  -4.13886070e+01
  -2.80282871e+01  -2.17586959e+01  -9.34125720e+00   2.13435774e+00
   1.50520286e+01   2.53326226e+01   3.08166800e+01   3.23440865e+01
   3.46788735e+01   3.01886755e+01   2.06828027e+01   1.46122716e+01
   1.01879692e+01   5.30577004e+00   3.50769148e+00   5.58609379e-01
  -8.92099622e+00  -1.39897929e+01  -2.17359458e+01  -4.13224322e+01
  -4.36529884e+01  -4.19343600e+01  -4.20820588e+01  -4.38889842e+01
  -4.24729890e+01  -4.71486862e+01  -4.90573984e+01  -4.97971324e+01
  -4.90748265e+01],[ -3.10862447e-14  -3.10862447e-14   3.76536748e-03   1.06189643e+01
   5.14316391e+00  -4.71828178e+00  -3.05048033e+00   4.05086815e+00
   1.29029800e+01   1.84602395e+01   1.65520012e+01   1.66616652e+01
   1.90121148e+01   2.57234126e+01   2.65467100e+01   2.29595675e+01
   2.07321386e+01   2.16286414e+01   2.27192847e+01   2.56017910e+01
   2.56118612e+01   2.54861374e+01   2.46142846e+01   2.34357070e+01
   2.21401971e+01   2.80599958e+01   2.56806950e+01   2.35671613e+01
   1.34633323e+01   1.30674586e+01   1.61502240e+01   1.64481008e+01
   2.33213416e+01   2.61015005e+01   1.33089066e+01   7.11499675e+00
   6.18889536e+00   1.77992756e+01   3.35381197e+01   4.11137895e+01
   4.48415632e+01   5.81248352e+01   7.62189192e+01   1.01452938e+02
   1.11126868e+02   1.01632577e+02   8.36527970e+01   6.21436060e+01
   4.05610004e+01   2.43368290e+01   1.41642520e+01   4.36815892e+00
   1.18701198e+01   8.09087768e+00   6.98081718e+00   8.16331402e+00
   1.19655117e+01   2.06950990e+01   1.95320960e+01   2.33588724e+01
   4.14528882e+01   4.37937136e+01   4.77062136e+01   4.17004252e+01
   4.00001186e+01   3.89794839e+01   3.94515995e+01   3.79795138e+01
   3.42282793e+01   2.14089896e+01   8.62417955e+00   2.95566928e+00
   3.96909278e+00   1.05079748e+01   1.53583876e+01   1.08813568e+01
  -3.32347721e+00   2.15166212e+00   1.42821413e+01   1.16739494e+01
   2.05316648e+01   3.34271263e+01   1.72833318e+01  -1.07836334e+00
   6.72366721e-01   5.39803744e+00   5.63708874e+00   6.92334792e+00
   1.18441896e+01   1.63199474e+01   1.40771862e+01   1.38030907e+01
   3.01547061e+01   3.20215343e+01   2.50432024e+01   2.34131255e+01
   2.51314159e+01   2.79001602e+01   3.74487875e+01   2.70212541e+01
   1.66944471e+01   1.30002639e+00  -1.03656145e+00   8.77040400e-01
  -6.29670889e+00  -8.42849269e+00  -4.90156736e+00  -3.92383153e+00
   6.34386543e-01   6.27651886e+00   1.99349478e+01   3.43986270e+01
   2.44285109e+01   1.48269058e+01   1.02618653e+01   2.26353849e-01
  -9.35409387e+00  -8.97786745e+00  -1.40873033e+01  -1.10604320e+01
  -6.03051377e+00   3.71026814e+00   6.29789426e+00   8.75951982e+00
   1.04286424e+01   1.39057889e+01  -2.16815509e+01  -2.66796833e+01
  -1.69752511e+01  -1.63386194e+01  -2.53376407e+01  -2.76444818e+01
  -3.05943502e+01  -3.65559914e+01  -3.22207256e+01  -3.00121087e+01
  -2.51219660e+01  -2.41665205e+01  -2.91502613e+01  -3.43671633e+01
  -4.03891599e+01  -3.90411534e+01  -3.16290885e+01  -2.86491243e+01
  -2.09689490e+01  -1.55706496e+01  -1.32081918e+01  -1.05851662e+01
  -9.44659412e+00  -3.74587009e+00   2.94602085e+00   5.72215264e+00
   1.68208196e+01   2.40808991e+01   1.03015208e+01  -9.15878678e+00
  -1.00678092e+01   1.70493898e+00   1.01605929e+01   1.13316059e+01
   1.41552477e+01   1.66689917e+01   1.47346752e+01   1.66013830e+01
   1.49757897e+01   1.57332493e+01   2.28034387e+01   2.54490195e+01
   2.15470602e+01   2.11851018e+01   2.40380808e+01   2.00079091e+01
   1.77464608e+01   2.02332010e+01   1.73640183e+01   1.05028305e+01
   7.33632230e+00   3.36901330e+00  -8.78015954e+00  -7.24697307e+00
   5.75022827e-01   6.01425554e+00   1.35623196e+01   1.30401789e+01
   1.35569322e+01   1.43614729e+01   1.51426750e+01   1.35022440e+01
  -2.28946557e+00  -1.29844516e+01  -1.10281276e+01  -1.10054738e+01
  -1.25117496e+01  -8.18174858e+00  -5.59632576e+00  -8.29907484e+00
  -7.43397436e+00  -1.03044908e+01  -3.58230152e-01   1.31003222e+01
   3.55362178e+01   4.87193546e+01   4.98826835e+01   4.48683169e+01
   4.19073470e+01   3.99905808e+01   3.45984017e+01   3.15479560e+01
   2.84136163e+01   3.05442783e+01   5.33307132e+01   7.45632901e+01
   8.22736778e+01   8.19075294e+01   5.38028660e+01   2.00961207e+01
   2.01256067e+00  -9.85751061e+00  -1.22977907e+01  -1.41453795e+01
  -1.66918983e+01  -1.91656458e+01  -1.97210446e+01  -1.83786035e+01
  -1.62891271e+01  -1.62656378e+01  -1.14716086e+01  -1.05497640e+01
  -5.69997097e+00  -6.87166271e+00   1.62588761e+00   5.39297595e+00
   9.57757935e+00   3.03975679e+00  -5.62370111e-01   1.81585121e+00
  -1.03917301e+00   1.62682808e+00   1.51243387e+01   1.91297494e+01
   2.46743027e+01   2.16337277e+01   1.77107366e+01   2.09820791e+01
   2.65467880e+01   2.66069069e+01   2.94050675e+01   2.75268944e+01
   2.10713404e+01   1.22563026e+01   2.32242665e+01   3.02643854e+01
   3.69371596e+01   3.62999500e+01   3.13111595e+01   3.47925466e+01
   2.90899844e+01   2.58738742e+01   2.80373484e+01   2.58779778e+01
   2.38306777e+01],[  1.06581410e-14   1.06581410e-14  -9.42567559e-03   2.26509270e+01
   2.81082998e+01   2.54832798e+01   2.91915121e+01   3.09103061e+01
   2.83874210e+01   2.55382704e+01   1.65429443e+01   1.29218415e+01
   1.32766406e+01   1.72980622e+01   2.36779034e+01   1.86085116e+01
   1.61074641e+01   1.57568414e+01   1.71384596e+01   2.22387133e+01
   2.00267940e+01   2.33913459e+01   2.60586036e+01   2.24059366e+01
   2.20910595e+01   2.98948356e+01   3.56407849e+01   3.23894742e+01
   2.49937237e+01   2.01952230e+01   2.06352449e+01   2.29388831e+01
   2.79536364e+01   2.87147990e+01   2.95677630e+01   3.01130820e+01
   3.24573830e+01   2.96677589e+01   2.85494567e+01   2.22268388e+01
   1.06712842e+01   2.02305090e+00   5.16204814e+00  -1.42420399e+01
  -2.49752824e+01  -1.41568382e+01  -8.09493596e+00  -5.59229832e+00
   1.01515845e+00   1.43330299e+00  -1.04179515e+00   3.18119802e-01
   5.44612833e+00   7.45709885e+00   1.04258406e+01   8.92100482e+00
   1.45247343e+01   1.88432715e+01   1.58024452e+01   1.18355615e+01
   2.44853986e+01   2.71827243e+01   3.20605225e+01   3.16462373e+01
   3.41058412e+01   2.74952896e+01   2.67206604e+01   1.62315739e+01
   7.13151877e+00  -3.61940811e+00  -1.33118839e+01  -2.00706296e+01
  -2.44725442e+01  -2.01488324e+01  -1.79067092e+01  -1.81374345e+01
  -2.68180037e+01  -1.84930781e+01  -9.46747317e+00  -1.26825841e+01
  -1.09095734e+01  -1.00291327e+00  -1.37035624e+01  -2.62401239e+01
  -2.86273339e+01  -3.02000388e+01  -2.88203969e+01  -2.43028673e+01
  -2.36256713e+01  -2.14136714e+01  -2.04718935e+01  -1.71243594e+01
  -4.00495078e+00   1.79869315e+00   1.23410995e+01   2.09921328e+01
   2.02233141e+01   1.95254547e+01   2.52450024e+01   2.57669577e+01
   2.90129965e+01   1.96301511e+01   1.78306951e+01   1.87838867e+01
   1.33155800e+01   1.76946689e+01   1.58705058e+01   8.05949050e+00
  -2.67607596e+00  -6.72179967e+00   2.26339567e+00   1.15439764e+01
   1.00854530e+01   1.15474705e+01   4.69891173e+00   3.34221042e+00
   8.75671844e+00   1.31400644e+01   1.14898546e+01   1.93064229e+01
   2.13912618e+01   2.35382126e+01   1.88639523e+01   1.64892195e+01
   2.07006782e+01   1.96355583e+01   3.94077672e+01   3.45164104e+01
   2.65347806e+01   1.93776729e+01   2.19541565e+01   2.88093492e+01
   2.31476407e+01   1.38822920e+01   1.21374388e+01   8.82739694e+00
   7.64597219e+00   6.67607995e+00   1.76546502e+00  -1.15552756e+00
  -2.48166691e+00  -1.10266729e+00   1.66149795e+00  -3.31239051e-01
   5.92094746e+00   1.32847142e+01   2.02252900e+01   2.25884183e+01
   1.99283072e+01   2.18362511e+01   1.99611746e+01   1.92198380e+01
   2.36908063e+01   2.40372671e+01   2.78536699e+01   2.55449667e+01
   2.23561672e+01   2.31966533e+01   2.04830366e+01   1.80196631e+01
   1.89600056e+01   2.32118086e+01   2.03989970e+01   2.00920237e+01
   2.27740714e+01   1.94205789e+01   2.45729428e+01   2.90307880e+01
   2.40306881e+01   2.40226688e+01   2.69837384e+01   2.20528332e+01
   1.82546461e+01   2.26420544e+01   2.59285757e+01   2.57881602e+01
   3.11583072e+01   2.76190230e+01   2.05637518e+01   2.60616826e+01
   3.05917711e+01   2.81299297e+01   2.96615301e+01   3.16474259e+01
   2.76108461e+01   2.19740740e+01   2.34859626e+01   1.76247625e+01
   1.21227313e+01   1.68130151e+01   2.28995905e+01   1.93069529e+01
   1.63230567e+01   4.99565030e+00  -4.40324733e+00  -1.10372388e+01
  -1.86902308e+01  -2.31174819e+01  -2.70424483e+01  -4.44220756e+01
  -5.74607205e+01  -5.85640333e+01  -4.83442438e+01  -3.20277604e+01
  -2.44618671e+01  -2.61136494e+01  -3.79540126e+01  -3.77423356e+01
  -2.73397551e+01  -2.09473473e+01  -2.98742497e+01  -4.30851232e+01
  -4.11845436e+01  -3.73722165e+01  -3.39813274e+01  -2.35141178e+01
  -1.68827865e+01  -1.71917826e+01  -7.96621816e+00   1.10820923e+00
   9.00656510e+00   5.17994312e+00  -1.68367357e+00   1.50336492e+00
   3.44584725e+00   9.33667558e+00   2.08559518e+01   2.90340150e+01
   3.31720056e+01   2.79867780e+01   3.07022001e+01   3.12535748e+01
   3.10680755e+01   2.18837310e+01   1.69192885e+01   2.44898170e+01
   2.32307445e+01   2.13628030e+01   3.38805912e+01   3.65570473e+01
   3.74245020e+01   3.41288977e+01   2.92734346e+01   2.96599162e+01
   3.86359306e+01   3.86316833e+01   3.40668755e+01   3.00413848e+01
   2.29426550e+01   7.44043234e+00  -1.87606555e+00  -1.91200821e+01
  -1.90608794e+01  -1.64845140e+01  -6.57784902e+00   2.59128585e+00
   8.27265059e+00   5.89697173e+00   9.56128889e+00   1.43557094e+01
   1.72415194e+01],[ -5.95079541e-14  -5.95079541e-14  -2.04985737e-02   2.57592447e+01
   2.51798139e+01   2.23612170e+01   1.77718220e+01   1.13815954e+01
   7.68206214e+00   5.33793863e+00  -2.98052269e+00  -4.68860281e+00
  -7.34007173e+00  -7.62820877e+00  -7.84468532e+00  -1.59021484e+01
  -1.48174965e+01  -1.31517933e+01  -1.33594847e+01  -1.35183391e+01
  -1.43907950e+01  -9.64576579e+00  -1.03124124e+01  -1.45972291e+01
  -1.27772624e+01  -3.65984757e+00   2.06234766e+00   5.18362263e+00
   1.45566543e+01   1.63710014e+01   1.36614282e+01   1.52945774e+01
   1.99727879e+01   1.02096721e+01   8.41678208e+00   3.57920619e+00
   5.51068037e+00   7.37675175e+00   6.41217768e-01   3.69011188e-01
   1.62708290e+01   2.80530227e+01   3.07510358e+01   3.25125571e+01
   2.82823531e+01   3.23965309e+01   3.17162053e+01   3.19007672e+01
   3.56729781e+01   2.99947414e+01   3.19710373e+01   2.90560461e+01
   9.97377082e+00   6.56185683e+00   6.64645770e+00  -9.95890237e+00
  -1.34616315e+01  -1.06827864e+01  -1.85264623e+01  -1.68514052e+01
  -3.41435131e+00  -4.45859088e-01   2.00798378e+00  -7.80430008e-01
  -7.25586407e+00  -1.22608900e+01  -9.79223486e+00  -6.01102159e+00
  -8.66422863e-01   3.53084680e+00   2.43758632e+00  -6.54696181e+00
  -2.06996793e+01  -2.08868224e+01  -2.57984640e+01  -2.98585022e+01
  -3.06971020e+01  -2.24123667e+01  -1.93616803e+01  -2.00253579e+01
  -2.48246810e+01  -1.88132849e+01  -1.95651661e+01  -1.60040450e+01
  -1.83251762e+01  -1.54749620e+01  -1.22613761e+01  -5.40734848e+00
  -4.44847729e+00  -4.53811447e+00  -5.41160936e+00  -8.87592323e+00
  -8.60250364e+00  -9.43296803e+00   6.82585997e-01   8.36223652e+00
   6.26850271e+00   5.34626524e+00   6.51619801e+00   3.30624504e+00
   3.94454959e+00   8.39045986e+00   1.64830889e+01   1.87294017e+01
   2.18511475e+01   2.50181207e+01   2.10396116e+01   2.27233586e+01
   1.74390879e+01   1.19498064e+01   7.46593063e+00   5.59552044e+00
   9.10380049e+00  -6.36016433e+00  -1.92008891e+01  -2.36323547e+01
  -2.41634958e+01  -2.40366729e+01  -2.50597052e+01  -2.06974370e+01
  -1.82065370e+01  -1.41251463e+01  -1.28925834e+01  -1.27173557e+01
   1.35940469e+00   5.45538907e+00   2.55121667e+01   1.18216497e+01
  -2.08605402e+00  -2.12848953e+01  -2.11865325e+01  -1.33333994e+01
  -1.50161116e+01  -1.77351312e+01  -1.78300673e+01  -1.35379111e+01
  -1.46173349e+01  -2.19380993e+01  -2.88460460e+01  -2.88577472e+01
  -3.03736545e+01  -2.80213878e+01  -1.89378683e+01  -1.46140271e+01
  -6.71502980e+00   2.98035930e+00   1.16481052e+01   1.41108320e+01
   1.82673265e+01   2.40753583e+01   2.29829907e+01   2.31589226e+01
   2.09840021e+01   1.66227357e+01   2.06773808e+01   1.97623319e+01
   1.52244067e+01   6.54176912e+00  -6.56636815e-01  -4.22594043e+00
  -2.43070777e+00   6.36673426e+00   3.75076906e+00   1.47889164e-01
   6.15967059e+00   1.23265073e+00   1.54231623e+00   3.51289021e+00
   3.61731876e+00   1.53168295e+00  -9.66885498e-01  -4.96508637e+00
  -2.19377857e+00   1.44376615e+00   4.15647962e+00   8.36962573e+00
   1.57603506e+01   1.17977730e+01   1.43071350e+01   1.87621338e+01
   2.73417415e+01   2.52380773e+01   3.06714209e+01   3.63268409e+01
   2.82159548e+01   1.79080456e+01   1.42694041e+01   2.91232323e+00
  -1.07536835e+01  -9.58160596e+00  -4.07343864e+00  -7.83705816e+00
  -8.37350675e+00  -1.59291844e+01  -1.52194884e+01  -7.41850460e+00
  -5.52736125e+00  -1.89159405e+00   9.76350678e+00   1.92837214e+01
   3.59668686e+01   4.43606247e+01   4.51780329e+01   3.89393210e+01
   3.72003683e+01   1.81067661e+01   9.14605794e+00   1.07457208e+01
   1.30222271e+01   1.89842301e+01   2.67904270e+01   3.33666664e+01
   2.32799785e+01   1.13064397e+01   7.17272602e-02  -4.98062315e+00
  -8.13537623e+00  -1.09906050e+01  -5.26095905e+00  -2.16848950e+00
  -8.43221468e+00  -1.31435713e+01  -2.02413466e+01  -2.41564907e+01
  -2.53023877e+01  -2.63273591e+01  -2.81711791e+01  -2.82688343e+01
  -3.04045168e+01  -3.42332938e+01  -3.19154343e+01  -3.42854470e+01
  -3.13577752e+01  -2.79770025e+01  -1.89133239e+01  -3.58382714e+00
   4.94547418e+00   5.09159409e+00   1.37167198e+01   1.34144116e+01
   9.59777063e+00   1.20713079e+01   1.03838903e+01   1.70730210e+01
   2.51358035e+01   2.45511567e+01   1.77837619e+01   1.32339743e+01
   1.60494429e+01   1.09493636e+01   5.68807675e+00   2.23355828e+00
   4.40803230e+00   1.74279323e-01  -2.93832432e-01  -1.21639515e+00
   7.66604017e+00   1.60228037e+00   1.91270036e+00   8.12125430e+00
   9.65027131e+00],[  3.73034936e-14   3.73034936e-14  -2.69650168e-02   1.46779764e+01
   2.35642285e+01   2.44758369e+01   1.84275288e+01   1.38210096e+01
   2.49577900e+01   2.80107532e+01   2.77799053e+01   2.77630977e+01
   2.88342790e+01   3.12349801e+01   2.72653972e+01   2.45075060e+01
   2.74558736e+01   2.73331058e+01   2.92043967e+01   2.47932071e+01
   2.30922062e+01   2.09138291e+01   1.30537841e+01   5.11384255e+00
   1.12357686e+00  -3.50657556e+00  -4.68574017e+00   2.29164006e+00
   1.45276090e+01   1.48993543e+01   1.09780402e+01   9.34313118e+00
   1.03236237e+01  -1.18190491e+01  -3.50602509e+01  -3.72911442e+01
  -3.67616206e+01  -3.46847917e+01  -3.48908101e+01  -3.80522344e+01
  -3.27586407e+01  -2.00059431e+01  -2.16571654e+01  -3.23743373e+01
  -3.63740553e+01  -3.67778828e+01  -3.60103658e+01  -2.71089111e+01
  -1.78320641e+01  -1.61597066e+01  -7.47294632e+00   2.76476142e+00
   1.03886877e+01   8.56652306e+00   1.00197949e+01   6.93063441e+00
  -3.93539655e+00  -3.38365261e+01  -4.94433306e+01  -4.77606124e+01
  -3.47898734e+01  -2.85760021e+01  -2.23712305e+01  -2.12955724e+01
  -2.51524656e+01  -4.43891276e+01  -5.04358523e+01  -3.77058044e+01
  -2.27189483e+01  -1.46128877e+01  -1.15117042e+01  -7.59669337e+00
  -9.56045916e+00  -1.31731565e+01  -1.54591399e+01  -1.29690191e+01
  -1.17926947e+01  -7.94361502e+00  -1.05683670e+01  -9.48943471e+00
  -4.31458938e+00  -3.67044468e+00  -1.04658719e+00   7.08545337e+00
  -3.38589324e+00  -7.15223205e+00  -1.29275750e+01  -1.92469922e+01
  -2.00429363e+01  -1.80135951e+01  -2.13381023e+01  -1.94761672e+01
  -1.31363148e+01  -1.89299022e+01  -2.25973439e+01  -1.84953325e+01
  -1.69159922e+01  -1.43353478e+01  -1.19567171e+01  -1.14785702e+01
  -1.17877376e+01  -1.11491486e+01  -2.04593380e+00  -5.93880504e-01
   2.19325921e+00  -2.51348903e+00  -1.48501416e+01  -1.28022193e+01
  -4.97206050e+00   2.68606406e+00   2.61104942e+00   2.88432569e+00
   1.23795120e+01   3.77415857e+00  -8.77165866e+00  -1.87985196e+01
  -2.12244608e+01  -2.47671760e+01  -2.82004084e+01  -2.87573449e+01
  -2.93321358e+01  -3.23185461e+01  -2.92073023e+01  -2.64150949e+01
  -1.38432853e+01  -2.06439905e+00   7.70003026e-01  -4.33472727e+00
  -1.51071467e+01  -3.86106823e+01  -4.12579782e+01  -3.25363880e+01
  -3.39494863e+01  -2.92637679e+01  -2.63776921e+01  -1.92577895e+01
  -1.67055227e+01  -1.84409963e+01  -2.26379695e+01  -2.34876901e+01
  -3.00878182e+01  -3.14533086e+01  -1.87130958e+01  -1.06299886e+01
  -4.67569618e+00  -3.11949954e+00  -5.57764431e-01  -2.39798334e+00
   5.98539033e+00   1.27097097e+01   1.03125365e+01   1.45456758e+01
   1.28260260e+01   1.13328057e+01   1.39566926e+01   1.25845764e+01
   1.81070334e+01   2.80375186e+01   3.25496081e+01   3.40032970e+01
   3.51333956e+01   3.65346644e+01   3.23247951e+01   2.95757930e+01
   3.25094506e+01   2.84732059e+01   2.58408075e+01   2.70056672e+01
   3.13486730e+01   2.87781496e+01   2.34222525e+01   2.20270245e+01
   2.40825946e+01   2.58193069e+01   2.41465748e+01   2.24993267e+01
   2.27344621e+01   1.66245136e+01   1.56611761e+01   1.43861296e+01
   1.71846461e+01   1.08600093e+01   2.07543002e+01   2.55200903e+01
   1.62904939e+01   1.12821625e+01   1.23350843e+01   9.61165480e+00
   5.91915537e+00   8.96364143e+00   1.54095349e+01   1.70945366e+01
   2.39210407e+01   2.34193836e+01   2.00697716e+01   1.45566489e+01
   1.00124788e+01   2.54457143e-01  -4.45667415e+00  -7.12467319e+00
  -1.42124554e+01  -1.74648727e+01  -1.70893281e+01  -1.49911193e+01
  -3.28935563e+00  -2.45952677e+01  -3.57962121e+01  -2.56513602e+01
  -4.45660584e+00  -5.32554308e+00  -1.49055410e+01  -1.26010106e+01
   2.58207523e+00   7.99715498e+00   1.73216064e+01   2.11914189e+01
   2.35062567e+01   2.30974342e+01   2.71970142e+01   2.81581297e+01
   2.78130161e+01   2.81685720e+01   2.28753531e+01   1.78433448e+01
   1.49856370e+01   4.75059557e+00  -3.35344320e+00  -7.03300512e+00
  -1.16695345e+01  -1.46923646e+01  -1.34936756e+01  -2.27347225e+01
  -2.35099309e+01  -1.79216008e+01  -1.22982893e+01  -4.56512246e+00
   7.95446088e-01  -3.27596327e+00   5.17065903e+00   2.87887237e+00
  -2.80837081e+00   6.03976046e+00   8.23392729e+00   1.53603822e+01
   2.11660348e+01   1.86207910e+01   1.65440771e+01   1.66966354e+01
   2.34175678e+01   2.66626460e+01   2.27914712e+01   1.42960055e+01
   1.38819707e+01   1.29104721e+01   1.05687510e+01   8.98445296e+00
   1.64005234e+01   1.23831522e+01   1.49133563e+01   2.05688525e+01
   1.92913982e+01],[ -6.57252031e-14  -6.57252031e-14  -2.73718608e-02   1.54369334e+00
   1.10345633e+01   1.46869552e+01   8.14160810e+00  -6.47972971e-01
   5.22476031e+00   4.52305463e+00   5.32425417e+00   1.62960230e+00
   2.42054881e-01   2.53055385e+00  -1.53450058e+00  -2.40384726e+00
   9.99907506e-01   2.82440894e-02   3.60594274e+00   1.23877842e+00
  -1.05069169e-01  -1.45995066e+00  -6.95948274e+00  -1.04677006e+01
  -4.61155770e+00  -4.88174037e-01   6.36840781e+00   1.12373400e+01
   1.29439860e+01   1.05465470e+01   1.01666800e+01   9.40082395e+00
  -2.03916447e+00  -2.33289014e+01  -3.78224090e+01  -3.77058045e+01
  -3.47140978e+01  -2.71017076e+01  -1.32969302e+01  -1.20638933e+01
  -1.81349700e+01  -4.59660267e+00   7.95792783e+00   2.14601389e+00
  -5.34598708e-01  -7.21766290e-01  -4.58397496e+00  -8.75581073e+00
  -8.13680976e+00  -1.17633313e+01  -1.18168036e+01  -8.81113922e+00
  -1.22504259e+01  -1.73009761e+01  -1.83008262e+01  -1.44036298e+01
  -6.50644364e+00  -1.20746683e+01  -5.66783102e+00  -2.67521252e+00
   5.04761262e+00   1.02046441e+01   7.05645644e+00   6.60868797e+00
   2.85887467e+00  -7.07706177e+00  -7.87539272e+00  -1.38028908e+00
   7.31629083e+00   8.37546550e+00   1.10293336e+01   7.35595099e+00
  -8.37456831e-03  -5.09253950e+00  -8.91224734e+00  -1.23046867e+01
  -1.97681794e+01  -1.58107785e+01  -1.90702973e+01  -1.54340809e+01
  -6.96725982e+00  -1.59643041e-01   6.02092512e+00   1.68124555e+01
   1.44275385e+01   1.28837904e+01   1.33907811e+01   1.41669063e+01
   1.24916176e+01   9.14339238e+00   5.46870164e+00   5.53147648e-01
  -4.81011047e-01  -2.77265208e+00  -4.51094436e+00   2.15289951e+00
   3.29478414e+00  -1.89982732e+00  -8.30285547e+00  -9.11579066e+00
  -7.48736863e+00  -5.10546535e+00  -2.14997520e+00  -4.91490930e+00
  -7.40791913e+00  -6.13511885e+00  -1.07396438e+01  -8.68768184e+00
  -1.29766971e+01  -1.66468932e+01  -1.97608904e+01  -1.84501483e+01
  -5.09162099e+00  -8.03038861e+00  -2.27787014e+01  -2.71756541e+01
  -1.92823521e+01  -1.52965962e+01  -1.15976252e+01  -1.16160331e+01
  -1.35171189e+01  -2.21076252e+01  -2.21989072e+01  -1.22322777e+01
  -7.63051432e+00  -9.07464415e-01  -1.40831570e+01  -2.38903151e+01
  -2.68025269e+01  -2.62514342e+01  -1.82422256e+01  -5.54259777e+00
  -6.21493340e+00  -3.96528551e+00  -4.56100454e+00  -3.25599774e+00
  -9.47559483e-01   4.30967437e+00   8.58270789e+00   1.06947935e+01
   5.88359493e+00   2.16088334e+00   6.96833638e+00   8.91651111e+00
   8.48067290e+00   6.45112598e+00   7.58867367e+00   5.09832704e+00
   1.16964029e+01   1.17903866e+01   4.01231216e+00   6.38715233e+00
   7.73834291e+00   4.23363397e+00   1.20003015e+01   1.15485261e+01
   7.02004478e+00   9.85655849e+00   9.40247998e+00   4.61681873e+00
   4.45556887e-01  -2.46665131e+00  -2.73393750e-01   9.86629832e-01
  -1.04874515e+00  -1.45169164e+00  -1.07632912e+00  -1.83610067e+00
   3.27541297e+00   5.56029691e+00  -7.28771648e-02  -2.92840370e+00
  -5.02685648e-01   7.81685196e+00   1.22284185e+01   1.12038449e+01
   1.09855171e+01   8.74168475e+00   1.04141664e+01   1.45605843e+01
   1.25189199e+01   4.91507024e+00   1.11976450e+01   1.09340888e+01
   5.20096494e+00   8.46837909e+00   9.90179781e+00   6.38614767e+00
   5.93390716e+00   6.09915601e+00   9.62089799e+00   8.92112929e+00
   1.10210542e+01   1.36335520e+01   2.24788237e+01   1.55404866e+01
   2.30406370e+01   2.66069984e+01   2.48738463e+01   1.52873970e+01
   3.78728146e+00   1.05079661e+01   1.61825975e+01   1.45301018e+01
   1.72617386e+01   7.16167631e-01  -1.25304370e+01  -1.01803018e+01
   5.61221893e-01  -4.65245178e+00  -2.57660602e+01  -2.72777173e+01
  -1.49079573e+01  -1.46217607e+01  -4.11394888e+00   1.32177057e+01
   1.12709761e+01   6.88065328e+00   1.01562147e+01   1.07279020e+01
   1.25265970e+01   1.57017991e+01   1.39438660e+01   1.14466125e+01
   6.85492415e+00   1.05792540e+00   2.07715254e+00   6.93544969e+00
   1.56796365e+01   1.33139292e+01   1.35073355e+01   5.19156743e+00
   5.12894245e-01   1.47990739e+00  -2.56862439e+00  -1.70415415e+00
   4.76023758e+00  -2.18846618e+00   1.38608232e+00  -2.38994842e+00
  -5.85452248e+00   1.48627202e+00  -1.61445115e+00  -3.58767718e+00
  -1.47781429e+00  -2.51256056e+00  -3.41058698e+00   1.05786628e+00
   3.43153683e+00   2.67833844e+00  -1.32852794e+00  -1.93914569e+01
  -2.70707988e+01  -2.53958781e+01  -2.70578984e+01  -2.68052529e+01
  -2.12943258e+01  -2.27601652e+01  -1.75592603e+01  -1.12298033e+01
  -1.26909636e+01],[  4.17443857e-14   4.17443857e-14  -2.16276795e-02  -2.28323471e+00
  -1.99031857e+00  -2.59223433e-02  -3.76257374e+00  -5.45440895e+00
   9.25690700e-01   3.48281253e+00   3.48309972e+00   5.53189028e+00
   2.96198984e+00   5.92043447e+00   6.10683688e+00   6.66410384e+00
   1.06815425e+01   1.23191966e+01   1.30472981e+01   1.03314123e+01
   1.03698202e+01   1.45438525e+01   1.13553533e+01   9.39668546e+00
   1.71895518e+01   2.64983557e+01   2.64459597e+01   1.34954772e+01
   6.75117128e+00   9.54077214e+00   1.34597863e+01   1.26420291e+01
  -7.19663085e+00  -2.26950248e+01  -2.81951977e+01  -3.09002972e+01
  -3.06141407e+01  -2.28867940e+01  -1.31832266e+01  -5.81031498e+00
  -6.90487516e+00  -1.07496774e+01  -1.63793232e+00   7.53293314e+00
   1.03050871e+00   8.02945290e-01   2.73625353e+00   3.62648558e+00
   2.45570291e+00  -1.02476545e+00  -3.05202910e+00   1.70699713e+00
  -3.05830032e+00  -6.74753736e+00  -6.67710558e+00  -1.33904915e+01
  -1.79410013e+01  -2.57607715e+01  -2.34307253e+01  -2.58916578e+01
  -2.30667099e+01  -1.70124136e+01  -1.35435616e+01  -1.03788407e+01
  -6.06446403e+00  -6.91777367e+00  -6.64310813e+00  -1.09619987e+01
  -1.69384233e+01  -2.75744704e+01  -2.81570357e+01  -2.94857592e+01
  -2.79002485e+01  -1.88458185e+01  -1.63290042e+01  -2.22457846e+01
  -3.28044185e+01  -2.82411844e+01  -3.06387810e+01  -3.08227274e+01
  -3.19278866e+01  -3.32146505e+01  -3.54303548e+01  -5.15867798e+01
  -5.80777361e+01  -5.26796745e+01  -5.07448108e+01  -4.83253851e+01
  -4.76138761e+01  -4.90208982e+01  -3.74371247e+01  -2.55312907e+01
  -2.53516040e+01  -2.89653808e+01  -2.52639789e+01  -2.19065494e+01
  -2.40496968e+01  -2.18782219e+01  -1.65966520e+01  -1.01371821e+01
  -4.03318287e+00  -7.39694544e+00  -1.35779629e+01  -1.80176952e+01
  -2.12947210e+01  -2.11575350e+01  -2.20609817e+01  -2.16763517e+01
  -2.69427650e+01  -2.34002999e+01  -1.99110264e+01  -1.42009528e+01
  -2.59586430e+00  -1.67544759e-01  -1.02437202e+01  -1.71405580e+01
  -1.54238433e+01  -6.93002667e+00  -1.04871371e+00   1.13238180e+00
   2.50029454e+00  -3.16304333e+00  -3.14093186e+00   5.57691821e+00
   7.66835214e+00   7.27011783e+00  -3.39353211e+00  -1.54687790e+01
  -1.29957744e+01  -5.27572607e+00  -2.59575974e+00   1.29787222e+00
   2.47830013e+00   5.51874420e-01  -5.44304646e+00  -5.78441804e+00
  -7.12881142e+00  -8.37138251e+00  -5.14476707e-01   7.72357204e+00
   5.05516943e+00   1.29545895e+00   2.60068930e+00   9.13434025e-01
  -1.84318153e+00   1.58785264e+00   5.09462459e+00   8.33932172e+00
   1.58547649e+01   1.39128824e+01   9.76836077e+00   7.01068033e+00
   6.51242572e+00   3.05047354e+00   9.86680008e+00   1.12937364e+01
   1.17089217e+01   9.58789040e+00   1.07576385e+01   5.02528882e+00
   9.32828662e-01   5.28209150e+00   1.32398824e+01   9.57108630e+00
   4.08229544e+00   6.97414816e+00   1.31968199e+01   9.99706588e+00
   1.29204406e+01   1.65766461e+01   1.13705885e+01   6.65939339e+00
   1.16164313e+01   1.50331234e+01   1.65208793e+01   1.75288424e+01
   1.44623428e+01   1.27656581e+01   7.30428381e+00   7.45385113e+00
   8.86156544e+00   5.74973191e+00   6.11152727e+00   2.98813827e+00
  -1.32625421e-01   5.79899588e+00   1.56008173e+00  -8.80102844e+00
  -1.10913308e+01  -1.07418377e+01  -5.22251420e+00  -4.15543790e+00
  -8.44329183e+00  -9.42529396e+00  -5.19464667e+00  -7.41941455e+00
  -1.06830602e+01  -1.79975025e+01  -1.59075711e+01  -1.25388721e+01
  -1.48096052e+01  -1.38184343e+01  -8.35785915e+00  -9.27068239e+00
  -1.59787127e+01  -1.42391731e+01  -1.52189645e+01  -1.45322226e+01
  -8.48971249e+00  -7.67637947e+00  -1.02388141e+01  -5.82952443e+00
  -1.80739993e+00  -3.93394393e+00  -3.05503984e+00  -1.61408490e+00
  -1.03934929e+00  -8.19580548e+00  -1.06363351e+01  -1.26922786e+01
  -1.60235577e+01  -1.40716353e+01  -1.35329010e+01  -1.94963791e+01
  -2.72654877e+01  -2.91928376e+01  -2.43495683e+01  -1.81577311e+01
  -4.87568482e+00  -5.53892124e+00  -5.17850034e+00  -1.05545120e+01
  -1.47368519e+01  -1.36820590e+01  -2.14712121e+01  -2.38724820e+01
  -1.48821533e+01  -1.85471926e+01  -1.95311435e+01  -1.99335270e+01
  -1.65699842e+01  -1.24289778e+01  -1.58196092e+01  -1.26567807e+01
  -1.09293522e+01  -6.28211315e+00  -7.76731064e+00  -3.36702362e+00
  -8.84598179e-01  -1.76476174e+00   6.04446960e+00   3.14388932e+00
  -2.52376543e+00  -5.75012583e-01   1.01943591e+00   3.00093007e+00
   3.45849543e+00   2.37994826e+00   6.01329993e+00   7.62577185e+00
   6.36959526e+00],[ -9.76996262e-15  -9.76996262e-15  -1.10233096e-02   5.04769061e+00
   3.57418323e+00   2.90277008e+00  -2.16515654e+00   4.57206454e+00
   1.25444044e+01   1.29408061e+01   1.20178784e+01   1.27618175e+01
   1.01247009e+01   1.48877289e+01   2.21704246e+01   2.60380092e+01
   2.84836122e+01   2.64688925e+01   2.44745870e+01   2.08292038e+01
   1.82206236e+01   2.41522377e+01   2.36782819e+01   2.01308925e+01
   1.92402654e+01   1.22511854e+01   8.60985001e+00   6.13073935e+00
   9.13139944e+00   1.67793449e+01   1.77795928e+01   1.29666706e+01
  -1.82208211e+00  -9.76120148e+00  -7.37802915e+00  -2.19293964e+00
   4.32333231e+00   2.79248812e+00  -1.30439679e+01  -1.93697285e+01
  -9.72182907e+00  -6.55908558e+00  -9.93873091e+00  -1.23996536e+01
  -1.18531182e+01  -3.56494005e+00   1.89269248e+00  -2.23220055e+00
  -2.20463712e-01   3.05336598e+00   9.78641805e+00   1.27731711e+01
  -1.44180283e+00  -3.13770086e-01   6.75921133e+00   6.74400498e+00
   3.52210525e+00  -1.20452151e+01  -1.12088623e+01  -5.82876216e+00
  -7.52947434e+00  -9.58595911e+00  -9.81868300e+00  -1.12353420e+01
  -1.00350844e+01  -9.80973155e+00  -2.99790734e-01   9.00802839e+00
   8.81045192e+00   1.74059769e+00  -4.54968221e+00  -3.90980654e+00
  -2.62083442e+00   2.22246327e+00   2.30668633e+00   2.82171503e+00
  -3.25863793e+00  -2.44845461e+00  -6.47520951e+00  -1.49960660e+01
  -2.01819859e+01  -1.35418214e+01  -8.07039125e+00  -1.24615233e+01
  -1.38419653e+01  -5.94735809e+00   3.52116820e-01   5.07817474e+00
   8.68961645e+00   1.24368696e+00  -2.62637114e+00  -3.07832851e+00
  -1.50113483e+00  -2.26407315e+00  -7.46503710e-02   4.83381246e+00
  -4.76578483e-01  -2.67682021e+00  -4.42351441e+00  -5.12353341e+00
  -1.02258121e+01  -9.00015227e+00  -7.15683521e+00  -7.47627097e+00
  -8.21415653e+00  -3.61047130e+00  -5.06031486e+00  -7.88873703e+00
  -1.25495093e+01  -9.78192858e+00  -1.12193310e+01  -1.08195516e+01
  -5.05821964e+00   1.72813747e+00  -3.25562649e-01   3.05487135e+00
   1.19587224e+01   1.74007544e+01   1.61467566e+01   1.82412413e+01
   1.94188177e+01   1.24706642e+01   1.09434174e+01   1.16610451e+01
   1.39066656e+01   1.42664782e+01   1.13351489e+01   3.83795903e+00
   7.62936385e+00   2.84473469e+00  -2.54939592e+00  -1.52857290e+00
  -1.24156417e+00  -3.55224765e-01  -2.80349154e+00  -7.88831687e-01
  -2.01802030e+00  -7.28096297e+00  -5.31288645e+00  -3.18400842e+00
  -1.10283928e+01  -1.52521028e+01  -6.63210464e+00  -2.61885154e+00
  -4.60217779e+00  -1.32567364e+00  -1.74433693e+00   2.01538197e+00
   8.66990649e+00   1.29155910e+01   1.50177119e+01   1.18482183e+01
   7.09092963e+00   9.90544389e+00   7.89362024e+00   7.30410909e+00
   1.81393905e+01   2.19786057e+01   2.12422579e+01   1.96331559e+01
   2.04400298e+01   2.09155234e+01   2.41105108e+01   1.93203015e+01
   1.63283060e+01   2.05318137e+01   2.76137418e+01   2.41458900e+01
   2.01701641e+01   1.83110007e+01   1.82312509e+01   1.62903795e+01
   1.58032703e+01   1.36396850e+01   1.54307323e+01   2.07562941e+01
   1.96206573e+01   2.22738721e+01   1.50723650e+01   7.59357658e+00
   1.05141449e+01   9.52401494e+00   7.67719551e+00   2.44299674e+00
  -4.78740064e-01   3.57984375e+00  -1.65692807e+00  -9.42313722e+00
  -9.49560370e+00  -8.06339326e+00  -5.19246105e+00   2.28530089e+00
  -7.28804632e-01  -7.59902498e+00  -1.19792949e+01  -1.44001416e+01
  -1.52913903e+01  -1.15751812e+01  -6.91280105e+00   1.43092654e+00
   7.02203878e+00   9.35102158e+00   1.01260764e+01   1.33236632e+01
   1.20115642e+01   1.13054564e+01   9.14853630e+00   2.88026118e+00
   1.80854407e+00  -1.12433825e+00  -1.08447644e+01  -1.69351381e+01
  -9.24064753e+00  -4.48032631e+00  -7.48254351e+00  -1.12997856e+01
  -1.57789000e+01  -1.97489559e+01  -2.20793944e+01  -1.80268634e+01
  -1.07697613e+01  -7.60926369e+00  -4.64508537e+00  -5.46974701e+00
  -1.14050961e+01  -1.52095032e+01  -1.11429241e+01  -1.02255436e+01
  -7.25467519e+00  -8.93266386e+00  -9.50832784e+00  -1.69273262e+01
  -1.80640212e+01  -1.49086831e+01  -2.47444649e+01  -3.23715873e+01
  -3.02965751e+01  -2.95586110e+01  -2.69973149e+01  -2.16497887e+01
  -1.24377923e+01  -8.80722810e+00  -8.26870873e+00  -6.87006189e+00
  -6.85779122e+00  -8.50432258e-01  -2.13035955e-02   2.38382767e+00
  -6.55005109e-01  -7.42960582e-01  -7.43620783e-01  -1.37246781e+01
  -1.71062727e+01  -7.45552541e+00  -9.88238819e-01   6.79157100e+00
   1.17163638e+01   1.56170897e+01   2.04968726e+01   2.08519922e+01
   2.26979293e+01],[  1.50990331e-14   1.50990331e-14   2.05822676e-03   1.18453988e+01
   1.40043523e+01   1.34725174e+01   4.76770248e+00   1.06430287e+01
   1.18892649e+01   7.77809407e+00   1.00930427e+01   8.67344864e+00
   1.04995261e+01   1.17852843e+01   1.67019119e+01   1.52842918e+01
   1.53826840e+01   7.92580202e+00   2.68128502e+00   1.78483693e+00
   3.09985157e+00   3.79304591e+00  -1.50190498e-01  -9.30670723e-01
   1.13426934e+00  -9.77958680e+00  -1.06623030e+01   3.52314869e+00
   1.30911886e+01   1.42209373e+01   1.20493682e+01   7.74379805e+00
  -4.81824135e-01  -1.47738604e+01  -2.25922879e+01  -2.25156866e+01
  -1.92276568e+01  -5.69637585e+00  -4.78188708e+00  -7.97565948e+00
  -6.53253847e-01   5.37045129e+00   1.72796141e+00   2.46196491e+00
   8.22317776e+00   1.33876615e+01   1.74765018e+01   7.34982999e+00
   3.62075607e+00   1.42550643e+01   2.50604248e+01   2.43148000e+01
   1.23631085e+01   8.01791026e+00   1.73569773e+00   3.35866301e+00
   2.61211882e-01  -5.80147481e+00  -3.75726061e+00  -9.74640045e-01
  -4.57266760e+00  -1.30495467e+01  -1.96117644e+01  -2.22180249e+01
  -2.76534536e+01  -2.67695945e+01  -1.75618750e+01  -2.39487330e+00
   8.96624264e+00   1.72365788e+01   1.63145112e+01   1.30065260e+01
   7.32757659e+00   3.18560070e+00   5.40807913e+00   1.21781064e+01
   1.67241109e+01   1.49671292e+01   1.02276783e+01   1.05809203e+00
  -3.97179916e+00  -6.73226610e+00  -5.65037902e-01   7.78377160e+00
   1.58013996e+01   2.15971704e+01   2.49622394e+01   3.20525732e+01
   3.45223668e+01   2.57463413e+01   1.71174916e+01   1.22309576e+01
   1.10976649e+01   1.03593797e+01   8.93848461e+00   1.12794244e+01
   3.74330135e+00  -3.65568583e+00  -1.30765165e+01  -1.33416426e+01
  -1.87830636e+01  -1.07802878e+01  -3.25095292e+00  -8.86915810e-01
   7.28275200e-01   2.77525979e+00   8.47672100e-01   1.96644988e-01
  -1.78074023e+00  -5.29835899e+00  -7.43806226e+00  -8.49778034e+00
  -5.19765130e+00  -1.56993679e+00  -6.82381722e-01   5.01488944e+00
   1.58495605e+01   2.01008785e+01   1.59383973e+01   1.22327975e+01
   7.28741182e+00  -2.38816187e+00  -6.39551286e+00  -5.35553006e-01
   4.35292746e+00   6.43831496e+00  -3.15033151e+00  -1.35652212e+01
  -1.16144308e+01  -1.42294417e+01  -8.87348551e+00  -1.49164065e+00
  -3.08689045e+00   1.32985768e+00   5.66844552e+00   7.16467951e+00
   1.10066070e+01   1.34744980e+01   1.05565130e+01   2.78580676e+00
  -6.09795042e+00  -7.92835342e+00   2.76788047e+00   8.21595661e+00
   4.81211814e+00   3.63204993e+00   2.38770761e+00   2.51784824e+00
   1.15362131e+00   8.31431430e+00   1.11788775e+01   9.91101796e+00
   5.36589048e+00   9.18843931e+00   6.20469367e-01  -2.89046399e+00
   6.91802721e-01   2.04636939e+00  -7.21651184e+00  -9.50419845e+00
  -4.05087206e+00  -9.57999359e+00  -4.58932267e+00  -1.25852579e+00
  -1.91695473e+00   5.92761029e-02   2.63842556e+00   2.60469682e+00
   1.84248868e+00  -2.59986075e+00  -5.37859685e+00  -7.81340529e+00
  -1.12783728e+01  -1.00644040e+01  -4.30467472e+00  -2.25259180e+00
  -3.89781833e+00   2.39575301e+00   7.81229357e+00   6.88009752e+00
   7.21837212e+00   6.94133563e+00   6.49072555e+00   2.29251061e+00
  -1.45082346e-01   3.36195501e+00  -4.93014523e-01  -3.24929751e+00
  -1.38155912e+01  -1.47016382e+01  -1.05925783e+01  -3.00526879e+00
  -6.18068765e-01  -1.82562943e+00  -3.03082975e+00   1.71221059e+00
   3.93245936e-03  -1.12407499e+01  -1.58446942e+01  -2.27559251e+01
  -3.51896809e+01  -4.05333257e+01  -3.48186162e+01  -2.25334082e+01
  -1.66246325e+01  -1.68808824e+01  -1.55822491e+01  -8.44590461e+00
  -4.55548898e+00  -9.57393445e+00  -1.05266346e+01  -1.13277705e+01
  -7.90014316e+00  -3.21792585e+00  -2.04749372e+00   4.93389407e+00
   6.21599205e+00   2.82762471e+00  -4.11227396e+00  -3.54099555e+00
  -1.16934667e+00  -4.46815462e+00  -6.17913119e+00  -2.81319711e+00
  -7.33313290e+00  -1.45419789e+01  -1.75019018e+01  -2.02999525e+01
  -2.08419735e+01  -2.27951252e+01  -2.26851007e+01  -2.92448512e+01
  -2.85153244e+01  -2.45116676e+01  -3.09904441e+01  -3.34340689e+01
  -3.26445205e+01  -2.94018364e+01  -2.31465169e+01  -1.84416526e+01
  -1.16149049e+01  -8.88434657e+00  -7.49938757e+00  -1.24514130e+01
  -1.49487114e+01  -9.14610187e+00  -3.82479180e+00  -3.21002176e+00
  -7.91900984e+00  -6.23719897e+00  -1.85174897e+00   3.16056590e-01
   1.02043634e+00   3.76766563e+00   6.95199475e-02   3.57604781e+00
   5.55740553e+00   6.53218677e+00   1.33350115e+01   1.40826998e+01
   1.29104698e+01],[  4.44089210e-15   4.44089210e-15   1.46772368e-02   7.30879167e+00
   1.19185994e+01   1.26868036e+01   5.69153603e+00   7.91649725e+00
   1.11421011e+01   1.05030252e+01   1.39533638e+01   1.58958986e+01
   1.81603880e+01   1.73444653e+01   2.08046891e+01   1.60569734e+01
   1.51523291e+01   1.02815004e+01   5.34347538e+00   8.70740177e+00
   1.52903298e+01   8.83471933e+00   1.17741319e+00  -2.95719526e-01
   2.98191060e+00  -6.11030176e-01  -2.14975069e-01   8.23990944e+00
   1.15028736e+01   3.83231390e+00   4.98519285e+00   5.33740205e+00
  -1.32509549e+00  -1.93459078e+01  -3.67035802e+01  -4.37155936e+01
  -4.87075581e+01  -3.55298848e+01  -2.18606612e+01  -1.51924239e+01
  -8.50679949e+00  -1.10983756e+01  -2.07437579e+01  -2.05442998e+01
  -1.88959005e+01  -1.30681698e+01  -4.44025222e+00  -5.52671400e+00
  -1.39493013e+01  -7.34241968e+00  -2.54517949e+00  -2.01481130e+00
  -4.30007589e+00  -7.55108442e+00  -1.15226002e+01  -9.73341279e+00
  -1.05412762e+01  -2.07887817e+01  -3.41516332e+01  -4.15846034e+01
  -3.87251231e+01  -3.69486368e+01  -3.02300087e+01  -2.67067022e+01
  -2.94379215e+01  -3.03104225e+01  -3.35691823e+01  -3.22125000e+01
  -2.92662175e+01  -2.48809858e+01  -2.51397555e+01  -2.03165942e+01
  -1.60111997e+01  -1.82358248e+01  -1.24606990e+01  -7.53929640e+00
  -5.94649464e+00  -6.97223849e+00  -9.67821537e+00  -1.55008881e+01
  -2.14265056e+01  -2.80165468e+01  -2.12742504e+01  -2.18291066e+01
  -1.62926708e+01  -1.56993357e+01  -1.49358732e+01  -1.26204841e+01
  -1.30653624e+01  -1.53706630e+01  -1.51820767e+01  -1.12165500e+01
  -1.61527913e+01  -1.50307413e+01  -1.36813515e+01  -1.39041583e+01
  -2.05958825e+01  -2.56789340e+01  -2.69675504e+01  -1.65757407e+01
  -1.29290920e+01  -1.26286966e+01  -1.24293328e+01  -1.00287877e+01
  -1.13058806e+01  -1.91422162e+01  -2.09960450e+01  -2.21613229e+01
  -1.54748135e+01  -1.16417135e+01  -9.49937282e+00  -4.54346024e+00
   2.87104716e-01   1.05878850e+00   6.33677447e+00   3.97882312e+00
   8.36880604e-01   1.58411610e+00  -3.19755653e+00  -8.29782596e+00
  -1.29728925e+01  -1.90469978e+01  -2.21094134e+01  -1.01985469e+01
  -2.93730202e+00  -5.60450149e-01  -4.05227369e+00  -1.00369220e+01
  -1.36435944e+01  -1.80197680e+01  -1.12404216e+01  -8.47152325e+00
  -9.74410478e+00  -6.97478547e+00  -3.27189464e+00  -2.42907464e+00
   2.63524191e+00   5.14910131e+00   1.16030322e-01  -5.71174259e+00
  -7.02746450e+00  -5.23250075e+00   1.92783403e-01  -1.44269125e+00
  -5.14298624e+00  -7.13517733e+00  -1.44987521e+00  -3.95677500e-01
  -6.68529026e+00  -1.04758079e+00   2.49446554e+00   3.32794308e+00
   3.11757211e+00   2.31482624e+00  -8.82957223e+00  -8.79973478e+00
  -5.49289989e+00  -6.32411017e+00  -1.12666586e+01  -8.87155758e+00
  -5.82909273e+00  -7.15668214e+00  -1.52438971e+00   1.61823091e+00
   2.89733966e+00   2.55360899e-01  -1.02260228e+00   3.40337567e+00
   6.49750483e+00   5.69636520e+00  -6.57015791e-01  -5.40392315e+00
  -6.59383393e+00  -5.90594616e+00  -3.63709482e+00  -9.51878722e+00
  -1.40479101e+01  -9.79711217e+00  -5.95125185e+00  -5.03661064e+00
  -4.50450112e+00  -1.76768846e+00  -7.05861865e-01   3.03746509e+00
   1.93029697e+00   6.95946884e+00   2.67996143e+00  -6.10361213e+00
  -2.29350370e+01  -2.30502885e+01  -1.20211494e+01  -7.60995513e+00
  -5.56630911e+00  -6.24460364e+00  -1.35424540e+01  -1.28320978e+01
  -1.09039174e+01  -1.22802274e+01  -1.37567067e+01  -1.71659725e+01
  -1.81031470e+01  -1.03056257e+01  -1.60734228e+00   3.18079547e+00
   1.13237443e+00  -2.49588970e+00  -8.10093693e+00  -1.87027979e-01
   5.93458575e-01  -6.81371566e+00  -7.06518419e+00  -9.56679889e+00
  -9.10170263e+00  -8.73013907e+00  -1.49927896e+01  -1.74227758e+01
  -1.21937567e+01  -8.81044190e+00  -9.11169663e+00  -7.65644032e+00
  -1.74421568e+00  -6.64754769e+00  -1.36033769e+01  -1.60892296e+01
  -2.27569198e+01  -3.10033351e+01  -3.82072802e+01  -3.89594852e+01
  -3.50610116e+01  -3.23287552e+01  -2.94604399e+01  -3.32664012e+01
  -3.81334391e+01  -3.84265782e+01  -4.05369821e+01  -3.34276654e+01
  -3.16379801e+01  -3.21820444e+01  -2.42340297e+01  -2.29352397e+01
  -2.39158402e+01  -2.12478943e+01  -1.69370203e+01  -1.37953553e+01
  -1.11075186e+01  -8.22339237e+00  -6.98477698e+00  -7.37037990e+00
  -9.07490161e+00  -7.10786208e+00   3.84923116e+00   1.47661939e+01
   1.69193512e+01   1.53360871e+01   1.48065035e+01   1.48435807e+01
   1.19327872e+01   6.49427029e+00   1.24611456e+01   1.38014990e+01
   1.50287364e+01],[  8.97060204e-14   8.97060204e-14   2.39979671e-02  -2.78204056e+00
   6.81286789e-02  -8.17087186e-01  -5.96026838e+00  -1.08244358e+01
  -5.92984365e+00  -6.77532338e+00  -1.09730612e+01  -1.19912661e+01
  -1.06243777e+01  -1.09540303e+01  -1.04786963e+01  -1.48095374e+01
  -1.48241527e+01  -1.51447138e+01  -1.56649440e+01  -9.17743006e+00
  -4.46954005e+00  -4.51398779e+00  -6.52758740e-01  -4.81034311e+00
  -3.60356818e+00  -1.99548976e+00   2.18658766e+00   7.92081833e+00
   8.45072509e+00   3.28016274e+00   4.11495207e+00   6.63241401e+00
   5.92158684e+00  -4.69744666e+00  -5.57440475e+00   4.64691893e-01
   6.27733519e+00   6.04333597e+00  -4.41623131e+00  -7.88581361e+00
   2.26738301e+00  -2.99356933e+00  -7.87083758e+00  -1.12088192e+01
  -8.20847189e+00   3.27335123e+00   1.53935583e+00  -4.28992398e+00
  -4.41130216e+00  -5.39124099e-01  -2.67444893e+00  -7.30920920e+00
  -2.23803860e+01  -2.56929463e+01  -2.37823949e+01  -2.45117942e+01
  -1.35166649e+01  -1.50922170e+01  -1.72126194e+01  -8.25078113e+00
  -1.81828892e+00   4.31400713e+00   1.07830933e+01   1.05362135e+01
   4.78214874e+00   1.13947969e+01   1.45221831e+01   1.73332155e+01
   1.04755648e+01   8.03166577e+00   5.42848747e+00   9.43371008e+00
   8.51431679e+00   2.43908731e+00   3.38886975e-01  -5.63799803e+00
  -1.19364861e+01  -1.01507082e+01  -1.18459042e+01  -2.00867078e+01
  -2.84291634e+01  -1.77628955e+01  -1.30338638e+00   8.79991546e+00
   1.58274317e+01   1.35247626e+01   1.00361285e+01   1.10212753e+01
   9.85221257e+00   4.54429705e+00  -1.51713550e+00  -2.19236375e+00
  -3.20655210e+00   4.04255256e-02   4.54791114e+00   6.18001494e+00
  -5.26144192e+00  -1.41481390e+01  -1.00139009e+01  -4.51770239e+00
  -4.99414749e+00  -3.69613440e+00  -1.40943140e+00   4.08192616e+00
   1.74630474e+00  -5.79812438e-01   1.59473272e+00  -1.86229284e+00
  -2.30934393e+00  -1.75679674e+00  -1.38254810e+00  -6.29258386e+00
  -5.74889330e+00  -9.74611150e+00  -5.13007269e+00  -3.51989140e+00
  -2.95496045e+00  -5.91037882e+00  -7.42766874e+00  -3.09918414e+00
  -3.45203017e-01   1.22330025e-01  -6.61654017e+00  -2.26446737e+00
  -7.37551276e-02   1.42012010e+00   1.54924207e+01   1.46904198e+01
   8.00760066e+00  -3.30603283e+00  -6.24655364e+00  -5.45427018e+00
  -5.52533340e+00  -6.69780068e+00  -3.97132810e+00  -2.85901472e+00
  -3.58543776e+00  -1.08281919e+01  -2.11084882e+01  -2.46846667e+01
  -2.00289985e+01  -1.95834674e+01  -1.60067348e+01  -1.84295995e+01
  -1.88668839e+01  -2.07756719e+01  -1.28115679e+01  -1.05188837e+01
  -1.33178492e+01  -8.02613177e+00  -5.32599458e+00   1.09251722e+00
   4.85500199e+00   2.06378877e+00  -6.93725402e+00  -4.84817649e+00
  -1.11506031e+00  -6.47611141e+00  -1.15334359e+01  -7.94782478e+00
  -9.56451217e+00  -6.56146716e+00  -7.37296340e+00  -6.13528005e+00
  -2.89151954e+00  -7.10441275e+00  -8.58258662e+00  -5.23343745e+00
  -6.31390905e+00  -4.75535854e+00  -3.81198844e+00  -7.10044024e+00
  -6.97998054e+00  -5.58984641e+00  -2.96956228e+00  -6.26927002e+00
  -6.54526508e+00  -4.00626846e+00  -7.02616900e-01  -3.47169785e+00
  -4.25679791e+00   3.34778993e-01  -3.07185350e-01   6.28426611e+00
   6.34427253e+00   9.62858238e+00   6.59453736e+00  -1.23629168e+01
  -1.97995175e+01  -2.21235300e+01  -1.82756280e+01  -1.83827523e+01
  -2.06599756e+01  -2.03119331e+01  -1.98331553e+01  -1.97860172e+01
  -1.83769927e+01  -2.82378111e+01  -3.57639268e+01  -3.49874322e+01
  -2.77751130e+01  -2.76971462e+01  -2.94013644e+01  -3.05233944e+01
  -2.57397964e+01  -1.66522006e+01  -1.21311497e+01  -8.32731738e+00
  -1.25024625e+01  -1.54269486e+01  -1.09340408e+01  -7.95354520e+00
   1.54192523e+00   2.19532171e+00  -1.16735638e+01  -2.35455700e+01
  -2.67847492e+01  -2.29971744e+01  -2.01007814e+01  -2.06050863e+01
  -1.59364621e+01  -1.48262376e+01  -1.96092290e+01  -2.70825388e+01
  -3.00960069e+01  -3.10703503e+01  -2.71617925e+01  -2.08486494e+01
  -1.49157599e+01  -1.10226699e+01  -8.02711972e+00  -9.18467568e+00
  -1.97076762e+01  -2.62963909e+01  -2.54492795e+01  -1.86358634e+01
  -2.17875388e+01  -2.62784558e+01  -1.71004642e+01  -1.55788688e+01
  -1.94718135e+01  -1.71252358e+01  -1.26155753e+01  -8.95408246e+00
  -5.31246782e+00  -2.90398183e+00  -5.63696791e+00  -5.34980782e+00
  -4.84418133e+00  -4.29233822e+00  -2.50429065e+00  -2.22153473e+00
  -1.11036397e+00  -2.87628281e+00  -4.97199259e+00  -4.24379649e+00
  -3.54739181e+00  -6.90844198e+00  -3.15397897e+00   3.38923489e-01
   6.79038028e+00],[ -4.88498131e-14  -4.88498131e-14   2.79258560e-02  -4.78072112e+00
  -2.49344330e+00  -3.38529138e+00  -6.85336571e+00  -1.01070241e+01
  -5.46451669e+00  -5.74998081e+00  -1.39086909e+01  -1.74350273e+01
  -6.55014729e+00  -5.06453285e+00  -1.41591688e+01  -1.65831040e+01
  -1.19864182e+01  -1.30015962e+01  -1.73538214e+01  -1.17093081e+01
  -6.63680593e+00  -1.33388132e+00   1.74192219e+00  -4.58620588e+00
  -4.33184248e+00  -5.82887395e-01   1.27502464e+00   5.02864544e+00
   6.01550088e+00   5.24952910e+00   5.36588576e+00   6.10397749e+00
   1.07952131e+01   4.70670964e+00   4.77515815e+00   4.65998410e+00
   7.97739543e+00   1.15321520e+01   2.39305169e+00  -4.61099271e+00
  -1.75021164e-02  -7.93852462e+00  -5.47491130e+00  -9.46600318e+00
  -1.38471735e+01  -1.25035874e+01  -2.07564952e+01  -2.28370548e+01
  -1.27715129e+01  -9.45973712e+00  -9.68271846e+00  -7.65125451e+00
  -6.22858762e+00  -4.02012941e+00  -9.54818267e+00  -1.53002810e+01
  -2.34958087e+01  -3.35427609e+01  -2.88482765e+01  -2.00365087e+01
  -1.65372490e+01  -1.56076777e+01  -1.40620531e+01  -1.01235688e+01
  -1.35084855e+01  -2.28342612e+01  -2.35608284e+01  -2.38776589e+01
  -2.83133106e+01  -2.90220266e+01  -2.69863356e+01  -2.05120717e+01
  -1.47385789e+01  -1.22901030e+01  -8.14889921e+00  -2.39382349e+00
   8.52297427e+00   1.27981702e+01   9.35616449e+00  -1.65183955e+00
  -9.70873567e+00  -1.06911969e+01  -7.24014899e+00  -7.97830927e+00
  -1.51545090e+01  -2.44192376e+01  -2.66424087e+01  -2.74922972e+01
  -2.94945293e+01  -3.23969037e+01  -3.17591226e+01  -2.58697561e+01
  -1.78228809e+01  -1.79064863e+01  -2.10546534e+01  -2.09247909e+01
  -2.78508917e+01  -3.24587720e+01  -2.41858685e+01  -1.67979501e+01
  -8.42177978e+00  -1.32528297e+01  -1.37956621e+01  -6.96478447e+00
  -5.77093452e+00  -5.97825410e+00  -6.30979628e+00  -5.95266292e+00
  -2.73205378e+00  -1.36542863e-01   5.64431382e+00   2.23192101e+00
   8.83513652e-01  -1.94774790e+00  -2.97041572e+00  -7.78773127e+00
  -6.30112687e+00  -6.23349683e+00  -5.62458807e+00  -9.80895239e-01
   4.45335350e+00   8.78085678e+00   5.19574452e+00   5.17635351e+00
   2.08926871e+00   5.19089793e-01   1.27308540e+01   1.08404551e+01
   5.29284240e+00   2.93711354e+00   3.60319491e+00   8.36614530e+00
   7.33121267e+00   3.77240240e+00   8.35416161e+00   7.28217750e+00
   3.46932577e+00  -3.26536330e+00  -1.27302838e+01  -1.94184040e+01
  -1.74917793e+01  -2.10348315e+01  -1.82873030e+01  -1.51854481e+01
  -1.33267404e+01  -1.41532171e+01  -8.83966341e+00  -8.31414970e+00
  -8.09894099e+00  -5.50373429e+00  -6.08990209e+00   3.05244379e+00
   5.07858082e+00   4.07640322e+00   6.09973397e+00   6.35737468e+00
   8.18839153e+00   3.76991818e+00  -3.18825380e+00  -4.81012483e+00
  -4.54639521e+00  -1.97031782e+00  -7.72276612e-01   4.21178203e+00
   1.77045642e+00   4.81329910e-01   2.63495420e+00   2.61227807e+00
   2.41389234e+00   3.16156243e+00   8.36409712e+00   6.67911139e+00
   7.43636472e+00   8.84377642e+00   1.07978793e+01   8.88760622e+00
   7.41322046e+00   4.35502212e+00   1.73355165e+01   1.74711861e+01
   9.53069986e+00   1.17172988e+01   9.18198387e+00   8.30593670e+00
   6.77654576e+00   5.66726547e+00   7.78046081e+00  -6.36360168e+00
  -9.94913700e+00  -1.00012427e+01  -1.01343571e+01  -1.50430874e+01
  -1.35554613e+01  -1.34026933e+01  -1.52440497e+01  -1.69155884e+01
  -2.03366468e+01  -1.52675377e+01  -1.71141662e+01  -2.10555860e+01
  -1.62483540e+01  -1.52856487e+01  -1.46865552e+01  -1.05101023e+01
  -3.13665648e+00   1.05638105e+01   1.14791209e+01   8.55650459e+00
   6.31567816e+00   2.50986291e-01   2.86870727e+00  -3.51636068e+00
  -2.99273088e+00   1.52440403e+00   4.85286207e+00   4.10179799e-01
  -2.78155827e+00  -4.15030839e+00  -6.64827139e+00  -1.27647133e+01
  -1.93772005e+01  -1.66654497e+01  -1.74081755e+01  -2.65811419e+01
  -2.53648595e+01  -2.20160862e+01  -1.90408360e+01  -1.67791381e+01
  -1.51453439e+01  -1.81221863e+01  -1.73190897e+01  -1.42141195e+01
  -2.33529501e+01  -2.89414756e+01  -2.16482860e+01  -1.37682704e+01
  -1.43109058e+01  -1.53290673e+01  -1.11402878e+01  -8.90810454e+00
  -9.31659968e+00  -8.64678598e+00  -1.01780194e+01  -1.16095011e+01
  -1.51784970e+01  -9.07512838e+00  -7.33952034e+00  -6.20229755e+00
   3.46848345e+00   8.26100564e+00   6.22572063e+00   1.21865911e+01
   1.54520168e+01   8.99115601e+00   2.92441639e+00   5.64877384e+00
   5.62593251e+00   7.49415506e+00   1.05222529e+01   9.62263416e+00
   9.24178570e+00],[  2.13162821e-14   2.13162821e-14   2.55782253e-02   3.85146686e+00
   6.59087699e+00   6.93866274e+00   4.24221394e+00   7.27242352e+00
   1.52552997e+01   1.75272023e+01   1.04625463e+01   2.56073692e+00
   8.86319933e+00   1.55600865e+01   9.95095077e+00   1.38606893e+01
   1.98305071e+01   1.81445238e+01   1.18574480e+01   1.53247492e+01
   1.84174814e+01   1.52789922e+01   8.97646834e+00   1.17029825e+00
  -1.52870647e+00   2.85587307e-01   3.59726057e+00   4.36595002e+00
   2.91954844e+00   2.49963972e+00   7.31154153e+00   2.98370613e+00
   2.26165645e+00   5.69833852e+00   1.07467408e+01   6.07098299e+00
   2.61091822e+00   4.43298267e+00   9.24914174e+00   5.08713177e+00
   5.51831617e+00   4.28089122e+00   3.75367290e+00   8.51417504e+00
   7.28217633e+00   3.13355159e+00   9.23904971e-02  -2.66611296e+00
   4.51440408e-01  -9.53199450e-01   1.42247040e+00  -5.76330821e-01
  -9.50950948e+00  -7.16111346e+00  -4.02318969e+00  -2.30923890e+00
  -5.90149969e+00  -1.63148544e+00   2.57736004e+00   3.23836101e+00
   5.90774639e+00   4.08385220e+00  -5.81790138e-01  -2.64803258e+00
  -9.06670315e+00  -1.95436695e+01  -1.61844585e+01  -1.04681171e+01
  -3.64815488e+00  -4.99412853e+00  -6.20454127e+00  -4.56601318e+00
  -1.90419643e-01   3.73354280e+00  -9.86251430e-01   6.80476749e-01
   2.44613311e+00   4.26698069e+00   1.71854490e-01  -5.37651215e+00
  -2.10486183e+00   9.69213527e+00   1.04005881e+01   6.11095436e+00
  -2.96410634e-01  -1.20716921e+00   5.89976586e+00   8.20396449e+00
   7.92399418e+00   9.48072390e+00   9.56152708e+00   2.07726336e+00
   2.45321814e+00   7.99726581e+00   8.23947320e+00   1.30673059e+01
   1.18465430e+01   3.25003983e+00  -1.18202934e-02  -6.85132073e+00
  -3.93301551e+00  -8.57171398e+00  -1.03583415e+01  -6.68502484e+00
  -1.91589044e+00   1.38048137e+00   2.51317608e+00   6.27926556e+00
   9.75305224e+00   6.51129579e+00   3.38872730e+00   6.69880802e+00
   4.27603628e+00   4.15796775e+00   3.66607583e+00  -1.09471709e+00
  -2.83687185e+00  -1.36824127e+00  -4.28920702e+00  -7.43745085e+00
  -7.16131345e+00  -3.54842092e+00   1.24960100e+00   1.92485439e+00
   4.72647775e-01  -1.36813746e+00  -2.79218983e+00   7.17275438e-01
  -3.26458619e+00  -7.44411632e-01   3.23909018e+00   4.75448303e+00
   4.65903931e+00   1.69232155e+00   4.36774786e+00   2.88820175e+00
   2.18174164e+00   3.37700444e+00   4.11200912e+00  -2.00493438e+00
  -8.83570181e+00  -1.18036219e+01  -9.99263941e+00  -6.02915528e+00
  -4.81484223e+00  -2.35001658e+00   5.29368545e-01  -1.64306978e-01
   1.19102055e+00   8.86626239e-01   5.51082471e-01   2.58485707e+00
  -1.50220445e+00  -2.71574700e+00   7.58420057e+00   9.79722344e+00
   1.55673530e+01   1.63263506e+01   1.14918962e+01   9.43432959e+00
   9.77054219e+00   1.01085185e+01   1.33287667e+01   1.73925077e+01
   1.27619029e+01   1.39097677e+01   1.98955567e+01   1.94785643e+01
   1.63233115e+01   1.75701095e+01   2.54856158e+01   2.50651161e+01
   2.22134412e+01   1.89705545e+01   2.08450813e+01   1.91179110e+01
   1.68961847e+01   1.22861791e+01   2.28671809e+01   2.54212103e+01
   1.52833956e+01   1.21655136e+01   1.15894284e+01   6.19282742e+00
   3.46251779e+00   3.29853266e+00   5.99750164e+00  -1.47821766e+00
  -5.50876930e+00  -2.57093775e+00   2.83055602e+00  -2.30472604e+00
  -5.44138392e-01  -3.02592014e+00  -5.56342547e+00  -1.19794791e+01
  -1.58313498e+01  -1.06484959e+01  -8.95213078e+00  -6.22454204e+00
  -1.45720754e+00  -2.65933120e+00  -8.66814835e+00  -7.39303040e+00
  -1.02815821e+00   1.07697650e+00  -5.42243510e-01   3.99328195e+00
   8.86861168e+00   3.40359514e+00   3.63718772e+00   6.85638586e+00
  -4.53439125e+00  -3.90106037e+00   8.44747014e+00   3.64895782e+00
  -4.05434325e+00  -4.95264404e+00  -2.41426673e+00  -1.30941789e+00
  -5.45185608e+00  -3.63130016e+00  -2.20792863e+00  -1.09934892e+01
  -1.13399868e+01  -1.05483350e+01  -1.91255454e+01  -2.32975879e+01
  -2.58188832e+01  -3.08580861e+01  -2.99166348e+01  -2.68749885e+01
  -3.36976760e+01  -3.59980997e+01  -2.97891555e+01  -1.83873289e+01
  -1.58480695e+01  -1.66868724e+01  -1.81800136e+01  -1.53756648e+01
  -1.35061280e+01  -1.10126376e+01  -1.56622265e+01  -1.60666459e+01
  -1.64069638e+01  -1.32408585e+01  -1.46347021e+01  -1.26851313e+01
   5.77122017e-01   7.24210910e+00   4.95589053e+00   6.52285089e+00
   1.17571126e+01   9.23809817e+00   5.92190740e+00   8.58936615e+00
   7.86002337e+00   1.44233961e+01   1.84557565e+01   1.54647822e+01
   1.53729079e+01],[  1.43884904e-13   1.43884904e-13   1.74826364e-02   1.03883512e+01
   1.08958125e+01   7.47903104e+00   6.01873986e+00   7.04503491e+00
   1.19795404e+01   1.42992771e+01   1.05665794e+01   2.95874634e+00
  -3.26777275e+00   1.56204550e+00   2.00549826e+00   4.37214504e+00
   4.57239111e+00   6.97727917e+00   5.11126290e+00   7.67105969e+00
   9.35874020e+00   5.56077644e+00   5.04304491e+00   2.34732278e+00
   1.36783509e+00   3.81753055e+00   7.60521704e+00   6.07062025e+00
   7.39067159e-01   2.61320860e+00   7.17851688e+00   9.40222239e-02
  -3.73758900e+00  -4.04108041e+00  -1.43280016e+00   1.78185670e+00
  -1.58926533e+00  -8.85281602e+00  -4.33839512e+00  -1.10913138e+00
  -3.78651688e-01  -1.15252088e+00  -9.27549759e+00  -6.25084817e+00
  -2.57766508e+00   1.21782539e+00  -2.24169319e-01  -4.03000133e+00
  -2.75750364e+00   6.77323118e+00   1.00816874e+01   6.15384502e+00
  -1.26226796e+01  -1.84852193e+01  -1.87202227e+01  -2.36750810e+01
  -2.62096742e+01  -1.74433036e+01  -2.14205040e+01  -2.17498097e+01
  -1.88695840e+01  -1.39560118e+01  -9.19536247e+00  -8.92494542e+00
  -9.76832621e+00  -9.09228854e+00  -7.88933307e+00  -2.55491214e+00
   3.60218026e+00   2.58037202e+00   2.86813655e+00  -8.78616798e-01
  -5.65045420e-01   2.59101415e+00  -2.63143395e+00  -4.75140443e+00
  -1.42035252e+01  -1.70908906e+01  -1.94351638e+01  -1.69229623e+01
  -8.61267974e+00   7.60218860e+00   5.23425470e+00  -3.63115003e+00
  -3.54632075e+00  -8.20688864e-01   2.47380263e+00   7.37457989e+00
   1.09427638e+01   1.11474880e+01   7.73580519e+00  -6.78167073e-01
  -6.53892574e+00  -1.46176862e+00   7.44092994e+00   1.01751485e+01
   6.27061117e+00   4.29330725e+00   1.22880318e+01   5.57895275e+00
   2.73844981e+00   2.17726924e+00  -4.57441227e+00  -5.13500393e+00
   4.29395412e-01   2.85384910e+00  -3.94879677e-01  -2.94581109e+00
  -6.44845731e+00  -6.78629394e+00  -2.50072476e+00   1.96086792e+00
  -1.63236561e+00  -5.30316673e+00  -2.10645152e+00   3.99349974e+00
   5.46403714e+00   2.12013716e+00  -1.87393379e+00  -4.25721680e+00
  -5.16354617e+00  -4.83447789e+00  -1.80973335e+00  -2.52178090e+00
  -2.48738503e+00  -1.58832176e+00  -6.15600046e+00  -3.22510844e+00
  -5.96886213e+00  -9.13917790e+00  -1.10156377e+01  -1.04650902e+01
  -6.63138058e+00  -7.59065205e+00  -6.48185088e+00  -4.48734247e+00
  -5.06807567e+00  -5.24214245e+00  -2.23520463e-02  -4.17362169e+00
  -1.48402958e+01  -1.39433041e+01  -8.79395250e+00  -6.27627367e+00
  -4.90293012e+00  -1.16510252e+00  -4.87031074e+00  -6.81553111e+00
  -1.19795003e+00   7.04549770e-01   2.91349504e+00  -1.52788144e+00
  -5.38507799e+00  -9.95665541e+00  -6.84438892e+00  -9.55290302e-01
   1.40199003e-01  -2.63503865e+00  -9.55915762e+00  -1.38609455e+01
  -1.21091996e+01  -5.34188672e+00  -4.25621876e+00  -3.30023611e+00
  -5.35134729e+00  -6.17078835e+00  -4.50437245e-01  -1.57576885e+00
  -1.03221929e+01  -8.10400988e+00   2.13682154e+00   9.78501741e-01
  -1.66401802e+00  -2.95922758e+00   2.75480292e+00   4.21286184e+00
   2.35695901e+00   3.82114982e+00   1.04853941e+01   1.34044332e+01
   8.36585265e+00   2.44616931e+00   3.77339863e+00   8.23056879e-01
   1.18211475e+00   7.70301444e+00   3.94132390e+00  -9.68055571e+00
  -9.89504350e+00  -1.64099270e+01  -1.32446555e+01  -1.52543043e+01
  -1.86564551e+01  -1.61936947e+01  -1.20723189e+01  -1.22840438e+01
  -1.09883784e+01  -7.81726466e+00  -5.64463539e+00  -9.15220217e-01
  -5.67100090e+00  -9.52326164e+00  -7.71909957e+00  -6.21109295e+00
  -2.51166958e+00   1.43152618e+00   3.50739983e+00   5.38887333e+00
   8.91102937e+00   5.55792519e-01  -6.83203607e+00  -8.28916608e+00
  -9.58946588e+00  -1.84275058e+00   5.98076130e+00   4.06742026e-01
  -8.25681509e-01   1.07908957e+00   6.20104292e-01   2.51080707e+00
  -4.57060520e+00  -6.14281792e+00  -6.44294652e+00  -1.19052054e+01
  -1.46879576e+01  -1.40164863e+01  -1.89398011e+01  -1.41277134e+01
  -1.22492334e+01  -8.75277961e+00  -6.57485978e+00  -6.26548571e+00
  -9.90980319e+00  -1.30313274e+01  -1.68393315e+01  -1.25674974e+01
  -1.56992783e+01  -1.92447480e+01  -1.80750109e+01  -1.34353849e+01
  -1.13166559e+01  -7.87116459e+00  -9.54743323e+00  -1.18306149e+01
  -5.91193256e+00  -5.20604730e+00  -1.08089752e+01  -8.24370391e+00
  -8.25354243e-01   2.64291372e+00   1.11162869e+00   1.97289808e+00
   7.31820489e+00   6.26535533e+00  -6.76479009e-01  -2.56015198e+00
  -3.29402691e+00  -1.32727592e-01   1.58904268e+00   2.82683858e+00
   6.12748001e+00],[ -7.81597009e-14  -7.81597009e-14   5.45833621e-03   4.38024553e+00
   5.29054795e+00   1.92601297e+00   3.06188784e+00   3.04329419e+00
   1.28624948e+00   4.10003211e+00   3.10607383e+00   4.38315793e+00
   1.40039522e+00  -2.11363547e-01  -1.83058962e+00  -1.91663620e+00
  -2.08680617e+00   2.02991057e+00  -5.13857660e+00  -4.67734487e+00
   3.89876486e+00   3.37499306e+00   4.56338488e+00   5.07484501e+00
   2.20232225e+00   4.29676709e+00   2.07902752e+00   5.59596847e+00
   8.69315796e-01   6.73484764e+00   4.48417141e+00   2.24628036e-01
   1.02596717e+00   3.66768289e+00   8.51611301e+00   9.70841762e+00
   3.26542993e+00  -5.08751297e+00  -7.50418777e+00  -6.78408497e+00
  -1.17316864e+00   6.79887648e+00   6.55703016e+00   1.09627761e+01
   1.03237948e+01   1.39586877e+01   1.27058768e+01   6.79771784e+00
   6.62869928e+00   1.18254229e+01   1.25364754e+01   6.90270190e+00
  -6.56044391e+00  -8.10196150e+00  -1.14994741e+01  -1.74828032e+01
  -2.08371946e+01  -2.71118701e+01  -3.28176206e+01  -3.08706345e+01
  -2.48516204e+01  -1.87010954e+01  -1.47680520e+01  -1.12690243e+01
  -1.64289206e+01  -1.77702073e+01  -2.16179154e+01  -2.60935535e+01
  -2.18777845e+01  -1.61454883e+01  -1.11115628e+01  -1.31495701e+01
  -1.42170906e+01  -1.40683315e+01  -1.13599590e+01  -4.34370329e+00
  -3.51368602e+00  -5.64838003e+00  -7.21861861e+00  -2.39217434e+00
  -1.46033249e+00   6.04002137e-01  -4.55934769e+00  -8.08882386e+00
  -8.79859087e+00  -1.52822243e+01  -1.70004615e+01  -1.28817966e+01
  -1.07008874e+01  -1.42726889e+01  -1.17371107e+01  -4.99726040e+00
  -1.82902729e+00  -3.78655256e+00  -7.71013216e+00  -1.38158368e+01
  -1.59181140e+01  -1.50281979e+01  -1.06421495e+01  -7.47096481e+00
  -1.13794230e+01  -8.84338138e+00  -9.89783200e+00  -8.19397638e+00
  -5.20381778e+00   3.03435825e-01  -2.01782509e+00  -3.95620613e+00
  -3.78101350e+00  -3.02369154e+00  -4.49372780e+00  -7.29974785e+00
  -2.29717826e+00  -4.01442072e+00   1.09346630e+00   3.69308249e+00
   1.34125762e+00  -3.53619700e+00  -5.14033023e+00  -4.50973548e+00
  -4.54406571e-01  -1.50164537e+00  -2.70523911e+00  -2.93304358e+00
  -3.02368044e+00  -2.27078947e+00   3.14511921e+00   2.65704945e+00
  -9.28425620e-01  -5.03159293e+00  -8.62650322e+00  -9.12086066e+00
  -6.70498953e+00  -6.87508355e+00  -6.17837012e+00  -3.71394439e+00
  -6.68692715e+00  -1.24178716e+01  -1.20765088e+01  -1.51807006e+01
  -2.04628937e+01  -1.93222904e+01  -1.28412888e+01  -1.18462279e+01
  -8.44660731e+00  -5.57811584e+00  -1.49006818e+01  -1.72498633e+01
  -1.09789546e+01  -7.46868013e+00  -2.60213125e+00  -3.01632622e+00
  -2.03115283e+00  -5.47846354e+00  -1.19792640e+01  -5.75955577e+00
  -1.08959838e+01  -1.53378318e+01  -1.66664183e+01  -2.09831881e+01
  -1.53075462e+01  -4.56666160e+00  -3.63403067e+00  -3.96630527e+00
  -1.05661929e+01  -1.16500509e+01  -6.94650444e+00  -8.32848623e+00
  -1.30765525e+01  -1.15897812e+01  -7.48180121e+00  -1.06799097e+01
  -6.79799110e+00  -5.52901335e+00  -4.47698320e+00  -5.66182556e+00
  -1.34578292e+01  -8.26547898e+00  -1.03751772e+00  -2.53132670e-01
  -9.89383961e-01  -1.64360751e+00  -2.58942380e+00  -2.94334361e+00
  -1.66332408e+00   6.70249175e+00   3.56830719e+00  -1.00939870e+01
  -1.25205529e+01  -1.71761443e+01  -1.40706687e+01  -1.51600592e+01
  -1.62153346e+01  -1.55452551e+01  -1.46715486e+01  -1.31988742e+01
  -8.45797760e+00  -1.00039880e+01  -1.42262098e+01  -1.31091618e+01
  -1.61482487e+01  -1.71202397e+01  -1.70676271e+01  -1.51903463e+01
  -1.24818126e+01  -4.10227517e+00   9.75882175e-01   2.36500946e+00
   5.40426747e+00   2.87813227e+00   5.40129777e-01  -9.79611882e-01
   8.71578986e+00   8.68372829e+00  -1.45578451e+00  -6.26714177e+00
  -8.84551669e+00  -2.09387040e+00  -5.38855432e+00  -4.66816785e+00
  -6.08530440e+00  -7.06159123e+00  -7.56397947e+00  -1.09851828e+01
  -1.81522281e+01  -2.08619529e+01  -2.59753177e+01  -1.96853471e+01
  -1.55631775e+01  -7.05929710e+00  -7.16666323e+00  -6.36010536e+00
  -7.16841007e+00  -8.24423868e+00  -1.48477618e+01  -1.86986287e+01
  -1.96612971e+01  -1.72186723e+01  -1.18912152e+01  -7.89741554e+00
  -3.92055453e+00  -4.77012732e+00  -4.01144942e+00  -4.75835308e+00
  -7.19921410e-01  -1.46673392e+00  -2.55314201e+00  -3.20978686e-01
   1.90696031e+00   1.51635434e+00  -1.65533403e+00   2.09816050e+00
   6.85688665e+00   6.05599225e+00   3.52732984e+00   3.73528449e+00
   1.85053702e+00  -2.85653164e+00  -4.64870919e+00  -3.95513499e+00
  -4.86370624e+00],[ -7.46069873e-14  -7.46069873e-14  -7.79256547e-03  -5.62401843e+00
  -2.48102868e+00   2.34635067e+00   1.65641054e+00   7.51048124e-01
  -2.96838559e+00   5.44754131e-01  -2.19312266e+00  -3.25047590e+00
  -4.45890377e+00  -2.47454478e+00  -1.50686178e+00  -2.37135993e-01
   4.14428668e+00   5.05885243e+00  -2.61228806e+00  -4.72342184e+00
   2.19199940e+00  -8.27993589e-01   4.10986272e+00   1.29748628e+00
  -4.24458905e+00  -3.99637462e+00  -8.11138616e+00   1.35942778e+00
   2.23829597e-01   7.56806096e+00   2.26736037e+00   5.97929706e-01
   1.52939190e+00   1.36647503e+01   2.21894687e+01   1.47060933e+01
   9.42420931e+00   7.95314249e+00   2.19145015e+00  -3.85794907e+00
  -1.10462877e+00  -1.34161749e+00   1.79061428e+00   7.24835720e+00
   3.80039823e+00   1.28036245e-01  -4.52176235e-01  -3.31385503e+00
  -1.34699071e+00   7.88255836e-01   1.88251317e-01  -2.78087803e+00
  -9.44542428e+00  -9.66839414e+00  -6.48547505e+00  -4.64530335e+00
  -2.80524862e+00  -7.52154456e+00  -4.68321604e+00  -1.56013324e+00
   4.97175174e+00   4.67339527e+00  -4.54949591e+00  -7.54196320e+00
  -1.22558689e+01  -7.51564073e+00  -3.74729892e+00  -9.57463725e-01
   5.35424502e+00   1.24550298e+01   1.76358677e+01   1.75982093e+01
   9.98843257e+00   6.11088750e+00   6.82547446e+00   1.62821488e+00
   2.20486441e+00   4.55845615e+00   3.14954538e+00   6.45177975e+00
   7.57748384e+00   7.88167467e+00   8.45504043e+00   1.38104398e+01
   1.22458099e+01   6.16002241e+00   2.18101259e+00   2.50754568e+00
   2.61050764e+00   7.78111110e-01   2.51773910e+00   7.98803136e+00
   1.70230890e+01   1.03487484e+01  -4.75409415e-01  -3.57094679e+00
   2.11216877e-01  -3.59566692e+00  -1.30654518e+01  -1.40011701e+01
  -2.25603620e+01  -1.55561840e+01  -2.52480718e+00   6.46703383e-01
   3.37846579e-01   6.93782672e+00   5.74556197e+00   6.22551610e+00
   8.97872284e+00   5.44463941e+00  -1.75501756e+00  -1.14593247e+01
  -4.30165231e+00  -3.07767165e+00  -1.69449933e+00   2.79993056e-01
  -8.86369394e-02  -4.56128542e-01   4.21198129e+00   5.57865479e+00
   6.61226317e+00   7.69228685e+00   2.18340399e+00  -8.54174659e-01
   1.34893689e+00   5.04151698e-01   9.37033444e+00   1.48701878e+01
   1.00249531e+01   5.23205056e+00   3.38079319e+00  -1.72331831e+00
  -3.07096895e+00  -3.16778964e+00  -6.91684942e+00  -5.84466541e+00
  -4.71153654e+00  -9.13459329e+00  -1.37412307e+01  -1.48982472e+01
  -1.55628228e+01  -1.62254350e+01  -1.18190662e+01  -1.50261656e+01
  -1.22313535e+01  -1.14964827e+01  -1.65675614e+01  -1.44730318e+01
  -1.42039113e+01  -1.29264409e+01  -5.54698099e+00  -1.38183711e-01
   8.45456723e-01   2.73275103e+00  -3.26363099e+00  -3.20180685e-01
  -4.96243029e+00  -1.03027390e+01  -4.34534151e+00  -2.40709312e+00
  -1.19292954e+00   1.04216383e-01   4.16470582e-01   1.56030900e-01
  -6.52995421e+00  -3.58149811e+00   1.31940651e+00   1.86150891e+00
   2.65478415e+00   2.75394781e+00   3.77474385e+00   3.35002950e+00
   4.63666983e+00   1.69198080e+00  -1.67830885e-02  -4.00663513e+00
  -9.31429899e+00  -3.57667593e+00  -2.72266721e+00  -3.91524389e+00
  -2.46229427e+00  -2.49630311e-01  -3.89726942e+00  -2.73849957e+00
  -3.86807684e+00  -2.93303256e+00   2.73839575e+00  -1.97606745e+00
  -9.47637523e+00  -1.87763889e+00   3.30844107e+00   2.03426241e+00
  -1.62311905e+00  -6.49542468e+00  -5.65722207e+00  -7.03277365e+00
  -1.51494760e+01  -1.79009483e+01  -1.82802239e+01  -1.13470120e+01
  -7.92513576e+00  -3.92080155e+00  -6.99655903e-01   6.45112101e+00
   8.04460524e+00   1.24671241e+01   1.61214267e+01   1.37470631e+01
   7.52694643e+00   8.57693085e+00   4.99273924e+00   3.40157175e+00
   4.08543035e+00  -3.24953331e+00  -7.80351172e+00  -5.75977872e+00
  -5.64487792e+00  -2.83678381e-01  -1.77866651e+00   1.11255594e+00
   6.11567603e+00   6.17648341e+00   6.49361593e+00   1.06759966e+00
  -6.92461646e+00  -1.17392778e+01  -1.87714611e+01  -2.15274408e+01
  -2.26676492e+01  -1.87245444e+01  -2.13935681e+01  -2.10428484e+01
  -2.37243181e+01  -2.00210654e+01  -2.46954596e+01  -2.79328136e+01
  -2.51147723e+01  -2.11899507e+01  -1.49747230e+01  -1.44957449e+01
  -1.13780894e+01  -1.10772518e+01  -1.10474957e+01  -9.58259323e+00
  -3.99851441e+00  -9.16717747e+00  -8.44803184e+00  -5.33579704e+00
  -5.84294577e+00  -1.04644660e+01  -1.34092423e+01  -8.73062862e+00
  -2.56327371e+00   6.15805415e-01  -7.03310288e-01   8.68178743e-01
  -1.92792530e+00  -6.12537143e+00  -6.71627130e+00  -6.22511129e+00
  -3.69446470e+00],[  7.10542736e-15   7.10542736e-15  -1.92923159e-02  -6.02380949e+00
  -3.15053333e+00   4.56813234e+00   4.97026150e+00   7.00528772e-01
  -4.86062183e+00   1.92320459e+00   2.69627865e+00  -2.89798055e+00
  -5.92567593e+00   4.66350355e-01   4.05471149e+00   1.41925942e+00
   2.14522115e+00   1.49964530e+00   2.50554326e+00   5.71392685e-01
   1.43400235e+00   1.80481322e+00   1.06472883e+01   7.92941302e+00
   7.20251194e+00   1.11583547e+01   7.54553076e+00   3.26550465e+00
   1.75598141e+00   3.08079842e+00   1.40450627e+00   8.04318211e-01
   2.92686203e-01   1.08606800e+01   9.86332910e+00  -1.93668812e-02
  -3.89182604e+00  -5.07422821e+00  -8.75379060e+00  -8.65045957e+00
  -7.69996886e-01  -2.63235806e+00   2.77418626e-02   4.17817540e+00
   5.81785351e+00   3.58531638e+00   1.18538960e+00   2.80508836e+00
  -3.57473392e-01   4.87871771e-01  -8.19238471e+00  -1.48268890e+01
  -1.48992642e+01  -1.43178562e+01  -1.13119016e+01  -1.05726765e+01
  -1.86367067e+01  -2.10188574e+01  -1.62628899e+01  -1.80140288e+01
  -1.77661529e+01  -1.74674998e+01  -2.30127452e+01  -2.19765707e+01
  -1.33561641e+01  -1.87910496e+01  -1.77473396e+01  -1.21374578e+01
  -1.23576033e+01  -1.37015347e+01  -1.33901918e+01  -9.95732750e+00
  -7.84728306e+00  -6.26205524e+00  -5.45627167e+00  -9.83978138e+00
  -6.44245818e+00  -3.94439850e+00  -4.48949644e+00  -5.89634023e+00
   1.09323972e-01   3.86048935e+00   8.41642526e+00   8.08982478e+00
   2.09773749e+00  -2.77361500e+00  -5.59192008e+00  -8.88991425e+00
  -8.92356554e+00  -5.39409930e+00  -3.80930295e+00  -3.67106646e+00
  -8.41677632e+00  -1.14879334e+01  -1.26755885e+01  -1.23580004e+01
  -4.62950963e+00  -4.74473109e+00  -1.02919922e+01  -7.62717012e+00
  -5.32264960e+00  -6.10659538e+00  -4.14014502e-01  -3.78972246e+00
  -1.11053395e+01  -1.11167695e+01  -1.34152245e+01  -1.02824481e+01
  -6.11111898e+00  -3.93834040e+00   2.69210342e+00  -2.76681995e+00
   6.80360588e-01   5.97312633e+00   1.16655061e+00   2.85277400e+00
   6.29953519e+00   6.45013235e+00   1.09419444e+01   1.27924561e+01
   9.71079058e+00   9.75326759e+00   4.34684170e+00   1.45818709e+00
   3.81828513e+00   3.70114929e+00   8.94248230e-01   3.57246230e+00
   1.35356831e-01  -3.34610866e+00  -2.19840834e+00  -2.64563611e+00
  -1.82879235e+00  -1.63449921e+00  -6.63209203e+00  -3.73974057e+00
   9.34829444e-01  -5.66264060e-01  -5.87262200e+00  -6.94903964e+00
  -6.83288473e+00  -6.22964062e+00  -3.84835738e-01  -6.64063626e+00
  -8.02768087e+00  -1.17495036e+01  -9.86828121e+00  -1.82337967e+00
  -4.12755204e+00  -5.54313896e+00  -5.37275879e-01   1.81985437e+00
   2.36996392e+00   5.80053864e+00   3.24928635e+00   1.85941742e+00
  -1.51640735e+00  -7.38820989e+00  -6.93637888e-01   6.11916107e-01
   1.64198397e+00   8.26515158e-01   1.90040166e+00   2.89319813e+00
  -9.02325725e-01  -2.66784736e-02   2.22703883e+00   4.26842491e+00
   7.48484806e+00   5.91539522e+00   9.67362955e+00   1.16845541e+01
   6.60022508e+00   3.83622248e+00   5.84332194e+00   2.20267646e+00
   3.51514352e+00   6.42802502e+00   2.67840136e+00   2.83665132e+00
   3.07240597e+00  -1.60633277e-01  -2.31562101e+00  -2.46798588e-01
  -1.54515368e+00  -6.91115996e+00   1.02730549e+00   4.20770140e+00
   1.87761061e+00   5.84784879e+00   3.99914464e+00   5.46347736e+00
  -3.25913559e+00  -4.87694689e+00  -2.59608250e+00  -3.70246859e-01
  -6.01127562e+00  -8.07571492e+00  -1.04100729e+01  -3.62751919e+00
  -2.07758476e+00  -6.57099326e+00  -6.16358142e+00   3.44266255e+00
   1.10122139e+01   1.23963406e+01   1.43598338e+01   9.88231611e+00
   8.39128690e+00   1.68849701e+01   1.52984009e+01   1.54183980e+01
   1.39939823e+01   1.38176726e+01   5.96116498e+00   4.83550146e+00
   9.61460771e+00   8.36892116e+00   7.41742654e-01   2.77221738e+00
   1.07265814e-01  -4.60325321e+00  -5.09297583e+00  -7.87370625e+00
  -8.69810379e+00  -7.56648943e+00  -3.47474336e+00  -2.63436949e+00
  -3.77953070e+00  -2.24244702e+00  -3.16473621e+00  -4.41855730e+00
  -7.00749335e+00  -4.29570620e+00  -8.44742988e+00  -1.08260070e+01
  -1.56217186e+01  -2.03652145e+01  -1.32473103e+01  -1.45444647e+01
  -1.74168380e+01  -1.16456375e+01  -1.19935116e+01  -1.35277274e+01
  -7.83309545e+00  -1.10735292e+01  -9.21566745e+00  -8.04552204e+00
  -7.44849553e+00  -1.00797158e+01  -5.50205850e+00   2.49820541e+00
   6.64234068e+00   7.35198070e+00   4.41750317e+00   6.69320955e+00
   1.01134376e+00  -3.03754522e+00  -1.26019996e+00   3.50732721e+00
   1.02719033e+01],[  4.44089210e-14   4.44089210e-14  -2.64566825e-02  -4.38097638e-02
   2.12779409e+00   7.05449353e+00   1.32008373e+01   1.18222936e+01
   4.90069565e+00   1.12783469e+01   1.49423699e+01   1.08433492e+01
   8.74286364e+00   1.18291671e+01   1.58723458e+01   1.61866903e+01
   1.14977860e+01   1.02902980e+01   1.01620062e+01   9.19845914e+00
   1.23062941e+01   1.39792073e+01   1.09773395e+01   9.07922485e+00
   6.86315965e+00   1.27079981e+01   1.46410766e+01   7.80979697e+00
   6.00379216e+00   6.26379950e-01   2.21488173e+00   3.80027252e+00
   3.32853535e+00   7.72265142e+00   1.14689803e+01   1.25212253e+01
   6.66328659e+00   1.30358110e+00   1.74498383e-01  -3.25661609e+00
  -3.47499397e+00  -2.16141396e+00  -7.00844451e+00  -6.33580069e+00
   3.06145304e-01   5.51430238e+00   8.56630107e+00   1.31830924e+01
   1.22838672e+01   1.47112544e+01   9.25047026e+00  -4.22250663e+00
  -7.47909389e+00  -7.99982343e+00  -3.30464226e+00   2.99252596e+00
   3.00079599e+00   6.48063277e+00   1.62241442e+01   1.57898256e+01
   9.86352114e+00   1.02310735e+01   8.43181633e+00   5.34808844e+00
   1.38802180e+00  -6.61632211e+00  -5.08607421e+00  -4.61063890e+00
  -9.38644202e+00  -7.40551038e+00  -3.91351566e+00  -2.33566873e+00
   3.26143309e+00   4.92911392e-01  -2.90871891e+00  -7.21796369e-01
   1.41282171e+00   1.13723255e+00   6.35810054e-01  -6.71919631e+00
  -3.62173624e+00  -5.15262976e+00  -3.23687997e+00   1.89668366e+00
   1.24290704e+00  -2.74814618e+00  -6.42201883e+00  -3.36028399e+00
  -5.23102527e-02   5.10883497e+00   3.96213340e+00   4.68197275e+00
   6.00009671e+00   9.25965583e+00   1.15249690e+01   8.21631897e+00
   1.37588702e+01   1.37365260e+01   3.75856163e+00   6.90546476e+00
   9.06484231e+00   6.47620869e+00   7.42689394e+00   3.52635050e+00
  -1.03631938e+00  -5.86630373e-01  -8.34667819e-01   1.60361569e+00
   2.08764411e-01  -2.53025842e+00  -2.63769558e+00  -4.79666571e+00
   2.49863524e+00   1.61363550e+01   1.17168240e+01   9.56781994e+00
   1.18776753e+01   9.47254974e+00   6.47596619e+00   7.17506403e+00
   4.78195803e+00  -7.79744258e-01  -3.34617172e+00   1.45725649e+00
  -1.93633497e-01   2.98373273e+00  -8.70769627e-01  -1.76653153e+00
  -4.40917268e+00  -2.27482436e+00   7.77090460e-01   3.51627671e+00
   6.20391360e+00   6.40891521e+00   5.37263609e+00   7.95494956e+00
   7.27983102e+00   5.13662999e+00   2.61190148e+00   1.79065496e+00
   5.04919557e+00   5.87932058e+00   1.20487020e+01   7.35276320e+00
   2.88722473e+00  -2.09079984e+00   2.31760958e+00   1.03086471e+01
   8.61155257e+00   6.67761914e+00   7.47661187e+00   7.48357483e-01
   1.65448206e+00   4.92334602e+00   5.80449158e+00   4.58954699e+00
   5.70834454e+00   4.32174588e+00   1.18276588e+01   1.14892885e+01
   1.78193045e+01   1.79521252e+01   1.80397597e+01   1.82248516e+01
   1.19855964e+01   6.52589668e+00   4.49104501e+00   8.58940529e+00
   1.09818388e+01   9.31711362e+00   1.37696007e+01   1.25102155e+01
   7.22713620e+00   7.68199234e+00   7.35242921e+00   6.45622059e+00
   8.86795015e+00   1.15588195e+01   9.49818040e+00   1.08092295e+01
   8.44228166e+00   1.30197165e+00   1.77210961e+00   2.91911926e+00
   1.88121860e+00  -1.86757906e+00   1.89653384e+00   1.27151131e+01
   1.73737391e+01   1.47523628e+01   6.55675113e+00   1.00443037e+01
   8.48489659e+00   7.98243219e+00   6.73306778e+00   6.04281487e+00
   5.00531586e+00   4.71261402e+00   3.28284309e-01   3.10049251e+00
   1.99002407e+00   5.03350193e-01   3.19321250e+00   2.98506899e+00
   1.89765513e+00   1.45037420e+00   3.65594602e+00   8.43640923e+00
   1.25180503e+01   1.26105945e+01   1.01267835e+01   1.02289047e+01
   1.08288161e+01   8.66919869e+00  -1.94624809e+00  -3.32142747e+00
   4.91645057e+00   7.47339845e+00  -1.69488788e+00   1.21894228e+00
  -1.99022253e+00  -6.84336892e+00  -4.18489112e+00  -1.51578669e+00
  -3.89371228e-01   6.93116546e-01   2.73383798e+00   5.29250017e+00
   6.71862761e+00   1.12679861e+01   1.21527295e+01   1.03800919e+01
   7.62090971e+00   4.80955449e+00   3.47812271e+00   1.02332449e+00
  -4.86396876e+00  -8.07786638e+00  -3.11673031e+00  -1.76974606e+00
  -7.09488615e+00  -4.10339831e+00  -4.49822042e+00  -3.37495966e+00
  -1.48083191e+00  -4.47357646e+00  -2.28024758e+00  -2.93516708e+00
  -2.74422807e+00  -7.50638432e-01   7.93634808e+00   9.36563778e+00
   7.93305925e+00   2.87802186e+00   1.55952663e+00   7.04578694e+00
   2.49597760e+00  -5.04153521e+00  -4.80419189e+00   9.48877158e-01
   5.52155855e+00]