[-688.0319425  -688.0319425  -688.0319425  -652.15710975 -576.44486155
 -549.7446773  -552.94825116 -555.96652247 -559.72736551 -565.13198021
 -564.14625266 -569.98402688 -576.93130382 -581.68907715 -588.41778687
 -584.55344021 -580.54897353 -586.03056531 -585.11054239 -583.41031882
 -588.95050813 -586.35091772 -580.05399972 -578.36780211 -580.60341442
 -594.43814071 -593.82986563 -596.06995986 -604.39479639 -608.48640589
 -610.87072581 -618.82176753 -620.71158742 -616.64692628 -617.28219846
 -623.86886148 -619.72167076 -617.78479087 -616.42799496 -618.72754267
 -617.72959496 -614.53310977 -605.7300753  -599.06243134 -603.39481078
 -608.65741204 -611.70097378 -611.02570026 -611.05522026 -610.63182247
 -613.40384234 -602.64863754 -542.96225121 -497.89770676 -483.47663797
 -473.79043006 -468.44921247 -466.18768589 -464.78839386 -433.09768122
 -377.82690962 -363.15937911 -356.88084675 -357.94821724 -366.0623935
 -374.29110097 -390.28169459 -400.84276286 -404.96920279 -404.82931031
 -400.32262284 -397.7921917  -398.69640058 -403.49281877 -396.46518586
 -382.88196968 -394.75064342 -405.98652708 -410.35371636 -418.6042204
 -429.24533598 -437.08894341 -455.63332556 -473.96866186 -479.65443522
 -430.49434508 -403.89367666 -429.82139099 -458.55996544 -473.79963183
 -487.21893158 -502.45671372 -485.39201623 -465.11777378 -459.64722808
 -459.30532958 -454.68463041 -447.51926486 -448.46248403 -449.11633846
 -460.53369141 -459.77811073 -463.04970948 -473.16827956 -492.73021563
 -510.66324511 -518.06463913 -527.17583535 -520.01707086 -500.15437113
 -481.87479676 -474.43892014 -471.08830284 -472.44458103 -486.49459194
 -494.84609336 -496.57135197 -504.48570711 -516.21013429 -524.85372914
 -532.62490577 -534.89713496 -538.75179237 -554.03355062 -572.24474569
 -581.02530648 -582.06399435 -585.47062047 -593.3243471  -593.03692288
 -597.16501918 -601.37309013 -606.00022569 -603.18601071 -607.21111204
 -609.19390124 -609.31017719 -611.94819897 -614.65429811 -617.47058762
 -623.50391924 -621.29611513 -619.17684993 -621.55671855 -622.20088978
 -620.70742184 -604.23522399 -565.43974416 -544.17610324 -531.72434285
 -514.1343115  -498.7096438  -483.37728191 -473.80700208 -459.92733953
 -450.59874235 -442.48827246 -441.95951274 -447.09800381 -457.08287156
 -485.23153256 -510.63833942 -527.61755862 -556.38670025 -591.30121892
 -599.50505901 -605.93681872 -612.68710024 -613.95567862 -609.9605859
 -601.29789007 -572.51967614 -463.89373353 -417.73302637 -411.74976719
 -427.61998557 -462.00216241 -471.80640312 -473.72706337 -485.87577423
 -498.24691134 -499.21767879 -502.26681786 -500.37127522 -500.51858315
 -496.02177109 -499.0185728  -500.08010404 -500.49165228 -506.37361933
 -503.34863771 -504.87452292 -510.97805026 -501.34606776 -489.26986504
 -481.62924377 -474.15905434 -469.60591402 -475.05454712 -483.41965159
 -494.59085754 -507.16206804 -522.12499478 -527.30256467 -535.04382727
 -538.85942591 -537.05743504 -530.62123399 -510.40616612 -494.44129148
 -476.17151662 -459.1406723  -446.96952084 -438.13106155 -430.65903664
 -436.14217185 -449.50169637 -464.40068481 -481.48000116 -506.35725725
 -532.11239887 -536.80833658 -525.56892664 -501.95391394 -482.22192773
 -477.15053022 -472.57828554 -475.1801962  -474.77299023 -477.00525144
 -488.91195984 -508.78243959 -527.4859888  -537.54551812 -549.27455017
 -557.96578126 -537.06351025 -506.33480015 -499.90026365 -500.54572501
 -492.56048779 -487.62604487 -493.516378   -498.61671485 -512.20109329
 -537.11476395 -562.7982466  -573.7897945  -547.98446051 -498.70783377
 -464.90941838 -471.18495852 -501.76271632 -507.56174722 -495.87847058
 -487.19114839 -481.68891541 -477.60145959 -484.80930487 -480.92380619
 -484.28430352],[  7.99360578e-15   7.99360578e-15   7.99360578e-15   3.89965554e+01
   7.86347976e+01   8.97021133e+01   8.88571146e+01   9.25714919e+01
   9.05280047e+01   8.75682851e+01   9.43809970e+01   9.40555038e+01
   9.11780622e+01   8.86263148e+01   8.53447848e+01   8.97556507e+01
   9.38855810e+01   8.92848980e+01   9.04580692e+01   9.07416885e+01
   8.12667698e+01   8.29948400e+01   9.12829706e+01   9.49373042e+01
   9.62838416e+01   8.63722294e+01   9.19236910e+01   9.17471862e+01
   8.59457164e+01   8.20274887e+01   8.01046617e+01   7.45346014e+01
   7.37034007e+01   7.83170202e+01   7.83489080e+01   7.17784115e+01
   7.60269606e+01   7.76081790e+01   8.16086781e+01   8.07844444e+01
   7.89923162e+01   8.19010591e+01   8.72296156e+01   9.22218264e+01
   8.80786984e+01   8.39250631e+01   8.41144004e+01   8.46230359e+01
   8.22797894e+01   8.32488820e+01   8.00603724e+01   8.21756996e+01
   1.16901382e+02   1.36885602e+02   1.37440314e+02   1.37901134e+02
   1.37970868e+02   1.29866035e+02   1.21101532e+02   1.13285332e+02
   1.39323070e+02   1.57537638e+02   1.71581734e+02   1.61761651e+02
   1.54794654e+02   1.54852349e+02   1.50618782e+02   1.57720118e+02
   1.58575335e+02   1.58572190e+02   1.59682308e+02   1.62671770e+02
   1.63808634e+02   1.60417687e+02   1.61438249e+02   1.77215608e+02
   1.82128859e+02   1.83601920e+02   1.90061035e+02   1.93543355e+02
   1.92312657e+02   1.88845400e+02   1.73079090e+02   1.55327665e+02
   1.40322741e+02   1.45057101e+02   1.48080381e+02   1.33858735e+02
   1.17260442e+02   1.07305039e+02   1.09088784e+02   1.13526508e+02
   1.37413392e+02   1.51960140e+02   1.56247328e+02   1.62244203e+02
   1.69317944e+02   1.73941005e+02   1.69519601e+02   1.62385097e+02
   1.55182641e+02   1.62135817e+02   1.64640705e+02   1.63491150e+02
   1.60739447e+02   1.56479016e+02   1.50835784e+02   1.41212374e+02
   1.43142319e+02   1.47808427e+02   1.46894437e+02   1.43900227e+02
   1.50871082e+02   1.57008641e+02   1.49914763e+02   1.48105249e+02
   1.49020376e+02   1.48271513e+02   1.49916188e+02   1.44341077e+02
   1.40310744e+02   1.44050416e+02   1.40432270e+02   1.25978641e+02
   1.06363989e+02   9.99119533e+01   9.95120453e+01   9.67889049e+01
   8.57196246e+01   9.02180192e+01   9.14681192e+01   8.75176745e+01
   8.33355820e+01   9.03643646e+01   8.87819022e+01   8.50806046e+01
   8.51446592e+01   8.30771447e+01   8.10198186e+01   7.84531127e+01
   7.11067457e+01   7.40967171e+01   7.74953693e+01   7.59124485e+01
   7.32769629e+01   7.38463146e+01   9.10899301e+01   1.36736767e+02
   1.58227971e+02   1.67344382e+02   1.77649347e+02   1.82765333e+02
   1.86218615e+02   1.87458565e+02   1.89164887e+02   1.84271985e+02
   1.83641742e+02   1.75139755e+02   1.66833293e+02   1.58434816e+02
   1.40491658e+02   1.27807775e+02   1.28870146e+02   1.19508366e+02
   1.01615307e+02   9.94972364e+01   9.50172627e+01   8.71434422e+01
   8.50954072e+01   8.39197755e+01   6.98771714e+01   6.87072863e+01
   1.06705270e+02   1.08890859e+02   9.55999408e+01   8.57614739e+01
   6.57046251e+01   6.01666128e+01   6.55181786e+01   7.63658408e+01
   9.16209029e+01   1.06007077e+02   1.12686734e+02   1.18508031e+02
   1.19940182e+02   1.20962874e+02   1.18533317e+02   1.19693484e+02
   1.20094157e+02   1.17551286e+02   1.23895295e+02   1.22545691e+02
   1.19518812e+02   1.31072961e+02   1.45162898e+02   1.52027034e+02
   1.58604712e+02   1.69826375e+02   1.71895602e+02   1.69013678e+02
   1.61610970e+02   1.55647237e+02   1.47374517e+02   1.48461580e+02
   1.44853548e+02   1.43343770e+02   1.48171187e+02   1.55324716e+02
   1.71982301e+02   1.79056083e+02   1.84470072e+02   1.89413873e+02
   1.88912375e+02   1.86445529e+02   1.83938916e+02   1.83513868e+02
   1.72779164e+02   1.62918593e+02   1.55165038e+02   1.49394763e+02
   1.40945976e+02   1.39778902e+02   1.54108016e+02   1.71843150e+02
   1.76122734e+02   1.71554159e+02   1.72932085e+02   1.72283002e+02
   1.75282054e+02   1.73710192e+02   1.69403221e+02   1.61461787e+02
   1.51098184e+02   1.43995032e+02   1.34229748e+02   1.27395360e+02
   1.42160788e+02   1.59204893e+02   1.50073415e+02   1.41621504e+02
   1.48249537e+02   1.57746453e+02   1.56106496e+02   1.54811466e+02
   1.57473324e+02   1.46195451e+02   1.20627663e+02   9.06186346e+01
   8.50981308e+01   8.27893775e+01   5.50237456e+01   3.33348896e+01
   2.48330846e+00  -1.21050605e+01  -1.18897753e+01  -1.09458453e+01
  -5.81503136e+00   1.68086445e+01   4.28277133e+01   9.36172444e+01
   1.19303424e+02],[  4.35207426e-14   4.35207426e-14   4.35207426e-14   2.02383455e+01
  -8.04814921e+00  -1.94906561e+01  -2.16313651e+01  -1.54918282e+01
  -1.19553456e+01  -1.25190468e+01  -7.28228121e+00   1.46837207e+00
   5.36482828e+00   2.64561710e+00   4.26589970e+00   8.33520939e+00
   1.11274702e+01   1.13882168e+01   1.19725357e+01   8.81496806e+00
  -9.73996603e-01  -3.77833580e+00   3.53860793e+00   5.32224664e+00
   9.25212333e+00   1.26138000e+01   2.42766460e+01   2.87749135e+01
   3.05602590e+01   3.06267938e+01   2.88954523e+01   3.04556922e+01
   3.27038026e+01   3.49557295e+01   3.71873611e+01   3.45780354e+01
   3.58440107e+01   3.61573058e+01   4.34263118e+01   4.72264658e+01
   4.10181775e+01   4.01338040e+01   3.44341772e+01   3.35076444e+01
   3.29709932e+01   3.35599314e+01   3.94198505e+01   3.82523336e+01
   3.37216497e+01   3.60836657e+01   3.57559997e+01   2.59051884e+01
   8.54119674e+00  -6.71909395e+00  -1.35759920e+01  -1.47948234e+01
  -1.46182491e+01  -1.79269075e+01  -2.35171834e+01  -6.61687371e+01
  -7.82555776e+01  -5.55971734e+01  -4.18644388e+01  -5.20349346e+01
  -5.55949551e+01  -5.06971646e+01  -4.47671869e+01  -2.94593846e+01
  -3.27041804e+01  -3.26942476e+01  -3.94578866e+01  -4.59953786e+01
  -5.07677787e+01  -4.85925453e+01  -4.45645141e+01  -3.40109627e+01
  -2.22752448e+01  -1.51283237e+01  -1.08254041e+01  -5.44822404e+00
   2.35437890e+00   1.05511715e+01   1.13199649e+01   9.77433193e+00
  -1.16631972e-01  -3.81178225e+01  -5.35105170e+01  -5.06932362e+01
  -4.71587089e+01  -4.96880433e+01  -3.80994203e+01  -1.83195084e+01
  -1.41352091e+00  -6.36064935e+00  -1.39976203e+01  -1.00910441e+01
  -1.03061774e+01  -5.28859408e+00  -9.82695563e-01  -1.65486886e+00
   7.02433850e-01   5.45513265e+00   6.79749254e+00   1.18776822e+01
   2.55504377e+01   3.63984792e+01   3.62518446e+01   3.67924851e+01
   3.28161859e+01   1.39693978e+01  -4.36249787e+00  -1.32233527e+01
  -1.37536968e+01  -1.15696648e+01  -7.88135403e+00  -1.31906074e+00
   4.92438367e+00   1.18927389e+01   2.51419068e+01   3.01254991e+01
   3.32465383e+01   3.95335098e+01   4.17786378e+01   4.05598365e+01
   3.33136193e+01   3.17322409e+01   3.34155919e+01   3.29697640e+01
   2.58085694e+01   3.40959198e+01   3.95807908e+01   3.75642941e+01
   3.46469988e+01   4.09024091e+01   4.47031454e+01   4.02286217e+01
   3.99147849e+01   3.93295948e+01   4.02881278e+01   3.93409322e+01
   3.48316454e+01   3.56286435e+01   3.85818067e+01   4.02202106e+01
   3.57288953e+01   3.59129457e+01   4.40825110e+01   6.98465457e+01
   7.61329362e+01   7.14327503e+01   6.51748622e+01   5.45142186e+01
   3.89499870e+01   3.11367998e+01   2.84157793e+01   2.23014852e+01
   2.11294358e+01   1.69091883e+01   1.89412505e+01   1.90937598e+01
   1.83969147e+01   1.91182024e+01   2.60641135e+01   3.94459095e+01
   4.91352042e+01   5.53212314e+01   5.45932981e+01   4.89241534e+01
   4.72894728e+01   4.14284880e+01   2.84826886e+01   1.41522853e+01
  -2.34100718e+01  -2.85620657e+01  -1.95157120e+01  -1.58436868e+01
  -2.31730825e+01  -3.69788876e+01  -3.96262125e+01  -4.14093163e+01
  -4.07863069e+01  -3.67644094e+01  -4.01391443e+01  -4.16563943e+01
  -4.42802644e+01  -5.14926056e+01  -5.24316989e+01  -5.30169006e+01
  -5.42100590e+01  -5.26675994e+01  -4.52620040e+01  -4.52045585e+01
  -4.46337993e+01  -3.86152571e+01  -3.01834831e+01  -2.88479844e+01
  -2.84614883e+01  -1.69985900e+01  -4.80555236e+00   4.07224059e+00
   6.87249155e+00   1.29822206e+01   1.86166279e+01   2.94596493e+01
   3.47871212e+01   3.70451628e+01   4.10665821e+01   4.62834737e+01
   4.56744993e+01   3.15389276e+01   1.33924355e+01   2.40840726e+00
  -7.64098825e+00  -1.84665281e+01  -2.52166138e+01  -2.37244726e+01
  -2.29869706e+01  -2.02606723e+01  -1.25380934e+01   7.16787450e+00
   2.78509833e+01   3.21183597e+01   4.15177371e+01   3.67397253e+01
   1.44518929e+01   5.43625912e-01   4.04174649e-01   2.84046037e+00
   6.17778601e+00   8.39289913e+00   2.06805612e+01   3.21529617e+01
   4.00806062e+01   4.46714131e+01   4.42718968e+01   4.25462827e+01
   3.63518449e+01   1.74267322e+01  -5.38898854e+00  -1.60148185e+01
  -1.18938485e+01  -3.90846369e+00   2.81663760e-02   6.77836610e+00
   2.86409603e+01   4.74796545e+01   4.99289453e+01   4.07335634e+01
   2.62090939e+01   1.48112228e+01   1.39970850e+01   1.38509762e+01
   6.94989817e+00   1.56412430e+00  -1.79170103e+01  -4.69079827e+01
  -7.14087236e+01  -7.90131012e+01  -6.03352990e+01  -1.88315506e+01
  -2.65672331e-01],[ -6.21724894e-14  -6.21724894e-14  -6.21724894e-14   1.66719818e+01
   1.18929139e+01   9.98206023e+00   5.10054726e+00   2.10182223e+00
   5.47638522e+00   4.85441531e+00  -1.09827197e+00   5.07375011e+00
   7.14623020e+00  -1.29961181e+00  -3.88519591e+00   6.18981881e-01
   3.01137579e+00   3.62588044e+00   2.96138032e+00  -7.06019011e-01
  -3.91416683e+00  -7.59516372e+00  -2.97450253e+00  -5.39969751e+00
  -6.41025138e+00  -4.57077093e+00   4.55418083e+00   8.81482314e+00
   9.52123579e+00   1.26349273e+01   7.86597740e+00   7.90850980e+00
   9.52003971e+00   1.01766680e+01   1.40080632e+01   1.20096257e+01
   1.20965461e+01   1.27128479e+01   1.93236838e+01   2.50759902e+01
   1.98904641e+01   1.66608598e+01   8.84175622e+00   7.99931559e+00
   8.75844848e+00   9.91454620e+00   1.46308806e+01   1.08353745e+01
   7.97082077e+00   1.22374359e+01   1.39796185e+01   1.20680673e+01
   5.93307435e+00   1.08597974e+01   1.82346347e+01   2.29004804e+01
   2.60952612e+01   2.97278568e+01   3.45487558e+01   2.77036922e+01
   3.27239143e+01   4.27210092e+01   3.29681131e+01   2.34791988e+01
   1.75997315e+01   1.93442315e+01   1.40347630e+01   1.82676941e+01
   1.33036939e+01   1.62234428e+01   1.13887996e+01   8.41694500e+00
   1.92080309e+00  -8.50901342e-02   2.44901918e+00   1.04698400e+00
   1.73000328e-01  -5.02395262e+00  -1.01310748e+01  -1.12652004e+01
  -1.08957010e+01   3.56110267e+00   1.24558208e+01   1.77520719e+01
   1.68391324e+01   1.77418768e+01   1.95875114e+01   2.70666421e+01
   3.50857221e+01   3.49746325e+01   3.69132090e+01   4.36629477e+01
   4.57614465e+01   4.32679090e+01   4.26802319e+01   4.12445280e+01
   3.26776771e+01   3.31052404e+01   3.30829075e+01   3.01762228e+01
   2.73642541e+01   2.79785777e+01   2.79623368e+01   2.94032798e+01
   3.01239932e+01   2.99899316e+01   2.64900161e+01   2.99985947e+01
   2.95806386e+01   2.04206934e+01   1.51354163e+01   8.67253570e+00
  -1.50277411e+00  -5.33881158e+00  -4.25856062e+00  -4.43917600e+00
  -7.33077755e+00  -7.18999976e+00  -4.11118139e+00   9.16141021e-01
   6.13588849e+00   9.02166797e+00   1.31062026e+01   1.72154283e+01
   1.71148733e+01   1.66958956e+01   1.95203251e+01   2.10047316e+01
   2.00259123e+01   2.58173222e+01   2.58668352e+01   2.45788946e+01
   2.14239932e+01   1.95916154e+01   2.15743661e+01   1.63667169e+01
   1.62719407e+01   1.57644236e+01   1.76878224e+01   1.84186492e+01
   1.64053317e+01   1.36075044e+01   1.37763401e+01   1.74686269e+01
   1.52248511e+01   1.76469893e+01   2.25525409e+01   2.91989264e+01
   2.48833630e+01   1.58127078e+01   9.44524654e+00   4.42691086e+00
  -3.50104071e+00  -2.87451149e+00  -1.87050183e+00   4.07495682e+00
   1.12839186e+01   1.89787043e+01   2.74450491e+01   3.26238567e+01
   4.04578443e+01   4.37727645e+01   4.70712708e+01   4.53457530e+01
   3.35497497e+01   3.14636964e+01   2.76217224e+01   2.23961547e+01
   2.24554507e+01   2.27875246e+01   2.57027048e+01   2.12787394e+01
  -1.68241386e+00   1.31468022e+00   8.38592934e+00   1.18075517e+01
   2.90688365e+01   3.81240125e+01   4.25485225e+01   3.65610051e+01
   2.32012730e+01   1.28154881e+01   5.87148113e+00  -4.29191100e-01
  -4.22635038e+00  -1.25992237e+01  -1.69335206e+01  -2.28196706e+01
  -2.59510776e+01  -2.97085785e+01  -2.63529241e+01  -2.68613219e+01
  -2.60830438e+01  -1.95940350e+01  -1.71573179e+01  -1.77549555e+01
  -2.05261289e+01  -2.21412166e+01  -1.75924390e+01  -1.24163902e+01
  -1.21465966e+01  -9.38537068e+00  -4.23203923e+00   4.23612180e+00
   8.52227087e+00   9.05233508e+00   5.01845797e+00   8.80384250e+00
   3.97876447e+00  -1.13902110e+01  -2.19719876e+01  -1.97703461e+01
  -1.15724150e+01  -6.86973732e+00  -4.05638764e-01  -3.58120616e+00
  -2.91263376e+00  -8.74225239e-01  -1.21919219e+00  -5.34026108e-01
   8.32127808e+00   1.08268162e+01   1.61781743e+01   6.81461565e+00
  -9.44078900e+00  -1.52085535e+01  -1.00273291e+01  -9.66359577e+00
  -1.09266555e+01  -7.25683921e+00   4.80443628e+00   1.30984293e+01
   1.84300113e+01   2.53628410e+01   2.80531721e+01   2.53466388e+01
   1.48652155e+01  -4.44311660e+00  -1.00026345e+01  -1.04552578e+01
  -7.86852189e+00  -8.04485867e+00  -8.47864769e+00  -6.01292147e+00
   7.25724581e-01   1.69620861e+01   3.22459899e+01   4.11875735e+01
   4.63658610e+01   6.63101874e+01   9.14684037e+01   9.77020529e+01
   9.17855259e+01   9.77869382e+01   1.05299479e+02   1.09294656e+02
   1.04755257e+02   8.44550136e+01   7.38856845e+01   6.41365733e+01
   5.13713437e+01],[  2.66453526e-14   2.66453526e-14   2.66453526e-14   2.27964200e+01
   3.00340757e+01   2.76174501e+01   2.77403998e+01   2.53136976e+01
   2.37671066e+01   2.87823908e+01   2.59144825e+01   2.86052971e+01
   3.06995101e+01   2.44442672e+01   2.18814564e+01   2.38190261e+01
   2.37996134e+01   2.30145760e+01   2.10081137e+01   1.96901964e+01
   2.42312077e+01   2.52774215e+01   2.45539058e+01   2.45535567e+01
   2.28467056e+01   1.84538252e+01   1.94094443e+01   1.87023284e+01
   1.72143237e+01   2.09198665e+01   1.53258587e+01   1.30254792e+01
   9.59315241e+00   9.83123129e+00   1.29513689e+01   1.10369768e+01
   1.23936199e+01   1.22588235e+01   1.43614704e+01   1.78639233e+01
   1.78904688e+01   1.61167378e+01   1.06366890e+01   1.09533327e+01
   1.05371557e+01   9.62053444e+00   1.23412090e+01   8.01346602e+00
   6.72885351e+00   1.16911914e+01   1.18849664e+01   1.34810616e+01
   1.08735098e+01   1.41982339e+01   1.59332440e+01   1.42227966e+01
   1.22421382e+01   6.29849328e+00   7.64055991e+00   9.95302200e+00
   1.87278369e+00  -2.76089171e+00  -1.16823807e+01  -2.25529563e+01
  -2.78238860e+01  -2.31383879e+01  -2.46196018e+01  -1.40645018e+01
  -9.60086873e+00  -7.78647786e+00  -8.41240815e+00  -3.30441122e+00
   5.41854950e-02  -1.02886304e+00  -1.14897076e+01  -2.05936129e+01
  -1.86709499e+01  -2.37305602e+01  -2.85822470e+01  -2.82504770e+01
  -3.22025700e+01  -1.86803063e+01  -5.33660332e+00   1.63169468e+00
   4.21947469e+00   2.01601188e+01   2.54712414e+01   3.24201578e+01
   3.29719817e+01   3.23229279e+01   3.39996177e+01   3.97915022e+01
   4.09412044e+01   4.06246526e+01   4.69708126e+01   4.97551304e+01
   4.59921455e+01   4.31865706e+01   3.35093960e+01   3.05097466e+01
   3.17459365e+01   3.72608345e+01   3.96365023e+01   3.78361987e+01
   3.62015811e+01   3.41087173e+01   3.03076006e+01   2.66575642e+01
   2.16365827e+01   2.23007508e+01   2.33340219e+01   1.51263400e+01
   1.01864789e+01   1.59595615e+01   1.45503320e+01   1.02711210e+01
   9.01833264e+00   4.16572424e+00  -4.04220421e+00  -8.42508832e+00
  -7.61727296e+00  -2.04590249e+00   3.55593706e-01   3.51582857e+00
   7.95848919e+00   1.42647662e+01   1.46427680e+01   1.67491479e+01
   1.81053476e+01   2.25102339e+01   2.13455190e+01   2.11601985e+01
   2.11986977e+01   1.75828017e+01   1.43095002e+01   7.05775757e+00
   9.19148618e+00   1.17040908e+01   1.34283628e+01   1.68610228e+01
   1.54330328e+01   1.29334415e+01   1.07961974e+01   1.50098552e+01
   1.67649797e+01   1.73681693e+01   1.95341631e+01   1.20383386e+01
  -1.25510660e-01  -6.75194709e+00  -1.28335041e+01  -8.96406111e+00
  -7.67287174e+00  -1.18474492e+00   4.33890898e+00   1.13901751e+01
   1.52757804e+01   2.22992273e+01   2.54319658e+01   3.07838589e+01
   3.96006026e+01   4.73410039e+01   4.95593579e+01   4.25564191e+01
   2.40536835e+01   1.74851630e+01   1.64831624e+01   1.23207909e+01
   1.28289520e+01   1.60250727e+01   1.46934736e+01   2.04502281e+01
   1.02349257e+01  -2.80670181e+00  -1.37769651e+01  -1.35563710e+01
   7.91201759e-01   7.76515913e+00   7.95417709e+00   1.23037052e+01
   2.06515566e+01   2.22286230e+01   3.28777436e+01   3.35877223e+01
   3.72519390e+01   3.26028086e+01   2.62150698e+01   2.42442231e+01
   2.46488166e+01   1.96629834e+01   1.94679488e+01   1.72194553e+01
   2.65004891e+01   3.79912253e+01   3.44116470e+01   3.38767686e+01
   3.01737988e+01   2.05801759e+01   1.72971736e+01   1.28741844e+01
   7.82309085e+00   5.88341919e+00   1.09091858e+01   1.62671418e+01
   1.93713589e+01   2.02762986e+01   1.33783060e+01   1.17454793e+01
   5.42084279e+00  -3.57678991e+00  -1.54830516e+00   6.40180861e+00
   1.58811559e+01   2.47662172e+01   2.72997386e+01   2.90467654e+01
   3.21514971e+01   3.56760296e+01   3.16447383e+01   2.09104838e+01
   1.98024520e+01   2.00985311e+01   2.31669791e+01   1.50596472e+01
   8.17706795e+00   6.06670737e+00   8.43020637e+00   7.38509619e+00
   5.21461721e+00   5.97717489e+00   1.11423891e+01   2.09390258e+01
   2.65456051e+01   2.93272051e+01   3.50933042e+01   3.44461642e+01
   2.40782657e+01   1.82105056e+01   2.22540197e+01   2.22523122e+01
   1.71547931e+01   1.29098941e+01   9.48111817e+00   4.77516896e+00
  -1.07499556e+00   8.19759871e+00   2.16597478e+01   1.96452549e+01
   1.39387254e+01   3.85601571e+00  -1.89783195e+01  -2.53938493e+01
  -3.01920134e+01  -2.91754981e+01  -2.17803003e+01   2.70543306e-02
   2.31514802e+01   3.44904749e+01   4.21893896e+01   4.10035820e+01
   3.60324725e+01],[ -4.08562073e-14  -4.08562073e-14  -4.08562073e-14   1.97030127e+01
   1.49689557e+01   1.04868364e+01   9.30858965e+00   1.12306856e+01
   1.13690255e+01   1.49977230e+01   1.91904748e+01   2.26520199e+01
   2.46300255e+01   1.94684162e+01   1.91708332e+01   2.01342087e+01
   1.96806509e+01   2.07678592e+01   1.83448095e+01   1.85566541e+01
   2.38499261e+01   2.70613615e+01   2.21213006e+01   2.59684460e+01
   2.70465035e+01   2.52080759e+01   2.20506228e+01   1.77294145e+01
   1.87688870e+01   2.20678112e+01   1.87422183e+01   2.07929082e+01
   1.43830100e+01   1.39355241e+01   1.48893367e+01   1.48217260e+01
   1.78077766e+01   1.45034766e+01   1.40385604e+01   1.41377185e+01
   1.78240632e+01   1.83508928e+01   1.24280900e+01   1.10408298e+01
   9.21336936e+00   6.03082646e+00   1.12006448e+01   1.10972366e+01
   1.02519641e+01   1.36942017e+01   1.44581994e+01   1.13346860e+01
  -8.87731966e+00  -1.97343245e+01  -1.59119867e+01  -5.40025983e+00
  -1.46756676e+00   4.50447734e-01   3.12843102e+00   3.81779964e-01
  -1.41718253e+01  -1.81602525e+01  -2.20428524e+01  -2.71583119e+01
  -2.93311670e+01  -2.74951295e+01  -2.35156108e+01  -1.33912370e+01
  -9.25356050e+00  -1.25084649e+01  -1.11951980e+01  -7.12211684e+00
  -1.64318272e+00   1.74190506e+00  -4.96396837e+00  -8.65215986e+00
  -6.88517818e+00  -1.21077301e+01  -1.84036274e+01  -2.09701519e+01
  -2.41328853e+01  -1.87576343e+01  -9.59928749e+00  -4.47135414e+00
  -1.05002062e+00   4.88055695e+00   4.79079259e+00   2.46914111e+00
  -9.91804467e+00  -1.49678563e+01  -1.49946748e+01  -1.34958475e+01
  -1.73739894e+01  -3.13297733e+01  -4.23008060e+01  -4.26251894e+01
  -4.54262253e+01  -3.77661908e+01  -4.08122193e+01  -3.11598807e+01
  -2.12036787e+01  -1.12766222e+01  -9.44675687e+00  -1.19025595e+01
  -5.04882295e+00   2.03294142e-01   7.08516527e+00   4.52719597e+00
  -5.87734157e+00  -7.95497570e+00  -7.81953114e+00  -4.25031828e+00
  -1.81906178e+00   7.86517672e-01   1.48524236e+00   1.08353472e+00
   5.49149769e-01  -2.94095940e+00  -6.29204999e+00  -6.52877789e+00
  -1.37419243e+01  -1.32927619e+01  -8.21167970e+00  -3.42864099e+00
   2.67452519e+00   1.32151571e+01   1.03763304e+01   8.09101193e+00
   1.08800327e+01   1.47225683e+01   1.46759076e+01   1.46046015e+01
   1.48645191e+01   1.58558284e+01   1.13249966e+01   5.91838325e+00
   7.99544681e+00   1.40874946e+01   1.61454169e+01   1.79160860e+01
   1.64944775e+01   1.75887591e+01   1.70079051e+01   1.93506214e+01
   2.12549240e+01   1.73925820e+01   1.58619663e+01   2.03570787e+00
  -1.17259927e+01  -1.56928054e+01  -2.19826889e+01  -1.48634172e+01
  -1.20481441e+01  -9.37235987e+00  -7.75331519e+00  -9.29412807e+00
  -1.25202857e+01  -1.58878371e+01  -1.62315956e+01  -1.23040685e+01
  -7.64210298e+00  -3.16739590e+00  -7.23024064e+00  -2.82045512e+00
  -1.31439672e+00   1.67776973e+00   1.11144347e+01   9.46932129e+00
   7.57895038e+00   7.65323985e+00   8.43930298e+00   1.47496774e+01
   1.37377818e+01   1.11901941e+01   1.46239383e+01   1.36362430e+01
   1.66534012e+01   1.28338941e+01   7.38714632e+00   4.44454396e+00
   3.18044998e+00  -2.63262894e+00  -3.02847005e+00  -5.01388822e+00
  -3.70299987e+00  -2.75867041e+00  -2.52909605e+00  -8.40870457e-01
   8.55524174e-01   1.57490970e+00   1.62578492e+00  -7.80466045e-01
   1.18281136e+01   1.64007610e+01   1.21604052e+01   1.56106929e+01
   1.34989992e+01   7.41714658e+00   8.07856358e+00   4.73386129e+00
  -5.57610337e-01  -8.72810275e+00  -7.66894075e+00  -2.74647951e+00
   3.40713869e+00   7.06031922e+00   6.73009205e+00   1.41991725e+00
  -8.46529325e+00  -1.15645115e+01  -7.40477573e+00  -4.63203059e+00
  -3.75640396e+00  -2.80069042e+00  -1.16447066e+01  -1.32342887e+01
  -6.95321880e+00  -8.15918216e-01   9.53356544e-01   1.24713719e+00
   9.05278512e+00   1.00224218e+01   7.82125451e+00  -1.60981749e+00
  -4.30998763e+00  -5.27265609e+00  -6.39865280e+00  -5.38682839e+00
  -5.77318496e+00  -7.98910250e+00  -7.93591564e+00  -2.30007479e+00
   9.36348087e+00   1.09740301e+01   1.76010169e+01   1.89198494e+01
   8.11512679e+00   8.47784953e+00   9.18243796e+00   4.61812912e+00
   2.35645016e+00  -1.66119875e+00  -6.65846308e+00  -1.16580316e+01
  -1.43367311e+01  -6.56133067e-01   1.81984018e+01   2.42346104e+01
   1.41481620e+01   6.41337980e+00   1.30681008e+01   2.06243669e+01
   2.43763753e+01   3.26205025e+01   2.31214424e+01   9.62807213e+00
   3.45619443e+00   1.62558060e+00   1.12986944e+01   1.22657805e+01
   1.10067818e+01],[  4.52970994e-14   4.52970994e-14   4.52970994e-14   6.90842144e+00
   7.96010017e+00   6.95085717e+00   4.31125821e+00   5.86159521e+00
   1.37319181e+01   1.11964533e+01   1.10379333e+01   1.20594159e+01
   1.10566158e+01   5.17392368e+00   3.73465964e-02   4.17723547e+00
   7.32905528e+00   1.12844331e+01   9.90537934e+00   8.53698016e+00
   9.76421464e+00   1.17499490e+01   6.30636067e+00   8.55978482e+00
   7.33799930e+00   8.09838336e+00   8.77292319e+00   6.11642424e+00
   7.24820044e+00   1.13118018e+01   1.06810804e+01   1.73813419e+01
   1.43133825e+01   1.29361040e+01   1.26031021e+01   1.26276799e+01
   1.56241563e+01   1.00184013e+01   1.10856227e+01   9.64543191e+00
   1.12244984e+01   1.24076530e+01   8.81303110e+00   6.80107739e+00
   3.07540068e+00  -3.77747379e-01   5.73131211e+00   1.00734235e+01
   1.11591309e+01   1.16202590e+01   1.75151631e+01   1.48557420e+01
  -7.33937581e+00  -1.62760653e+01  -1.18815828e+01  -2.45204099e+00
   2.77770545e+00   6.48488463e+00   4.12414663e+00   4.52485864e+00
   3.65286916e-01  -1.35501580e+01  -3.59213195e+01  -4.48287145e+01
  -4.43083243e+01  -3.84485449e+01  -3.77985501e+01  -2.99863387e+01
  -2.27165254e+01  -2.35942209e+01  -1.71778893e+01  -7.95426134e+00
   2.71427005e-01   4.50570013e+00   5.29579777e-02  -2.60727360e+00
  -1.14279559e+00  -4.49397099e+00  -6.79754004e-01   3.99125406e+00
   1.21588210e+00   3.24042369e+00   1.45585688e+00  -4.62106730e+00
  -3.42512467e+00  -3.82876482e+00  -1.04140001e+01  -1.39054175e+01
  -1.31551303e+01  -7.50775424e+00  -4.22946291e+00  -4.84866028e+00
  -1.44246409e+01  -2.63042447e+01  -3.85187055e+01  -4.30459067e+01
  -5.21789764e+01  -4.76695526e+01  -5.44894282e+01  -5.80363479e+01
  -5.97928344e+01  -5.16025331e+01  -4.36864766e+01  -3.97061891e+01
  -2.99650760e+01  -2.03488600e+01  -1.16927963e+01  -9.99498007e+00
  -1.07679977e+01  -1.13031658e+01  -1.64103164e+01  -1.29493094e+01
  -7.70309362e+00  -6.59233637e+00  -3.38765600e+00   2.58822687e+00
   1.29228933e+01   1.61366506e+01   1.58114084e+01   1.75221536e+01
   7.84660024e+00   2.25672458e+00   4.01308805e+00   1.04731588e+01
   1.10814228e+01   1.55428284e+01   1.20107950e+01   1.05490268e+01
   1.31846822e+01   1.23665765e+01   1.46320834e+01   1.58057402e+01
   1.34178684e+01   1.49119680e+01   1.28560738e+01   1.43806528e+01
   1.32843704e+01   1.81476566e+01   1.90032299e+01   1.59709313e+01
   1.60039428e+01   1.74692182e+01   2.04907708e+01   1.82828508e+01
   1.62592727e+01   1.42388359e+01   1.37857877e+01   1.67979371e+00
  -2.44394915e+00  -2.71282303e+00  -3.31423218e+00  -8.27474232e-01
   2.36594816e+00   3.50475412e-01  -1.15711268e+01  -2.40325293e+01
  -3.48261177e+01  -4.56027871e+01  -4.88865565e+01  -4.59911449e+01
  -3.92597465e+01  -3.21131862e+01  -2.67086077e+01  -1.85668062e+01
  -1.24868959e+01  -1.75645729e+00   1.09579702e+01   1.13114679e+01
   7.28919881e+00   3.24737485e+00   1.76439782e+00  -5.89614651e+00
  -2.16408842e+01  -3.17467773e+01  -3.40294581e+01  -3.36735869e+01
  -2.24859559e+01  -1.77290846e+01  -1.67843236e+01  -1.71649212e+01
  -1.44292116e+01  -1.33024583e+01  -1.33135786e+01  -1.22208865e+01
  -1.16152360e+01  -5.81194134e+00   4.39150823e-01  -2.50627206e-02
   1.53124921e-01   4.99678485e+00   5.64063207e+00   3.39090297e+00
   9.37177021e+00   4.61223245e+00   6.31361120e+00   1.30981376e+01
   1.17694964e+01   9.30328975e+00   1.26983820e+01   1.54867452e+01
   1.46053644e+01   2.94162543e+00  -6.08360248e+00  -7.45072979e+00
  -1.42761851e+00   1.11777643e+00   3.07987741e+00   3.71458528e-01
  -5.92797153e+00   7.95080306e-02   6.82492965e+00   7.78339361e+00
   1.36150629e+01   1.08648333e+01   2.14250356e+00  -5.28509384e+00
  -6.58451300e+00  -5.26258418e+00  -5.64229370e+00  -1.27231929e+00
   6.16486413e+00   1.05377067e+01   5.41295810e+00   1.33555331e+00
   8.20184069e+00   1.43166384e+01   1.58714400e+01   1.59215227e+01
   1.41609208e+01   1.10541087e+01   6.63767529e+00   1.65213826e+00
   6.70212932e+00   9.07788188e+00   1.03269193e+01   8.21787909e+00
   3.87060377e+00   1.01675548e+01   1.61756830e+01   1.37018157e+01
   1.73107333e+01   1.46684678e+01   1.18343693e+01   8.26241361e+00
   7.56197746e+00   1.41102376e+01   2.25635404e+01   2.25222709e+01
   8.10159978e+00   1.83123972e+00  -7.00636228e+00  -6.86818770e+00
  -1.12681675e+00   7.21438882e-01   2.94385116e+00  -8.30507033e-01
  -9.16269352e+00  -1.23907828e+01  -1.01232592e+01  -1.24310166e+01
  -1.09701389e+01],[ -4.70734562e-14  -4.70734562e-14  -4.70734562e-14   1.26487675e+00
   1.93722054e+00  -1.95358931e+00  -2.71386037e+00  -5.74791341e-01
   7.18444802e+00   4.32652106e+00   4.65659697e+00   6.62119521e-01
   1.23515035e+00   2.99633582e+00  -6.07560855e+00  -3.88112369e+00
   2.78096336e-01   5.54942613e+00   6.69450971e+00   3.26687677e+00
  -8.58468852e-01   2.14484116e+00   1.99003507e+00   1.14359786e+00
  -4.06867883e+00  -6.43887082e+00  -2.38107832e-01   1.56050559e+00
  -2.13806856e+00   1.55922381e+00   4.99046962e+00   1.17040560e+01
   1.24475019e+01   1.18160524e+01   1.16000316e+01   9.52656699e+00
   1.08677536e+01   6.99957474e+00   8.19007034e+00   6.01239664e+00
   2.18060780e+00   4.13529109e+00   8.85666320e+00   8.72723547e+00
   3.36038279e+00   2.83603709e+00   4.40481512e+00   6.65978686e+00
   9.20864041e+00   7.60974660e+00   1.64247074e+01   1.28087680e+01
   5.28892728e+00   2.06832677e+00  -8.76569062e+00  -1.82325776e+01
  -1.80277435e+01  -1.72526192e+01  -2.00128869e+01  -1.39531618e+01
  -1.78185241e+01  -2.50256771e+01  -2.95643598e+01  -3.41788489e+01
  -3.56558506e+01  -3.11284499e+01  -3.44082060e+01  -3.23649643e+01
  -2.96306500e+01  -2.53463252e+01  -1.45030771e+01  -1.03485009e+01
  -3.29252468e+00   6.49947575e+00   6.03119091e+00   2.45710613e+00
  -3.86749040e+00  -7.60133327e+00  -8.43756596e+00  -8.15745273e+00
  -1.46100865e+01  -1.03951366e+01  -1.51530829e+01  -2.63201741e+01
  -1.93059713e+01  -2.08827673e+01  -2.70848908e+01  -2.41710721e+01
  -8.87392935e+00  -6.24483772e+00  -6.31621649e+00  -7.99642044e+00
  -4.62085990e+00  -3.12698314e+00  -3.79395959e+00  -2.03322921e+00
  -8.95724671e+00  -5.99069014e+00  -6.67625750e+00  -9.75850861e+00
  -2.07912895e+01  -1.51621859e+01  -1.40651834e+01  -1.63325869e+01
  -1.94349550e+01  -1.60980546e+01  -1.66110571e+01  -1.72883176e+01
  -6.31128935e+00   1.15244042e+00   1.34962922e+00   1.65118513e-01
   2.46389211e+00   5.37540132e+00   1.50266651e+00   5.63513634e+00
   1.58722208e+01   2.00253498e+01   2.45686763e+01   2.41350267e+01
   1.80009211e+01   1.50873821e+01   1.19362223e+01   1.62741996e+01
   1.49016312e+01   1.24785316e+01   1.00855484e+01   1.39133851e+01
   1.07254927e+01   7.31396274e+00   1.29546617e+01   1.35928049e+01
   1.29834989e+01   1.30086832e+01   1.32323105e+01   1.72496550e+01
   1.50900792e+01   1.75306492e+01   1.61669352e+01   1.27605193e+01
   1.35949037e+01   1.28025031e+01   1.76390574e+01   1.12684788e+01
   6.36747739e+00   9.98900511e+00   1.11221318e+01   1.16474495e+00
   5.66233461e+00   9.48056275e+00   1.32118349e+01   9.08299284e+00
   6.72045912e+00   6.01498221e+00   4.36488091e+00   6.06056582e+00
   7.74929077e+00   1.25608461e+01   1.34321146e+01   1.33812800e+01
   1.20994814e+01   8.94315724e+00   1.15507033e+00  -4.99646476e+00
  -1.48957241e+00   5.47780488e+00   1.29862456e+01   1.41835391e+01
   1.15604826e+01   4.43021400e+00   4.80353933e+00   1.27607297e+01
   1.33948726e+01   1.08390783e+01   1.10443737e+01   1.26859203e+01
   9.29203262e+00   4.26180456e+00  -1.17209557e+00  -9.54931844e+00
  -1.16342984e+01  -3.32388965e+00   1.00382388e+00   4.44980883e+00
   1.02953744e+01   1.48864953e+01   1.69735461e+01   1.85244543e+01
   2.14952811e+01   2.54022121e+01   2.67405716e+01   2.57957001e+01
   2.61066129e+01   2.02756258e+01   2.51928249e+01   2.54171080e+01
   2.15223148e+01   2.30062856e+01   2.64201496e+01   2.90051654e+01
   3.23702136e+01   2.98954574e+01   2.22626504e+01   1.53527490e+01
   1.84454421e+01   2.00963873e+01   1.60171751e+01   1.19376700e+01
   1.16531059e+01   1.89002627e+01   2.42113287e+01   1.87240796e+01
   2.53417570e+01   2.30381261e+01   2.15643122e+01   2.35318975e+01
   2.28143693e+01   2.24952571e+01   1.46707108e+01   1.15960808e+01
   1.09595908e+01   1.68623054e+01   1.33888309e+01   1.88709084e+01
   3.07864239e+01   3.64868226e+01   3.54599906e+01   3.22983910e+01
   3.06903159e+01   2.88714578e+01   2.40152755e+01   2.01728491e+01
   1.65845667e+01   1.99544615e+01   1.94211243e+01   1.39135730e+01
   1.34271915e+01   2.17667560e+01   3.10796980e+01   3.21129968e+01
   2.86714769e+01   2.73374797e+01   2.93064571e+01   2.87280217e+01
   2.66774211e+01   2.09973510e+01   1.72754503e+01   1.48773740e+01
   9.62294108e+00  -2.42428371e+00  -1.36179573e+01  -9.26316101e+00
   8.53701229e+00   5.77633145e+00   7.31646883e+00   1.21055215e+01
   1.27728749e+01   1.04761936e+01   4.28708956e+00  -1.63975422e-01
  -1.63469364e+00],[  3.46389584e-14   3.46389584e-14   3.46389584e-14   9.60015032e+00
   6.95081143e+00  -1.27118328e+00  -6.78796449e+00  -1.08077375e+00
  -1.09312125e-01  -3.99148992e+00   4.96296447e+00   3.80697544e-01
   3.66733860e+00   7.25305626e+00   3.20779411e-01  -2.27001208e+00
   2.28960812e-01   4.78231875e+00   8.38754593e+00   5.73186324e+00
  -1.74338145e+00   5.39077751e-01   8.92854892e+00   5.74250921e+00
  -7.30479013e-01  -2.59012475e+00   2.65097403e+00   6.60847773e+00
   1.76275174e+00  -1.28075107e-01   5.69052967e+00   1.15069005e+01
   1.03395119e+01   1.13992830e+01   1.16094473e+01   1.07758975e+01
   1.00595610e+01   1.03309039e+01   7.42398988e+00   3.16357886e+00
  -1.88677665e+00   1.85797209e+00   1.09224637e+01   1.31587459e+01
   9.99034655e+00   1.00826515e+01   7.05392198e+00   4.81841679e+00
   5.63760170e+00   3.91823610e+00   1.09683729e+01   5.14450342e+00
   8.33169708e+00   7.92867091e+00  -1.11547311e+00  -4.71404414e+00
  -2.21405538e+00  -4.75505120e+00  -7.51297235e+00   5.22663990e+00
  -3.13900608e-01  -4.99594636e+00  -3.81596788e-01  -1.16540249e+00
  -2.22991839e+00  -1.86540291e+00  -7.37109254e+00  -1.01453216e+01
  -1.22406972e+01  -5.51125587e+00   5.68036358e+00   9.21694230e+00
   9.43238895e+00   7.78778995e+00   8.93809971e-01  -4.13781774e+00
  -1.08429234e+01  -1.35742266e+01  -1.69166676e+01  -1.43591323e+01
  -1.17727460e+01  -8.82961654e+00  -9.79258037e+00  -1.48528280e+01
  -1.00773507e+01  -1.39918386e+01  -1.82831762e+01  -1.10337611e+01
  -9.58108795e-01  -1.05088976e+01  -1.50530509e+01  -2.03308437e+01
  -2.10102474e+01  -2.16662559e+01  -2.19560494e+01  -1.64887047e+01
  -1.87082941e+01  -1.62535084e+01  -1.34555248e+01  -1.14093756e+01
  -1.66513542e+01  -2.39361317e+00   7.79649200e-01   7.19399426e-01
  -7.89461271e+00  -4.71601012e+00  -5.03091549e+00  -8.83547315e+00
  -2.99604682e+00   1.75457068e+00   4.61428971e+00   6.82808374e+00
   5.55463511e+00   2.84508416e+00  -4.19742043e+00  -9.25408765e+00
  -9.69030172e+00  -4.86077831e+00   4.69785547e+00   1.05422409e+01
   1.11189147e+01   7.64650664e+00   8.55928075e+00   8.11050724e+00
   7.85896932e+00   1.11219054e+01   1.23660787e+01   1.20730205e+01
   5.51487527e+00   3.36197393e+00   6.72140769e+00   4.43891959e+00
   6.13374301e+00   8.98132270e+00   9.74907523e+00   9.63577175e+00
   8.70440114e+00   1.15058223e+01   1.09722080e+01   9.78925598e+00
   8.09798255e+00   8.12576322e+00   1.23867436e+01   5.07809517e+00
   1.47092347e+00   5.80646955e+00   1.58335333e+00  -1.09400349e+01
  -9.96742859e+00  -5.08916508e+00  -1.78715618e+00  -1.14142990e+01
  -1.96082128e+01  -1.87383699e+01  -1.98074919e+01  -1.22674401e+01
  -3.93279458e+00   2.53362689e+00  -8.47169882e-01  -5.62148934e+00
  -2.68911595e+00  -7.91943929e-01  -1.32325452e+00  -2.87558851e+00
   4.82454101e+00   4.36824904e+00   9.68032381e+00   1.01617664e+01
   1.00162002e+01   4.28486739e+00  -3.83921028e+00   7.14489641e+00
  -2.54702909e+00  -1.29678131e+01  -1.31921289e+01  -9.60850954e+00
  -1.69835944e+00   7.61546964e+00   1.22457399e+01   1.73427228e+01
   1.97489932e+01   1.92943455e+01   1.72177806e+01   1.24939486e+01
   1.37024762e+01   1.65933776e+01   1.28365151e+01   1.63375764e+01
   2.13125488e+01   2.18204769e+01   2.44525391e+01   2.55761801e+01
   2.01655587e+01   1.12565197e+01   1.17206149e+01   3.86659553e+00
  -1.34068091e+00   2.36957385e+00   7.42284676e+00   7.52508669e+00
   7.02834534e+00   1.06907788e+01   1.62622564e+01   1.18442391e+01
   1.24097659e+01   1.66873998e+01   1.06100466e+01  -8.25834516e-01
  -1.39523661e+00  -2.01005687e+00  -2.90976400e+00  -9.87332436e+00
  -6.59220274e+00  -4.57519317e+00  -3.26485717e-01   5.99516602e+00
   7.71748971e+00   1.07625402e+01   3.03099579e+00  -1.24017222e+00
  -2.79210904e+00   4.37046979e-01  -3.29342334e+00   1.66774142e+00
   1.04803302e+01   1.01081045e+01   2.88595516e+00   2.28462989e+00
   4.27619707e+00   4.99382980e+00   3.25838079e+00  -3.03516522e-01
  -2.44717503e+00   2.46308590e+00   6.83599359e+00   2.85084425e+00
   9.30379233e-01   3.63877207e+00   7.33957520e+00   1.10695478e+01
   4.55892182e+00   1.14582264e+00  -5.78478194e+00  -6.83641360e+00
  -5.51347511e+00  -4.69541548e+00  -3.75357598e-01   2.90582086e+00
  -9.21724966e-01  -1.69608647e+01  -1.97605193e+01  -1.37480071e+01
   3.03261318e+00   8.65105303e+00   1.34534477e+01   1.44834744e+01
   2.10034191e+01   2.21817614e+01   1.64333877e+01   1.48938610e+01
   1.79999090e+01],[ -2.22044605e-14  -2.22044605e-14  -2.22044605e-14   1.81849085e+01
   2.18472411e+01   1.12832457e+01   4.99647398e+00   1.26594628e+01
   1.09996042e+01   5.34602581e+00   1.70139343e+01   1.55999715e+01
   1.50824527e+01   1.01593531e+01   5.67812590e+00   6.85326172e+00
   1.14983214e+01   1.34210047e+01   1.69788306e+01   1.70043246e+01
   1.26658276e+01   7.09869556e+00   1.62408774e+01   1.45149274e+01
   9.54059453e+00   1.15229071e+01   1.10024169e+01   1.30796760e+01
   1.39894536e+01   5.75727641e+00   7.32225101e+00   1.19423019e+01
   7.55092954e+00   7.94639934e+00   8.50949832e+00   1.28814761e+01
   1.10186164e+01   1.32185237e+01   7.19115665e+00   1.40398589e+00
   6.18252160e-01   5.40262169e+00   9.38030486e+00   1.46024023e+01
   1.57248828e+01   1.03653272e+01   7.02860456e+00   7.25251070e+00
   5.09459850e+00   2.26345391e+00   5.32959350e+00   5.90388419e+00
   7.71085728e+00   1.71292954e+00  -9.21807786e-01   5.20308263e+00
   9.88333208e+00   4.10149905e+00  -2.34814368e+00  -1.93393987e+00
  -1.18509628e+01  -1.93356886e+01  -2.31700343e+01  -2.37699642e+01
  -1.75352047e+01  -6.05722865e+00  -9.17276411e+00  -1.18152106e+01
  -1.26444981e+01  -7.92202196e+00  -1.54152928e+00  -6.14828301e-01
  -6.48346799e-01  -4.87574153e+00  -1.51602182e+01  -1.92478910e+01
  -2.17394214e+01  -2.09956831e+01  -1.86041242e+01  -1.46450589e+01
  -5.30734919e+00  -2.37736553e+00  -3.59234414e-01   1.71603602e+00
  -2.64551616e+00  -8.61380796e+00  -9.47213212e+00  -9.24588720e+00
  -2.59048174e+00  -4.16237938e+00  -4.76283342e+00  -1.03670712e+01
  -1.96911436e+01  -2.57794941e+01  -3.21655886e+01  -3.05705734e+01
  -2.98332182e+01  -2.77550513e+01  -2.79364713e+01  -2.97148129e+01
  -3.27047151e+01  -2.25449968e+01  -1.13954247e+01  -7.51460625e+00
  -1.25042842e+01  -3.07870739e+00  -9.60990209e-01  -3.92228488e+00
  -4.34654662e+00  -5.38682017e+00  -6.83271686e+00  -6.24493546e+00
  -6.77816803e+00  -5.05266440e+00  -6.93448270e+00  -1.28978561e+01
  -1.53393856e+01  -1.35755986e+01  -8.47055689e+00   1.68806014e-01
   4.30585128e+00   1.46085443e+00   2.43756856e+00  -6.69441653e-01
   2.61579957e+00   8.44210849e+00   9.44151855e+00   5.51588280e+00
   4.39670379e+00   2.22531104e+00   7.45574588e-02   5.58399075e-01
   1.30175889e+00   6.61651726e+00   7.10404931e+00   4.73419460e+00
   4.80024651e+00   6.79816156e+00   8.75424564e+00   1.00267767e+01
   5.71372150e+00   7.86900069e+00   9.61090004e+00   3.50952437e+00
   3.73050918e+00   6.24446196e+00  -4.12373031e+00  -1.98069081e+01
  -2.52068997e+01  -2.11736043e+01  -1.45801580e+01  -1.89328287e+01
  -2.12739374e+01  -1.58129006e+01  -9.67923781e+00  -2.70855308e+00
   4.47711767e-01  -4.20641901e+00  -1.53670359e+01  -2.27572655e+01
  -2.26426708e+01  -2.21253860e+01  -1.98182618e+01  -1.08779366e+01
  -2.19901180e+00  -2.46791364e+00   4.51021100e+00   2.53790530e+00
   1.50052192e+00   6.02322200e-01   3.42377891e-01   1.28448551e+01
   4.72433905e+00   2.57623618e+00   8.46299308e+00   1.17421095e+01
   1.53480085e+01   1.59771808e+01   1.42526567e+01   1.63994978e+01
   1.61637283e+01   1.67447018e+01   1.50057155e+01   1.08369794e+01
   9.14601197e+00   1.20343958e+01   8.45732199e+00   9.55193306e+00
   1.34303327e+01   1.28808263e+01   1.30339472e+01   1.08535776e+01
   4.97667799e+00  -1.16625131e+00  -3.83731128e+00  -1.05590580e+01
  -1.47538897e+01  -1.70214194e+01  -1.48664072e+01  -1.36181075e+01
  -1.49333998e+01  -1.80389864e+01  -1.00716387e+01  -1.33293480e+01
  -1.63621039e+01  -1.29115955e+01  -1.43227079e+01  -2.53160397e+01
  -2.66400364e+01  -2.63220541e+01  -2.57859310e+01  -2.41017845e+01
  -1.78622832e+01  -1.25084509e+01  -5.45456955e+00  -4.18313768e+00
  -6.10605559e+00  -5.98832904e+00  -9.23459528e+00  -1.22558959e+01
  -2.03318808e+01  -2.03391470e+01  -2.34259233e+01  -2.52244786e+01
  -1.95940645e+01  -1.73073224e+01  -2.29949372e+01  -2.00828038e+01
  -1.79039504e+01  -1.74651875e+01  -1.85448908e+01  -2.54394381e+01
  -3.06484301e+01  -2.73341424e+01  -2.16337340e+01  -2.01875517e+01
  -1.37501460e+01  -1.18686394e+01  -1.15694110e+01  -7.14739083e+00
  -1.02033248e+01  -1.62010945e+01  -2.90678654e+01  -3.04494988e+01
  -3.08813013e+01  -2.40588231e+01  -1.71565911e+01  -9.86033238e+00
  -4.22237485e+00  -6.64823393e+00  -6.65404487e+00  -5.55085814e+00
   9.16456173e+00   1.39483845e+01   1.53873033e+01   1.18983643e+01
   8.69740053e+00   1.08694984e+01   1.55107816e+00   4.21490035e-01
   7.20120003e+00],[  3.46389584e-14   3.46389584e-14   3.46389584e-14   1.36041775e+01
   1.84272517e+01   1.25101685e+01   1.07426585e+01   1.46366327e+01
   1.31370408e+01   9.62630966e+00   1.86192419e+01   1.92993235e+01
   1.24823150e+01   5.31609669e+00   3.69472427e+00   9.31663470e+00
   1.63675414e+01   1.82784158e+01   2.09594372e+01   2.32109381e+01
   2.26752693e+01   7.68808662e+00   9.92247504e+00   1.50268648e+01
   1.44184216e+01   1.55338227e+01   1.23065956e+01   1.13940378e+01
   1.65929370e+01   1.05711793e+01   7.87329003e+00   8.53289926e+00
   5.84671538e+00   3.73895866e+00   4.67625449e+00   1.19360412e+01
   1.06506289e+01   1.09516775e+01   5.18671404e+00   1.63276742e+00
   4.81225212e+00   7.71739305e+00   5.25106159e+00   1.23965012e+01
   1.44294826e+01   6.07627178e+00   4.82861140e+00   1.06076221e+01
   6.75457377e+00   1.12432154e+00  -8.01491746e-01   7.43018778e+00
   4.99232669e+00  -4.25739642e+00  -6.64167134e+00  -6.30780737e+00
  -2.06080036e+00   8.64674420e-01   1.58929504e+00  -7.55245635e+00
  -1.76596145e+01  -1.91750694e+01  -2.21602137e+01  -2.18628525e+01
  -1.90372185e+01  -5.47650505e+00  -2.81788264e+00  -6.95989810e+00
  -9.51825830e+00  -6.37397195e+00  -1.68025951e+00  -4.93469955e+00
  -4.61076430e+00  -2.06736155e-01   1.19952462e+00   2.35100723e+00
  -1.71473669e+00  -5.38811073e+00  -4.80993318e+00  -1.33664664e+01
  -1.15759205e+01  -5.84862104e+00  -1.42881401e+00   5.00377772e+00
   1.86725061e-01  -6.06404305e+00  -1.33809917e+01  -1.58468536e+01
  -5.00625257e+00   7.67770106e-01   3.00343770e+00  -8.61273893e+00
  -1.86387695e+01  -2.58885134e+01  -2.89928995e+01  -2.73859444e+01
  -2.36254354e+01  -1.94293383e+01  -1.78026167e+01  -1.80695844e+01
  -2.45075265e+01  -2.21868150e+01  -1.63140949e+01  -1.54441601e+01
  -1.55047886e+01  -1.01450200e+01  -1.02854573e+01  -1.00059689e+01
  -4.28889480e+00  -1.05360168e+00  -3.62071495e+00  -9.33890173e-01
   2.55607427e-01   6.34572270e+00   1.16459869e+01   1.25416269e+01
   3.73070171e+00  -4.42589803e+00  -5.62139967e+00  -2.73277249e+00
  -1.14457973e+00  -5.93972785e-01  -2.92089847e+00  -4.57896038e+00
   1.93964800e+00   1.42997586e+00   9.88713274e-01   1.60422698e+00
   5.94578753e+00   5.18091852e+00   8.88802088e-01   3.77763811e+00
   4.45281562e-01   4.58810904e+00   5.92538736e+00   4.03714063e+00
   5.06312860e+00   3.90158861e+00   6.77724670e+00   1.31248060e+01
   9.81455928e+00   1.15067695e+01   8.99669677e+00   3.70526268e+00
   6.91479866e+00   1.01267577e+01   9.34111941e-01  -1.48485957e+01
  -2.04494217e+01  -1.67789323e+01  -8.95928725e+00  -5.10299917e+00
   6.41034169e-01   6.65608108e+00   8.90757498e+00   3.49661174e+00
   3.00822411e+00  -1.92434671e+00  -1.03364409e+01  -1.51572617e+01
  -1.26730288e+01  -1.92790772e+01  -2.26913118e+01  -1.52897079e+01
  -7.30380841e+00  -1.08344712e+00   5.21697125e+00   2.02775251e+00
  -2.03935822e+00   2.83205712e-02   6.79145438e+00   4.88732322e+00
  -1.03934238e+01  -1.52011941e+01  -1.35266242e+01  -1.15071410e+01
  -7.84066963e+00  -5.34717263e+00  -4.56203177e+00   1.44376644e+00
   2.94258773e+00   4.47132030e+00   2.65037637e+00   9.87109068e-01
   6.84281398e-01   2.31231706e+00   1.44580651e+00   2.25041804e+00
   6.35389131e+00   6.40242838e+00   2.10583532e+00  -3.96523636e+00
  -2.72344508e+00   1.33649196e+00   1.83091865e+00  -3.30255136e-01
  -1.56009193e+00  -6.04694253e+00  -6.91200989e+00  -2.72426777e+00
   2.36058280e+00  -6.77565025e+00  -9.07959371e+00  -1.42255625e+01
  -1.88412042e+01  -2.03206532e+01  -2.01047890e+01  -2.27732962e+01
  -2.21861087e+01  -1.53034608e+01  -1.04738096e+01  -9.38831466e+00
  -5.02951426e+00  -3.57866425e+00  -1.68273967e+00  -2.58623442e-01
   2.28736739e+00   1.26440740e+00   1.87499670e+00  -2.50981071e+00
  -1.37415799e+01  -1.74926399e+01  -1.79459055e+01  -1.64476285e+01
  -1.19372219e+01  -4.52823373e+00  -2.61464863e+00  -1.84300062e+00
  -3.72785804e+00  -6.99389310e+00  -8.86150558e+00  -1.35106277e+01
  -2.88753715e+01  -2.81625932e+01  -2.53027650e+01  -2.07453156e+01
  -4.23707512e+00   1.87946921e+00  -1.99641276e-01   1.95782397e+00
  -2.72784785e+00  -7.47343865e+00  -7.01003115e+00  -5.94850504e+00
  -1.50367332e+01  -1.78476881e+01  -1.95126113e+01  -1.33262240e+01
   5.56118068e-01  -6.74556231e+00  -1.67243954e+01  -2.11643358e+01
  -9.34516775e+00  -1.55938084e+00   2.50748789e+00   6.35384975e+00
   1.37701341e+00  -2.67590904e-01  -9.67063332e+00  -9.18647676e+00
  -5.39900391e+00],[  5.32907052e-15   5.32907052e-15   5.32907052e-15   1.92715990e+00
   4.02289238e+00   3.04440246e+00   2.50731546e+00   3.58857994e+00
   2.53506776e+00   1.94886931e+00   7.07940313e+00   8.08577660e+00
  -9.77609050e-01  -6.24637220e+00  -3.47593989e+00  -2.99801759e-01
   4.01982707e+00   7.79615852e+00   1.16541013e+01   1.33858967e+01
   1.20887509e+01  -2.18372249e+00  -2.98393101e+00   3.52238803e+00
   5.66529357e+00   4.28595298e+00   3.01389063e+00   8.77675270e-01
   3.98881424e+00   6.61558869e+00   7.05622936e+00   4.33544910e+00
   4.93441258e+00   2.60640464e+00   3.63024225e+00   9.98404671e+00
   1.10439732e+01   8.52906384e+00   2.16505733e+00   2.82821718e+00
   7.00136071e+00   4.72663778e+00   7.99093587e-01   5.10246366e+00
   5.73547126e+00   4.13568263e+00   5.11011543e+00   8.10513500e+00
   4.70986597e+00  -3.05267527e-02  -4.07271576e+00   4.74250079e+00
   3.29956083e+00   2.15090152e+00  -8.15565777e-01  -8.44858275e+00
  -6.53122888e+00  -6.08008183e+00  -4.06985545e+00   1.30629963e+00
  -4.34256662e+00  -1.05095554e+01  -1.91225878e+01  -2.40487741e+01
  -2.79071290e+01  -2.61625737e+01  -2.42158897e+01  -1.80814317e+01
  -1.84529755e+01  -1.60780745e+01  -1.45670753e+01  -1.40453128e+01
  -1.46232431e+01  -1.49236386e+01  -1.25116469e+01  -7.64932051e+00
  -2.43733749e+00  -8.13445527e+00  -6.97437473e+00  -1.16804249e+01
  -1.60830753e+01  -1.27781553e+01  -4.89427533e+00   1.89125695e+00
   1.20788070e+00  -3.05716315e+00  -8.87037727e+00  -7.61753744e+00
  -1.21046939e+00  -2.37469830e+00   7.34445010e-01  -8.16468612e+00
  -1.54540700e+01  -2.08967404e+01  -2.28532863e+01  -1.99926336e+01
  -2.00711980e+01  -2.34925869e+01  -2.70534940e+01  -2.78896035e+01
  -3.29256063e+01  -3.06252878e+01  -2.40390755e+01  -1.87647524e+01
  -1.41590390e+01  -1.27964492e+01  -1.00729952e+01  -7.59515714e+00
  -3.20442844e+00   4.51511963e-01  -5.26425342e+00  -4.45948852e+00
   5.99558326e-01   1.79714729e+00   6.35088047e+00   1.17673708e+01
   1.06199157e+01   4.32644505e+00  -3.07298037e+00  -5.58342008e+00
  -1.15713032e+00  -4.89806874e+00  -6.73587701e+00  -7.77031896e+00
  -5.71025984e+00  -1.35764225e+00   1.65203993e+00   3.44321061e+00
   8.05004077e+00   8.62064370e+00   7.33735848e+00   6.16933296e+00
  -2.64568322e+00   3.61433599e+00   6.86442208e+00   3.18720617e+00
   2.62104707e+00   1.25971707e+00   4.95474978e+00   1.32854693e+01
   1.22240150e+01   1.43931302e+01   8.31361235e+00   2.85962251e+00
   6.40186087e+00   9.42830159e+00   3.94218572e+00  -8.92123193e+00
  -1.26743017e+01  -1.00195284e+01  -8.02830592e+00  -7.71605738e+00
  -4.53125396e+00  -5.53616296e+00  -1.26535527e+01  -2.22645791e+01
  -2.63610981e+01  -2.64402892e+01  -2.52722035e+01  -2.65928603e+01
  -2.01046458e+01  -1.78425303e+01  -1.24957540e+01  -9.74106822e+00
  -4.88770928e+00   3.16776487e+00   7.29182837e+00   5.94480846e+00
   1.91389809e+00   5.08563278e+00   8.25850158e+00   2.26753091e-01
  -1.56646334e+01  -2.05365367e+01  -1.61839074e+01  -1.22454125e+01
  -1.12211007e+01  -5.20788860e+00  -6.29083716e+00  -4.97678373e+00
   9.51920600e-01   2.58025132e+00   1.21140837e-01  -7.65657596e+00
  -1.15252875e+01  -8.15581674e+00  -6.81404237e+00  -7.14724988e+00
  -4.41699092e+00  -4.71961450e+00  -6.70592239e+00  -9.93773316e+00
  -9.08180509e+00  -6.92124837e+00  -5.92280222e+00  -2.70586928e+00
   1.22322783e+00   2.04359527e+00   2.56403070e+00   1.08874823e+01
   1.42024436e+01   5.83793837e+00   1.65765004e+00   1.26548122e+00
  -6.25775251e-01  -3.81530022e+00  -5.54889435e+00  -5.67149563e+00
  -4.95226011e+00  -1.47225256e+00  -1.15009248e-01  -6.87307976e+00
  -9.08848859e+00  -1.09666249e+01  -1.70182427e+01  -1.60036904e+01
  -7.67633734e+00  -2.57806014e+00   2.01601898e+00   2.39394597e+00
   1.84206055e+00  -4.78687753e+00  -4.68958171e+00   8.88174725e-01
   2.74797124e+00   6.35872027e+00   1.05991863e+01   1.11764351e+01
   6.61815724e+00   9.28252426e-01   2.17942939e+00   1.69769605e+00
  -1.22166479e+01  -1.16368109e+01  -8.04204253e+00  -4.76458522e+00
   2.86000340e+00   3.26328544e+00  -3.76640631e+00  -4.74320653e+00
  -8.42296639e+00  -7.77889240e+00   3.34224160e-01   7.35438410e-01
  -5.43477197e+00  -9.78117973e+00  -1.24954318e+01  -8.80598360e+00
   2.55723398e+00  -4.04323405e+00  -5.31420035e+00  -9.53558105e+00
  -5.49863289e+00  -3.09693059e+00  -9.45073971e+00  -1.13806386e+01
  -8.31969669e+00  -4.70994889e-01  -5.86066160e+00  -4.08547662e-01
   3.54666929e+00],[  8.61533067e-14   8.61533067e-14   8.61533067e-14  -1.76509961e+00
  -2.39690105e+00  -4.20821590e+00  -1.24336346e+00   2.38822054e+00
   2.67269510e+00   2.72921971e+00   2.06683947e+00   2.35468748e+00
  -4.67440696e+00  -1.01653325e+01  -7.13659889e+00  -4.05856207e+00
  -6.15237017e-01   9.08013967e-01   4.19801246e+00   1.15418501e+00
   1.23010056e+00  -3.34040200e-01  -1.77949263e+00  -2.40773987e+00
  -1.81792028e+00  -2.58414688e+00  -2.61899577e+00  -5.89127273e+00
  -5.08794432e+00   1.18753072e+00   4.37648117e+00   2.08997014e+00
   2.40819596e+00   2.12759675e+00   3.15289294e+00   9.61723906e+00
   1.36697523e+01   9.86549602e+00   1.54457997e+00   4.15992784e+00
   7.04427080e+00   7.78971776e-01  -1.99423529e+00  -3.44643663e+00
  -3.51529915e+00   4.00928413e+00   6.94757107e+00   1.49867247e+00
   1.04214536e+00   1.79191796e+00   3.12117585e-01   5.02994385e+00
   3.06400755e+00   6.58779717e+00  -8.94031756e-02  -6.80409911e+00
  -3.96843039e+00  -6.04779813e+00  -2.28605802e+00   8.65351249e+00
   6.41068290e+00  -1.40363740e-01  -3.59320287e+00  -2.65552899e+00
  -6.45897177e+00  -1.22863075e+01  -1.53502888e+01  -5.69819559e+00
  -9.22920185e+00  -1.28113055e+01  -1.55731629e+01  -1.81282772e+01
  -1.87246956e+01  -1.96218557e+01  -1.87570209e+01  -1.39028732e+01
  -2.27212219e+00   1.78827343e+00   8.13683367e-01  -3.24332081e+00
  -1.13293200e+01  -1.24984945e+01  -7.08141299e+00  -5.02033742e+00
  -6.92462284e+00  -1.44722098e+01  -1.20695570e+01  -4.11722648e+00
  -1.50645071e+00  -4.40609311e+00  -1.28471984e+00  -6.57596948e+00
  -1.55651230e+01  -1.53070706e+01  -1.40643635e+01  -8.18768001e+00
  -9.59947219e+00  -8.86718559e+00  -1.31198646e+01  -1.06338976e+01
  -1.35206760e+01  -1.22653020e+01  -9.43031511e+00  -7.96805429e+00
  -9.88599475e+00  -1.21501299e+01  -8.20407777e+00  -6.35238513e+00
  -7.57212326e+00  -5.07856801e+00  -1.09281362e+01  -1.48606533e+01
  -9.99680979e+00  -9.61707079e+00  -1.19076440e+01  -9.71924846e+00
  -6.61641748e+00  -1.71598620e+00  -5.08243085e+00  -5.21806826e+00
   3.75059331e+00  -3.69810638e+00  -7.89193507e+00  -7.75016435e+00
  -7.35680703e+00  -1.84918401e+00   4.12764146e-01   2.24636662e+00
   6.02693950e+00   4.37844999e+00   3.51078685e+00   2.08762038e+00
  -4.80080745e+00   5.57273440e+00   9.70440530e+00   3.75460570e+00
  -1.18695721e+00   1.28552858e+00   5.39943495e+00   9.00293166e+00
   9.14809776e+00   1.36275059e+01   6.56685798e+00   1.53465046e+00
   4.31009499e+00   4.82938159e+00  -1.51252351e+00  -8.09064200e+00
  -1.00031884e+01  -9.86515913e+00  -1.09291215e+01  -1.40371773e+01
  -1.66069835e+01  -1.92766606e+01  -2.14222896e+01  -1.54489636e+01
  -9.43776109e+00  -4.12135589e+00   3.82386102e+00   1.93035720e+00
   2.45305812e+00   3.87342266e+00  -2.40785822e+00  -4.77543313e+00
  -4.98892874e+00   5.04226342e-01   3.28075234e+00   3.37509870e+00
   3.21909605e+00   7.35233238e+00   1.27457702e+01   1.06019484e+01
   1.19268631e+01   1.10128874e+01   1.36792130e+01   1.73925588e+01
   1.67490074e+01   2.18420860e+01   2.57250282e+01   2.49818342e+01
   1.29168668e+01   1.25145271e+01   4.03806635e+00  -7.57756796e+00
  -1.01985934e+01  -8.77356298e+00  -7.43265471e+00  -1.14175623e+01
  -1.20868328e+01  -1.24617956e+01  -6.50375803e+00  -8.50224507e+00
  -1.64695295e+01  -1.99069330e+01  -2.15267304e+01  -1.33051067e+01
  -1.10404379e+01  -1.08959077e+01  -1.10012899e+01   5.12276934e-01
   7.28331534e-03  -6.02516802e+00  -2.37526999e+00   4.38526561e+00
   4.23977492e+00   1.94165979e+00   4.85195513e-01  -2.22315384e+00
  -8.35021234e-01  -2.78510430e+00  -8.22879747e+00  -1.74228074e+01
  -1.92498759e+01  -1.61590236e+01  -1.84601226e+01  -1.93096202e+01
  -1.45051279e+01  -1.09408819e+01  -8.96835340e+00  -3.87833687e+00
  -1.01679727e+00  -2.34621909e+00   9.45709341e-02  -3.72595509e+00
  -5.71418442e+00  -6.53143523e+00  -7.89521608e+00  -7.10622558e+00
  -1.02083486e+01  -1.28765984e+01  -9.26672772e+00  -5.03034117e+00
  -8.20117474e+00  -8.48131753e+00  -2.80638787e+00  -1.60513723e+00
  -7.90352770e+00  -1.74573532e+01  -2.47222737e+01  -2.64395479e+01
  -2.61417851e+01  -2.09098064e+01  -1.75162888e+01  -1.52752498e+01
  -1.05629195e+01  -7.34390023e+00  -8.32653661e+00  -6.59418667e+00
   4.41975400e+00   3.38415808e+00   5.63501215e+00   9.01192326e+00
   1.42848349e+01   1.30052192e+01   6.45917919e+00  -2.34267877e+00
  -5.43040320e+00  -5.65574021e-01  -4.28490806e+00   8.64221384e+00
   1.52895690e+01],[ -5.50670620e-14  -5.50670620e-14  -5.50670620e-14   4.23046957e+00
   1.70464693e+00   2.51071870e+00   1.07412468e+01   1.70256629e+01
   1.53495784e+01   1.34725594e+01   7.76467179e+00   8.03836689e+00
   5.33037159e+00   3.12476496e+00   1.34684170e+00   4.30912232e+00
   1.15202809e+01   1.14739040e+01   9.51444348e+00   2.63420759e+00
   7.12378941e+00   1.44493708e+01   9.23230780e+00   6.36127837e+00
   7.13718951e+00   7.09386173e+00   5.00942492e+00  -6.40772878e-01
   1.09659882e+00   3.46396834e+00   2.59173724e+00   6.94379873e-01
   3.13956824e-01   3.83872934e-01   1.71064840e+00   9.35532577e+00
   1.50127960e+01   1.14681178e+01   3.47930100e+00   5.47681882e+00
   6.17587807e+00   1.97154389e+00  -2.15787711e-01  -5.27383498e+00
  -7.09735477e+00   1.69384212e+00   5.90527009e+00  -1.41209695e+00
   1.85026000e+00   5.80453413e+00   6.52038633e+00   4.37076239e+00
  -8.43680586e+00  -6.58876446e+00  -7.54484573e+00  -6.43028571e+00
  -1.67266234e+00  -1.66860641e-01   4.81522266e+00   8.77185296e-01
  -1.67079780e+00  -7.21372137e+00  -1.33214821e+01  -8.71081120e+00
  -1.02607152e+01  -1.31326947e+01  -1.05804160e+01  -8.88848166e+00
  -1.03205244e+01  -1.16131225e+01  -8.25605506e+00  -4.37301911e+00
  -6.99776606e+00  -1.49978466e+01  -2.16946892e+01  -2.10099573e+01
  -1.00872956e+01  -1.54195830e+00   5.43810565e+00   5.92320831e+00
   2.72128108e+00   6.04777726e-01   1.04527530e+00   3.58565100e+00
   4.61977869e+00  -4.37483354e+00  -3.40135691e+00   1.61961763e+00
  -3.09614418e+00  -6.81817202e+00  -3.41513002e+00  -1.23211974e+01
  -2.47947435e+01  -2.75483193e+01  -2.44432492e+01  -1.97654835e+01
  -1.52288574e+01  -1.11587871e+01  -1.30487204e+01  -8.40867891e+00
  -5.73602966e+00  -1.82468314e+00   1.56668940e-02  -1.87713286e+00
  -7.75288907e+00  -9.20068683e+00  -9.55988183e+00  -1.37848193e+01
  -1.00988571e+01  -3.00237911e+00  -3.49078371e+00  -5.14351722e+00
  -5.50915399e+00  -2.90405112e+00  -6.53284226e+00  -1.20826581e+01
  -4.37472592e+00   2.02259277e+00  -9.33502545e-02   3.32911035e+00
   9.04160802e+00   3.80786376e+00  -1.81053698e+00  -1.12334486e+00
  -1.65668772e+00  -4.41637347e+00  -2.13027967e+00   2.82037168e+00
   2.59856060e+00   3.46506248e-01  -5.14342506e+00  -3.11182199e+00
  -3.34472390e+00   4.65330345e+00   7.73136259e+00   2.55191532e+00
  -1.87423175e+00   3.19687840e+00   5.50511448e+00   5.74404701e+00
   7.90229435e+00   1.00384612e+01   3.71265901e+00   5.28149827e-01
   2.93920788e+00   2.84967389e+00  -6.97885910e+00  -7.54352783e+00
  -6.76220202e+00  -9.24181078e+00  -9.25513096e+00  -1.29289466e+01
  -1.54929029e+01  -1.61230368e+01  -1.39226425e+01  -1.02931242e+01
  -3.86177404e+00  -7.19293365e-01  -4.31612010e+00  -1.01690151e+01
  -8.66044219e+00  -4.51239512e+00  -1.46175286e+01  -1.29618966e+01
  -9.35053089e+00  -2.79441017e+00  -2.61001721e+00  -3.58732298e+00
  -7.40275442e-01   1.71746719e+00   3.97615584e+00   8.73182674e+00
   8.89437475e+00   6.79262720e+00   9.76982680e+00   1.27092887e+01
   6.78974665e+00   1.00706346e+01   2.18648819e+01   2.38561061e+01
   1.41319197e+01   1.17497557e+01   8.92811532e+00   5.96981425e+00
   7.65466412e+00   2.59246459e+00   3.39033720e+00   4.60688946e-01
  -2.23200356e+00  -3.81207413e+00   6.80925721e+00   4.57850353e+00
  -1.00048395e+01  -1.31743923e+01  -1.28125842e+01  -8.75221351e+00
  -1.50622142e+01  -1.76757994e+01  -1.84026511e+01  -1.11263390e+01
  -7.05551888e+00  -1.14517344e+01  -6.42933656e+00   7.57856143e-01
   6.62711100e-01  -3.19294264e+00  -4.43345370e+00  -6.22753510e+00
  -3.05710293e+00  -4.11690031e+00  -1.33110505e+01  -2.19264877e+01
  -1.75888940e+01  -7.63153879e+00  -7.16318205e+00  -6.65664193e+00
  -9.89054997e+00  -1.01489492e+01  -1.10032929e+01  -1.03638327e+01
  -9.92874026e+00  -3.92695668e+00   1.31710689e+00  -7.04582395e+00
  -8.62143159e+00  -7.69707730e+00  -1.04973060e+01  -1.58122459e+01
  -1.51007768e+01  -1.27243530e+01  -1.43667876e+01  -1.23200660e+01
  -1.43011432e+01  -1.44342415e+01  -9.89550505e+00  -1.14115941e+01
  -1.48708575e+01  -2.04911839e+01  -2.09923088e+01  -1.73909212e+01
  -1.63989596e+01  -1.55368359e+01  -1.75562237e+01  -1.36404939e+01
  -5.97610086e+00  -5.12169430e+00  -6.64062909e+00  -4.82941909e+00
   5.62124766e+00   4.36690344e+00  -7.65175787e-01   4.62002382e-01
   9.62908548e-01  -6.13102497e-03   6.38999145e+00   1.06515919e+01
   7.06695711e+00   1.25597131e+00  -9.82640161e+00   5.50394182e+00
   1.27984473e+01],[  3.28626015e-14   3.28626015e-14   3.28626015e-14   6.94596710e+00
   9.12626077e+00   1.28839318e+01   2.01118339e+01   2.45911597e+01
   2.00560890e+01   1.81133299e+01   1.05307297e+01   1.12475665e+01
   1.39504298e+01   1.56213522e+01   1.20291522e+01   9.49565589e+00
   1.48971193e+01   1.74575481e+01   1.15953079e+01   8.41557461e+00
   1.43019488e+01   1.80144290e+01   1.16681841e+01   1.28433635e+01
   1.67588309e+01   1.63010586e+01   1.36882481e+01   7.73958485e+00
   7.61041751e+00   6.69935665e+00   4.02971795e+00   5.56488814e-02
   2.53017335e+00   1.45645951e+00   2.61795901e+00   7.96339375e+00
   1.24127293e+01   1.06348399e+01   4.43884780e+00   4.81147589e+00
   5.96641749e+00   6.75090164e+00   3.64122335e+00  -1.67087426e+00
  -5.67422740e+00  -2.83176210e+00   2.12111181e+00  -8.86923008e-02
   4.45062762e+00   7.76103233e+00   9.35526510e+00   3.80350937e+00
  -1.47328806e+01  -9.39801194e+00  -6.38635037e+00  -6.89482244e+00
  -5.91877128e+00  -3.64690978e+00  -2.84874706e+00  -6.71995411e+00
  -7.55120022e+00  -8.64363320e+00  -2.00712094e+01  -2.24390702e+01
  -2.23076476e+01  -2.35618036e+01  -1.75309406e+01  -1.31953169e+01
  -9.07109226e+00  -5.60660884e+00   1.02394881e+00   6.13171388e+00
   4.27442774e+00  -3.38411669e+00  -1.23881419e+01  -1.01853784e+01
  -6.97868681e+00  -1.14551642e+01  -5.28458911e+00   3.97416375e+00
   3.50275643e+00  -2.91760740e-01  -3.05163255e-01   5.37561493e+00
   4.92660346e+00  -5.09994466e+00  -1.01758856e+01  -5.48446458e+00
  -3.24818085e+00  -7.77210510e+00  -5.12364178e+00  -6.83438604e+00
  -1.26003842e+01  -1.90591173e+01  -2.56331637e+01  -2.87785048e+01
  -2.59890495e+01  -2.83401763e+01  -3.15814264e+01  -2.83071145e+01
  -2.16650821e+01  -1.69240207e+01  -5.73449964e+00  -3.10268473e+00
  -5.69720152e+00  -2.16909349e+00  -4.17410008e+00  -1.06845245e+01
  -5.57438387e+00  -2.04111814e+00  -1.91938084e+00  -3.68274548e+00
  -5.36026284e-01   4.03159543e+00   9.72051769e-01  -4.69739081e+00
  -5.26958889e+00  -3.44600356e+00  -7.18050108e-01   2.79157423e+00
   7.19211401e+00   2.62306532e+00   1.12034114e+00  -1.73468274e+00
  -5.43093092e+00  -4.56820435e+00   2.44882095e+00   5.15240665e+00
  -1.51675519e+00  -3.37845487e+00  -5.57185790e+00  -2.40813076e+00
  -1.47162360e+00   1.82325273e+00   1.67805873e+00  -9.36754437e-01
   1.23107575e+00   4.98403130e+00   5.30035066e+00   5.34904446e+00
   9.98114072e+00   6.67430508e+00   3.25032714e+00   1.28589946e+00
   8.64942239e-01   1.77338883e+00  -8.80804921e+00  -9.73425812e+00
  -9.86271598e+00  -1.34987277e+01  -1.18795122e+01  -1.35594044e+01
  -1.24504539e+01  -1.11248975e+01  -4.52812878e+00  -3.59267281e+00
  -4.47513195e+00  -4.58461130e+00  -1.34370389e+01  -1.48095763e+01
  -1.41863074e+01  -1.03655823e+01  -1.50677365e+01  -1.42277476e+01
  -7.34345906e+00  -3.92017570e-01  -3.58132413e+00  -4.90907864e+00
  -2.92064829e+00  -3.04829270e+00   1.79305181e+00   1.59499930e+00
  -1.43764721e+00  -5.15558259e+00  -2.58172108e+00  -1.99948370e+00
  -3.67644585e+00   2.51393862e-01   7.81999093e+00   9.29289119e+00
   8.29151186e+00   9.81296847e+00   1.43504614e+01   1.71350754e+01
   1.83351295e+01   1.40209469e+01   1.70093160e+01   1.75320494e+01
   1.31224648e+01   9.03566733e+00   1.81636540e+01   2.26508520e+01
   8.48837324e+00  -8.92995877e-01   1.07700791e+00  -6.41909038e-01
  -7.18749596e+00  -7.83101258e+00  -9.17822995e+00  -1.16408911e+01
  -4.92407182e+00  -7.11861732e+00  -4.80424089e+00   1.29869197e+00
   2.27157220e+00  -5.18616918e+00  -8.04411179e+00  -7.44002859e+00
  -7.02700350e+00  -1.01001378e+01  -1.70833134e+01  -2.10841242e+01
  -1.31735685e+01  -9.41603071e-01  -7.35986286e-01  -2.27892342e+00
  -5.05635452e+00  -2.36466776e+00  -2.55389877e+00  -9.47936509e+00
  -7.23336376e+00  -5.63284007e+00  -3.53876460e+00  -3.74248095e+00
  -5.18992013e+00  -6.52810336e+00  -5.13547178e+00  -1.01538549e+01
  -8.25596287e+00  -6.43741684e+00  -1.13681997e+01  -1.62559818e+01
  -2.19671984e+01  -1.98881234e+01  -1.57653112e+01  -1.69276676e+01
  -1.31231739e+01  -1.00804489e+01  -6.69344395e+00  -7.89052886e-01
   1.00884938e+00  -3.13782211e+00  -8.32588322e+00  -6.74341181e+00
  -5.53294625e+00  -9.48292946e+00  -6.07871855e+00  -7.88692277e-01
   1.02310123e+01   1.50146912e+01   1.83051732e+01   1.99865916e+01
   1.77615371e+01   1.82135388e+01   1.92633159e+01   2.52528326e+01
   2.56075776e+01   1.59520380e+01   1.37410274e+00   1.90022177e+00
   6.15643328e+00],[  1.35891298e-13   1.35891298e-13   1.35891298e-13  -7.96111234e-03
   4.02768173e+00   7.85743222e+00   8.39377129e+00   8.94735335e+00
   8.60834043e+00   1.08439026e+01   5.05539008e+00   9.29620607e-01
   5.78380865e+00   7.83952091e+00   8.20782754e+00   6.59844202e+00
   4.17326291e+00   5.34267536e+00   1.02627229e+00   3.67387781e+00
   9.07629007e+00   8.55204627e+00   5.71657164e+00   6.24327155e+00
   9.91345329e+00   1.08226626e+01   1.21393894e+01   7.61121678e+00
   1.33058222e+00   2.70276617e+00   5.82324554e+00   1.03276141e+00
   6.51539592e+00   6.52036028e+00   6.67398137e+00   7.59242750e+00
   8.83408411e+00   9.05969736e+00   3.85421151e+00   1.26027945e+00
   5.06798954e+00   8.23937384e+00   3.64012006e+00   3.54266342e-01
  -3.04364224e+00  -5.42663565e+00  -3.80696446e-02   1.43505626e+00
   4.19961476e+00   7.27901445e+00   1.09313958e+01   9.93251855e+00
  -3.19405156e+00   1.67401168e+00   2.38112309e+00  -2.08365837e+00
  -2.70940018e+00   1.22694987e+00   2.09546074e+00   7.18340648e+00
   1.09347279e+01   1.08869279e+01   4.62588594e+00   4.91252614e-01
  -5.31093632e+00  -1.18823169e+01  -1.46429573e+01  -4.68514328e+00
  -1.72428750e+00  -4.36198884e-01   1.86406079e+00   7.22732780e-03
   3.03647231e+00   4.50050982e+00   2.13253138e+00   3.73613744e+00
   1.01190652e+00  -3.90947444e+00  -5.80992198e+00   3.43504816e-01
   7.53475893e-01  -3.12686723e-01  -2.18414993e-01   1.53937688e+00
   8.47693660e-01   4.19647235e+00  -3.19745896e-01  -1.43131730e+00
  -1.97960031e+00  -1.04370209e+00   6.38543351e+00   6.51404883e+00
  -6.18254864e+00  -7.90996766e+00  -8.46592812e+00  -6.22226890e+00
  -5.76292785e+00  -6.59744075e+00  -1.16834947e+01  -1.40750846e+01
  -1.61428645e+01  -1.15210795e+01  -2.20264301e+00  -3.32078908e+00
  -4.08873379e+00  -1.19135213e-01  -5.99057469e-01   7.84972568e-02
   1.05640375e+00  -5.65627181e+00  -1.00373616e+01  -1.22289199e+01
  -2.77384911e+00  -2.70024520e-01  -5.92079705e-01   9.00438820e-01
  -2.95911534e+00  -3.18856647e+00  -2.69505766e+00  -4.98451808e+00
  -4.58536653e+00  -7.54924995e+00  -4.03201381e+00  -4.39835979e+00
  -7.18036882e+00  -3.18940986e+00   2.75145792e+00  -1.43703590e+00
  -7.39105568e+00  -8.24267046e+00  -3.92075399e+00   9.05266072e-01
   2.72011336e+00   4.29110092e+00   9.35871713e-01  -2.76285272e-01
   4.36408989e+00   6.51531618e+00   5.69579968e+00   3.90263139e+00
   7.98866853e+00   5.68112674e+00   7.75742699e+00   4.89838501e+00
  -1.57140109e+00  -9.82168904e-01  -8.33340486e+00  -1.33275924e+01
  -1.78913501e+01  -1.99233357e+01  -1.93617982e+01  -1.95538654e+01
  -1.77658170e+01  -1.69556342e+01  -1.86407643e+01  -1.82210609e+01
  -1.74643052e+01  -1.36190849e+01  -1.09813537e+01  -9.13035919e+00
  -7.58013083e+00   1.38897888e+00   3.50798690e+00   1.37064693e+00
  -7.61919770e-02   1.78145254e+00  -1.63529278e+00  -8.00826196e-01
  -1.51116279e+00  -1.19497437e+00  -2.97012715e-01   1.06566731e+00
   4.38252939e+00   2.97062194e+00   3.38565261e+00  -3.00889238e-01
   2.80421745e+00   1.79020739e+00   9.16190083e+00   1.48153507e+01
   7.53940456e+00   9.01051725e+00   1.02651843e+01   7.66212716e+00
   8.58980068e+00   5.86214701e+00   7.58790024e+00   8.18110909e+00
   4.83056528e+00   8.87660691e-01   4.34885195e+00   1.12827037e+01
   5.01473659e+00  -7.60837644e+00  -5.66477852e+00  -2.88069716e+00
  -3.49148964e+00  -3.78416458e+00  -7.15176526e+00  -1.35677496e+01
  -1.01133557e+01  -1.17257716e+01  -5.42449328e+00   1.46635847e+00
   9.25276421e-01  -9.93769341e+00  -1.14360810e+01  -9.28419063e+00
  -1.21323756e+01  -1.84774962e+01  -1.79012201e+01  -1.69048590e+01
  -1.18022840e+01  -5.59515142e+00  -3.72323463e+00  -8.37537034e+00
  -7.51726534e+00  -2.53620755e+00  -2.20025300e+00  -3.31288740e+00
  -1.27949344e+00  -7.54026516e+00  -1.11337682e+01  -1.06038798e+01
  -1.47900610e+01  -1.93864524e+01  -1.92989878e+01  -1.63535205e+01
  -1.75640013e+01  -1.80877037e+01  -1.63951204e+01  -1.89886930e+01
  -2.21764627e+01  -2.14861865e+01  -1.71781103e+01  -1.42706195e+01
  -1.29280654e+01  -1.27784401e+01  -1.31154963e+01  -1.22164460e+01
  -1.02808356e+01  -9.38175661e+00  -1.25839448e+01  -1.35094006e+01
  -1.81234904e+01  -1.82897036e+01  -1.23720058e+01  -6.18116141e+00
  -4.33572083e+00  -2.51313915e+00  -5.17856607e+00  -5.90788277e+00
  -1.19996092e+01  -1.18994994e+01  -3.02809967e+00   4.45360699e+00
   5.82062834e+00   3.18922797e+00  -1.34711817e+00  -1.28846838e+01
  -1.14473800e+01],[ -6.03961325e-14  -6.03961325e-14  -6.03961325e-14  -6.05457399e+00
  -6.24393248e+00  -4.69571308e+00  -6.99820230e+00  -5.81523330e+00
   5.66139357e-01   4.24329848e+00   2.21282337e+00  -5.79526011e+00
  -4.94482093e+00  -3.58162347e+00  -6.60937467e-01   4.08119263e+00
  -1.17354511e+00  -4.63449943e+00  -7.41229091e+00  -4.81004556e+00
   2.81727109e+00   9.75308349e-01   8.00164535e-01  -2.44469999e+00
  -1.16393712e+00   2.10987863e+00   6.62266511e+00   1.18439360e+00
  -7.74350810e+00  -2.52907216e+00   4.64623590e+00   1.77868217e+00
   6.98824314e+00   9.27550730e+00   8.78629406e+00   8.67866028e+00
   7.46592753e+00   7.44357702e+00   3.48256680e+00  -1.79261844e+00
   1.70809900e+00   5.26073317e+00   1.38751220e+00   1.50117307e-01
  -1.32756702e+00  -3.10998700e+00   3.17607526e-01   3.22760041e+00
   4.40130405e+00   6.30137658e+00   8.77024250e+00   1.17294122e+01
   1.95854553e+00  -4.00051281e+00  -1.98017057e+00   7.95282214e-02
   1.10793512e+00  -7.09215994e-01  -4.97011114e+00  -4.09183029e+00
  -4.62632928e+00  -6.78500595e+00  -3.67318768e+00  -5.19353158e+00
  -1.14317922e+01  -1.52878379e+01  -2.24505966e+01  -1.61316971e+01
  -8.70742443e+00  -1.01000340e+01  -1.44967430e+01  -1.60376378e+01
  -1.31234687e+01  -1.29659373e+01  -1.38075132e+01  -1.46911574e+01
  -1.32655455e+01  -1.11430479e+01  -1.08343833e+01  -8.76359859e+00
  -4.28717557e+00   1.63998806e+00   7.07623657e-01  -1.47862927e+00
  -1.53931450e+00   1.12228113e+01   1.32731782e+01   9.69793793e+00
   3.30384746e-01   2.25066217e-01   9.40144792e+00   5.37567092e+00
  -8.23095087e+00  -1.51621318e+01  -1.43314703e+01  -7.82534311e+00
  -2.40596495e+00  -4.72951310e-01  -3.87051096e+00  -1.00646209e+01
  -1.65311604e+01  -1.41526137e+01  -1.06652718e+01  -1.31515814e+01
  -1.22560729e+01  -5.24521643e+00  -3.77194104e+00  -2.34833374e+00
  -1.69299330e+00  -8.30798418e+00  -1.08250414e+01  -9.97513703e+00
  -2.60359203e+00  -2.89277818e+00  -2.50451306e+00  -2.06399538e-01
  -1.38455006e+00  -2.30971135e+00  -1.68142924e+00  -3.03026182e+00
  -7.83659492e+00  -9.91140405e+00  -5.30657969e+00  -5.93777823e-01
  -3.71320907e+00  -3.28525322e+00   6.32638395e-01  -5.45824652e+00
  -4.95799200e+00  -3.35373528e+00  -8.14146931e-01   3.78124543e+00
   6.18856006e+00   5.89684324e+00   4.27785332e+00   2.44929602e+00
   2.00722542e+00   5.42032975e+00   4.39303467e+00   1.67983746e+00
   2.13493025e+00   5.32497824e+00   1.07717852e+01   7.36870019e+00
  -2.06239282e+00  -1.47986818e+00  -4.87058484e+00  -1.05395390e+01
  -1.58914981e+01  -1.41282945e+01  -1.35543103e+01  -1.39153460e+01
  -1.45425515e+01  -1.55273201e+01  -2.15777376e+01  -2.49047548e+01
  -2.38198993e+01  -1.87955008e+01  -1.44566225e+01  -1.16229981e+01
  -7.45622342e+00   3.05957125e+00   7.98000201e+00   6.53597654e+00
  -9.45062538e-01  -4.75663452e-01  -7.85374333e-01   2.33968892e+00
   9.32290258e-02   1.01917392e+00  -3.01407321e+00   1.41341215e+00
   5.97991511e+00   3.35350363e+00   8.98934911e-01  -4.78739818e-01
   3.78673892e+00  -8.11729293e-02   1.11762645e+00   2.83948298e-01
  -4.69823050e+00  -3.46218276e+00   6.23718513e-01  -1.11279709e+00
  -2.30110042e+00  -6.60771994e+00  -1.08446909e+01  -1.01920407e+01
  -8.92674927e+00  -1.05139086e+01  -1.17596863e+01  -1.14874353e+01
  -1.51947271e+01  -2.16780868e+01  -1.65837988e+01  -1.11003857e+01
  -1.11897513e+01  -1.01941871e+01  -7.76065035e+00  -7.78646678e+00
  -5.83240050e+00  -1.00735458e+01  -4.08474699e+00  -5.12557346e-01
  -3.73680685e+00  -1.44302773e+01  -1.38812044e+01  -8.81565805e+00
  -9.87577726e+00  -1.29370845e+01  -7.83125219e+00  -9.64332752e+00
  -9.30542585e+00  -1.25625656e+01  -1.61266189e+01  -1.83515874e+01
  -1.78989918e+01  -1.30732373e+01  -7.14784983e+00   1.58893241e+00
   1.24116733e+00  -2.94823149e+00  -8.84209555e+00  -1.20823928e+01
  -1.18080366e+01  -9.27447046e+00  -1.08419574e+01  -9.44158280e+00
  -1.23711178e+01  -1.21867716e+01  -6.31352436e+00  -6.79992233e+00
  -9.51444781e+00  -1.04209401e+01  -9.87454190e+00  -9.32489298e+00
  -1.09408980e+01  -1.50735275e+01  -1.76901633e+01  -1.60861383e+01
  -1.48403823e+01  -1.07971809e+01  -1.24579158e+01  -1.37807057e+01
  -1.74031664e+01  -1.58784345e+01  -1.16752477e+01  -4.29507495e+00
  -5.57806610e+00  -1.16844664e+00   2.66404582e-01   2.73496445e+00
   2.87577722e+00   2.91998461e+00   1.31491228e+01   2.28464364e+01
   1.98691590e+01   1.78480529e+01   1.04744840e+01  -2.83569416e+00
  -4.87807162e+00],[ -6.30606678e-14  -6.30606678e-14  -6.30606678e-14  -1.66906096e+00
   4.43596089e-01  -1.33297222e+00  -1.20512249e+00  -1.07825884e+00
   5.27485678e+00   2.85657400e+00   1.84226523e+00   2.33483884e+00
  -1.19859154e+00  -7.47931670e-01   1.02215709e+00   4.51079315e+00
   2.21834364e+00  -1.15978673e+00  -7.52565200e+00  -6.11378011e+00
   5.40189827e+00  -7.63723400e-01  -6.87811262e-01  -3.82595507e+00
  -2.61780605e+00  -7.87796926e-01   4.03735293e+00  -8.36211754e-01
  -6.26317536e+00  -1.88681397e+00   1.58641806e+00   9.03044276e-01
   5.33487749e+00   6.41298873e+00   5.49164884e+00   7.34426119e+00
   6.60261225e+00   5.38030021e+00   2.38865912e+00  -1.32650209e+00
  -2.23889987e-01   3.39131568e+00   2.32394595e+00  -4.64338929e-01
  -5.78710771e-01   1.60020795e+00  -4.84685850e-01   4.50696406e+00
   6.33785329e+00   4.35678264e+00   1.22290063e+00   3.34326374e+00
  -3.84174906e+00  -1.19741471e+01  -1.25287855e+01  -6.94362862e+00
  -7.01114117e+00  -4.62683278e+00  -8.22473176e+00  -5.13636734e+00
  -3.35536909e+00  -2.75833631e+00   3.27095055e-01  -3.49519600e+00
  -6.24525885e+00  -6.66083608e+00  -1.19579756e+01  -8.97003256e+00
  -9.53310736e-01  -7.60560733e+00  -1.30523079e+01  -1.19234365e+01
  -1.21992696e+01  -1.26603773e+01  -1.00040306e+01  -7.19129696e+00
  -1.60457315e+00  -1.42851980e+00  -3.01837367e+00  -8.62159049e+00
  -1.05381455e+01  -7.59926456e+00  -9.74165546e+00  -1.03989783e+01
  -9.73024170e+00   3.52152483e+00   8.13770715e+00   2.45199766e+00
  -4.17279495e+00  -5.78323715e+00  -4.27803568e+00  -4.22082177e+00
  -7.04018218e+00  -2.09584544e+01  -2.80669055e+01  -3.19786257e+01
  -2.87301872e+01  -2.25522436e+01  -2.03807010e+01  -1.86638122e+01
  -1.91487513e+01  -1.42314724e+01  -1.18061201e+01  -9.71892389e+00
  -1.22234297e+01  -8.83271974e+00  -7.01823624e+00  -9.43728587e+00
  -8.09277856e+00  -5.63713458e+00  -5.15213058e+00  -5.25259067e+00
  -3.18379852e+00   3.16618305e+00   8.79420217e+00   1.09274862e+01
   1.50376905e+01   1.16440963e+01   4.70247902e+00   5.01964888e+00
  -1.56880484e+00  -6.49018231e+00  -6.93950659e+00  -5.44489615e+00
  -6.47738069e+00  -3.44096280e+00   1.60487413e-01  -1.91923065e+00
   2.65629294e+00   1.49592359e+00   4.77231551e+00   5.79533516e+00
   1.88260030e+00   1.48758294e+00   4.08465528e+00   2.56514833e+00
  -1.70220473e+00   2.09026917e+00   3.01145813e+00   2.58738427e+00
   5.11870082e-01   3.45131875e+00   6.02957353e+00   4.34183641e+00
  -2.29868103e+00  -3.49772330e-01  -1.67167013e+00  -5.54427002e+00
  -7.84142372e+00  -3.78210174e+00  -1.83763855e+00   5.10066517e-01
   1.17768377e+00  -6.22322649e-02  -7.37771965e+00  -1.56487029e+01
  -1.30454812e+01  -1.20099682e+01  -1.22638453e+01  -9.79216151e+00
  -4.01420047e+00  -5.90778389e+00  -3.13715901e+00  -2.96287879e+00
  -7.94927159e+00  -3.11241319e+00  -9.16259417e-01   3.58656259e+00
   1.73391380e+00   1.86442655e-01  -1.22858721e+00   3.18369938e+00
   1.28415588e+01   1.04546510e+01   7.39213556e+00   5.14761635e+00
  -3.95049628e-01  -1.18386168e+00  -2.57016838e+00  -6.97963420e+00
  -7.42444581e-01  -1.21335213e-02  -3.52366679e-01   1.34129390e+00
  -2.30673757e+00  -2.55896549e+00  -6.70998937e+00  -5.05487710e+00
  -3.01103940e+00  -2.72260441e+00  -2.30132065e+00  -2.79355310e+00
  -1.28354816e+01  -1.87480717e+01  -1.64719949e+01  -1.71162767e+01
  -1.71590096e+01  -1.30029441e+01  -5.03654495e+00   3.31858702e+00
   3.91581701e+00   5.43702634e-01  -1.78686153e-01  -1.33959436e+00
  -1.17504001e+00  -4.78854964e+00  -8.44119284e+00  -3.40367712e+00
  -5.18873253e+00  -7.08358921e+00  -3.07388027e+00  -5.87733142e+00
  -6.85086992e+00  -9.26053527e+00  -1.15808460e+01  -1.13002767e+01
  -7.50588960e+00  -9.28083384e+00  -9.04694401e+00  -5.72615064e+00
  -3.82503560e+00  -4.07797345e-01  -3.88895916e+00  -2.95349518e+00
   1.93943396e+00   9.35227341e+00   1.08061082e+01   7.22303724e+00
   6.50331149e+00   4.44972091e+00   5.93367422e+00   3.23499095e+00
  -1.75006702e+00   6.22223188e-01  -6.05077266e-01  -4.49413422e+00
  -6.77819051e+00  -8.14653233e+00  -7.64937661e+00  -5.72381905e+00
  -4.53015492e+00  -2.83063857e+00  -5.94816471e+00  -5.88639124e+00
  -6.37578440e+00  -7.61410237e+00  -5.75547783e+00  -4.71477694e+00
  -6.23472335e+00  -5.67377249e+00  -9.75493318e+00  -4.27565960e+00
   1.88776013e+00   7.79734160e+00   1.00616662e+01   1.18729235e+01
   8.63449522e+00   7.78788619e+00   7.58380120e+00  -1.08339962e+00
   3.34239526e-01],[  1.24344979e-14   1.24344979e-14   1.24344979e-14   6.26282218e+00
   9.80523003e+00   1.01991018e+01   9.03375638e+00   4.98544812e+00
   7.97315989e+00   4.25284014e-01  -1.29321821e+00   5.99015446e+00
   1.24910170e+00   3.47404046e+00   4.23164421e+00   5.34958531e+00
   6.35270561e+00   5.34715105e+00  -4.92645224e+00  -1.48074617e+00
   7.99331330e+00   1.85569108e+00   8.15119275e-01  -5.53559635e-01
  -7.04783379e-01  -3.15312353e+00   4.04748983e+00   4.07104015e+00
   1.78031995e+00   1.44256652e+00  -3.81665783e-01   1.27487376e+00
   6.50100578e+00   3.02622395e+00   1.75211592e-01   2.57914772e+00
   4.38938832e+00   4.59695469e+00   7.57248912e-01   1.36789035e+00
   1.42779243e+00   4.35579453e+00   4.50129170e+00  -1.34334097e+00
  -4.66356470e-01   3.77096294e+00  -2.48103620e+00   2.30774044e+00
   3.71105532e+00   3.10859129e-01  -3.77463471e+00  -2.49072333e+00
  -3.00389289e+00  -4.03575485e+00  -6.07799997e+00  -2.79749499e+00
  -5.45098841e+00   2.41407443e+00   5.38421477e+00   8.01711285e+00
   1.46950765e+01   1.26854541e+01   2.30804243e+00  -3.95041002e+00
  -8.99366901e+00  -8.94395315e+00  -1.19422415e+01  -4.98370533e+00
   1.40735607e+00  -8.91573231e-01  -1.03177664e+00   6.96278138e-01
  -3.09813498e-01  -2.52568056e+00  -2.29672001e+00   1.40922711e+00
   5.68130274e+00   8.03229373e+00   1.36914933e+01   7.23847757e+00
   6.09357792e-01  -2.54735780e+00  -3.42784281e+00  -2.46814687e+00
  -2.78158558e+00   6.93360583e+00   9.10940730e+00   9.31259159e-01
  -2.03388915e+00   3.74683078e-01   1.68830053e+00   4.56352796e+00
   8.22358163e+00  -2.45497181e-01  -9.05926712e+00  -1.82104934e+01
  -1.78738630e+01  -1.50799694e+01  -1.33305456e+01  -8.99798498e+00
  -7.80532117e+00  -1.34582775e+00   8.31632807e-01  -5.94984854e-01
  -7.22931859e+00  -7.46588934e+00  -7.64102780e+00  -6.49175027e+00
  -3.62376339e+00   4.04194401e+00   6.91107397e+00   7.31110390e+00
   6.63969457e+00   8.10322431e+00   1.35010506e+01   1.64512195e+01
   1.73983386e+01   1.21571992e+01   1.64101938e+00   1.04011078e+00
  -4.97645565e+00  -6.86177945e+00  -9.72136525e+00  -1.11284207e+01
  -8.83642651e+00  -2.20616846e+00  -3.97787892e+00  -3.55519310e+00
   1.49780878e+00  -2.12478024e+00   5.86416240e+00   5.51435849e+00
  -3.15106662e+00  -6.28051245e-02   1.48785285e+00   2.47676351e+00
   9.24096649e-01   8.34804610e-01   2.14339417e+00   4.32728592e+00
   3.08687778e+00   1.44499867e+00  -1.39366071e+00  -1.04752240e+00
  -3.92892727e+00  -1.82874265e+00  -1.13576699e+00  -4.31856335e+00
  -4.96504333e+00  -2.26111485e+00  -5.06682616e+00  -5.49496614e+00
  -3.06324689e+00  -4.03408177e+00  -3.38052090e+00  -4.97890493e+00
  -1.67102212e+00  -3.10711474e+00  -3.35820572e+00  -7.76168588e+00
  -7.25749854e+00  -8.85508298e+00  -7.82728921e+00  -5.62382380e+00
  -7.22568492e+00  -3.79268614e+00  -2.49493691e+00   3.49804389e+00
   3.27057644e+00  -3.41826735e-01  -2.55903565e+00   2.63256058e+00
   2.41046874e+01   2.62564932e+01   2.29611638e+01   1.97835961e+01
   7.01880831e+00   9.86171863e-01   3.30067536e+00   2.18078417e+00
   4.75018150e+00   3.55900653e+00  -2.41829019e-01   7.50341927e-01
  -4.90677876e-01   5.55262898e+00   5.90995093e+00   4.47806377e+00
   4.15664411e+00   4.63758859e+00   7.68440646e+00   1.10103132e+01
   3.50486466e+00  -1.52864516e+00  -5.81864273e+00  -1.00572753e+01
  -9.47953490e+00  -8.67831451e+00  -7.36678781e+00   1.69144008e+00
   1.42956227e-01  -1.85212193e-01  -8.42971047e-01  -8.49793176e-01
   3.97821634e+00   8.10800778e+00  -1.53972914e-01  -5.09945152e-01
  -7.20663781e+00  -1.28024279e+01  -9.10190441e+00  -7.44603579e+00
  -6.55354415e+00  -2.71124100e+00   2.07301765e+00   1.49756065e+00
   5.76968872e+00   7.62305480e-01  -9.68921444e+00  -1.31643751e+01
  -8.56326199e+00  -3.51710686e+00  -4.94851918e+00  -3.21582527e+00
  -2.79100147e+00   3.44445874e-01   5.57253110e-01  -2.32309566e-01
  -2.25420548e-01  -2.92040511e+00  -4.45236325e+00  -3.99925248e+00
  -4.50297674e+00  -3.95501501e-01   2.00936789e+00   1.57345385e+00
  -4.94311981e+00  -5.61476289e+00  -2.38579526e+00  -7.97187720e+00
  -8.39963824e+00  -6.16504060e+00  -7.09679649e+00  -8.35596843e+00
  -8.48955946e+00  -5.83218504e+00  -6.55402897e+00  -5.27926388e+00
  -3.81745695e+00   1.15518278e+00   7.74429613e+00   8.55215582e+00
  -3.86217752e-01  -1.80584868e+00  -1.18465955e+00  -3.82062960e+00
  -6.59236893e+00  -1.84552225e+00   2.96491892e+00  -5.94000867e+00
  -6.80777214e+00],[  3.81916720e-14   3.81916720e-14   3.81916720e-14   6.59635366e+00
   4.59030067e+00   4.53442197e+00   1.10637951e+00   1.01886268e+00
   2.86983579e+00  -9.62954669e-01  -5.72457095e-01   1.11368877e+00
  -3.46805794e+00   1.31864239e+00   1.79431159e-01   3.96305549e+00
   7.93115417e+00   7.09683194e+00  -3.29331249e-01   3.07316675e+00
   3.24322011e+00   3.78392813e+00   2.07284718e+00   1.55046878e+00
  -1.64620652e+00  -4.52873214e+00   6.32902920e+00   6.92516414e+00
   3.65072972e+00   2.79019912e+00   4.40162487e-01   4.51704720e+00
   9.42958510e+00   2.98278642e+00  -1.43808040e+00  -3.87553398e-02
   3.11909830e+00   6.27870143e+00   2.17943571e+00   3.96775128e+00
   1.89278444e+00   4.59086676e+00   3.89623631e+00   1.53514787e-01
  -8.57740400e-01   2.55412425e+00  -1.03822948e+00   7.97270884e-02
  -2.15359707e+00  -2.85209606e+00  -1.79310792e+00  -2.85529869e+00
   8.54130408e+00   7.74370019e+00   4.06721766e+00   5.69869843e+00
   4.28812328e-01   9.87411294e-01   5.15670048e+00   8.57142586e-01
   4.17046321e-01   2.22199547e+00   1.52490878e+00  -1.54532691e+00
  -6.79566126e+00  -5.37160616e+00  -5.78950096e+00   1.50599293e+00
   9.64170682e+00   1.26300650e+01   1.14779903e+01   5.72380222e+00
   8.93422777e+00   1.01406513e+01   6.25141789e+00   1.09392992e+01
   6.18399463e+00   4.69610710e+00   9.34985752e+00   1.02030880e+01
   6.86947859e+00   3.68299211e+00   4.25752988e+00   6.45229043e+00
   9.03922950e-01  -4.02367428e-01  -3.06098542e-01  -3.89821619e+00
  -8.24388571e-01   4.73111784e+00   5.68644998e+00   1.32917516e+01
   2.46927447e+01   1.81040005e+01   7.70480175e+00   4.13868339e+00
   9.53444291e+00   5.46723817e+00  -1.29368941e+00  -6.78955354e+00
  -1.16277576e+01  -1.11175766e+01  -1.06877413e+01  -9.93804962e+00
  -9.51906369e+00  -4.67062669e+00  -6.04835894e+00  -2.59771061e+00
  -3.39366772e-01   7.57747502e+00   1.08651905e+01   1.64120345e+01
   1.81914036e+01   9.73594206e+00   2.70727786e+00   1.08892762e+00
   2.59325254e+00   3.91055171e+00   4.33637228e+00   1.64432270e+00
  -8.50774299e+00  -4.81878595e+00  -4.20544533e+00  -5.73185454e+00
  -5.04582846e+00   1.63635724e+00  -4.50067582e+00  -3.97510339e+00
  -1.35757852e+00  -1.13781925e+00   4.87823035e+00   5.01471468e+00
  -2.89158133e+00   7.78186248e-01  -8.48793970e-01   8.50511614e-01
   3.37647009e+00   9.08414597e-01  -8.77821586e-01   2.01246244e+00
   1.65769591e+00  -2.08584993e-01  -5.04523435e+00  -3.55277539e+00
  -2.96531124e+00  -1.87150985e+00   6.66417492e-01  -1.57008226e+00
  -1.49875417e+00  -9.25845635e-01  -6.96280229e+00  -7.62970369e+00
  -5.92950958e+00  -5.19254040e+00   5.18440798e-01   5.16191802e+00
   5.58550359e+00   3.93881677e+00   2.94192660e+00  -2.63328913e+00
  -1.60036117e+00   1.26523693e+00  -9.82277789e-01  -2.65862035e+00
  -1.87891414e+00  -4.30082745e+00  -5.66890659e+00   8.88912513e-01
   2.09623245e+00   1.42421079e+00   6.79133234e-01  -8.21149414e+00
  -2.74166053e+00  -4.43643751e+00  -9.09286244e+00  -1.02172809e+01
  -1.36248407e+01  -1.62952870e+01  -1.31275148e+01  -9.02903287e+00
  -5.60078345e+00  -3.45242934e-01   3.82564107e+00   4.15786491e+00
   2.87702194e+00   9.76924745e+00   1.13468900e+01   6.96597282e+00
   7.12384260e+00   5.59714584e+00   5.16026656e+00   8.33551132e+00
   8.99270955e+00   9.94411319e+00   9.01365940e+00   5.11308130e+00
   3.67374411e+00  -9.61172987e-01  -4.35440733e+00  -1.48741357e+00
  -8.45408152e-01  -3.40518538e+00  -5.18344035e+00  -2.15543582e+00
   1.54226102e+00   5.12040845e+00   1.33561331e+00  -1.56306033e+00
  -7.40258727e+00  -1.02765291e+01  -7.01840570e+00  -6.95928447e+00
  -3.50955498e+00  -4.30435076e-01   3.86046303e+00   2.81226781e+00
   5.07129044e+00   6.36463101e+00   2.94198594e+00  -8.31261506e-01
  -7.28854473e-01  -1.50650138e+00  -4.51317371e+00  -7.55823249e+00
  -6.69002710e+00  -4.22280842e+00  -5.62079991e+00  -4.52746240e+00
  -7.24126129e+00  -4.69656347e+00  -5.84710634e+00  -3.55950339e+00
   3.17261602e-01   1.94756176e+00   2.87802751e+00   4.34819820e+00
  -1.50874730e+00  -4.67490540e+00   4.46084010e-03  -3.95365603e+00
  -5.09125977e+00  -6.71238807e+00  -4.06224755e+00  -5.12875438e+00
  -1.11166115e+01  -6.53184015e+00  -5.55674526e+00  -4.60808642e+00
   1.53377279e+00   1.14058500e+01   9.62526446e+00   6.41457804e+00
   5.41544072e+00  -9.93929353e-01   1.58321849e-01   1.28650666e+00
   2.02457410e+00   4.66144510e+00   5.96775375e+00  -1.21612896e+00
  -6.28908862e+00]