[-733.36862499 -689.82411545 -654.56346655 -542.27441948 -463.53415117
 -441.11904896 -451.2556715  -466.00289221 -489.29954233 -519.32013623
 -547.61566356 -564.65425107 -575.93552693 -582.24272911 -581.92963912
 -581.7674285  -579.70831843 -581.14493722 -580.78423675 -578.7545796
 -581.3477793  -590.18326828 -598.15958595 -590.19042478 -585.60749705
 -588.21990318 -593.16455665 -596.29432909 -592.19702263 -594.5383463
 -601.41758011 -600.98303721 -603.27548628 -611.05208306 -615.76013115
 -619.46058002 -613.06562962 -587.43536354 -515.61532215 -480.22156299
 -449.38115418 -402.90432567 -356.62187541 -330.2219366  -330.08531968
 -324.35665329 -323.54136844 -339.37370998 -362.32411032 -381.47581174
 -410.70523943 -450.21084264 -490.92266647 -508.17257897 -525.1133921
 -525.31586317 -496.51500534 -462.03136958 -433.2935402  -424.10916508
 -430.36089573 -436.68321569 -428.77151663 -426.02719223 -445.67004005
 -486.30925412 -521.01039391 -532.54602233 -536.89933177 -503.17797547
 -464.4340649  -440.41105467 -428.79366437 -410.55853238 -388.56420519
 -382.62703132 -391.8986284  -411.12616339 -432.72235039 -440.52054417
 -445.42059964 -439.91813991 -432.58015431 -417.92834606 -410.96070751
 -411.53260213 -402.95357149 -381.43999555 -374.5114268  -368.59471352
 -363.96718744 -368.2740452  -374.67105594 -377.46105162 -378.05917229
 -390.59966918 -411.66154743 -442.09354989 -463.5342968  -486.10034685
 -509.00261209 -521.98134711 -522.01454575 -525.46348138 -517.39431638
 -499.51538681 -476.56241763 -432.99424563 -419.47273956 -416.72055459
 -418.01119759 -419.8161295  -432.01973542 -448.91101379 -459.83865522
 -474.05489682 -455.57422966 -395.29594351 -387.44534193 -408.30597073
 -404.22562009 -373.30987515 -372.42564403 -389.0495231  -405.18580324
 -412.78743478 -424.7676332  -442.83001518 -458.70951963 -459.62652045
 -446.65827294 -439.90809451 -446.4889192  -447.96514258 -450.69252345
 -452.1628074  -452.34905285 -457.23367727 -465.7982798  -473.06877674
 -476.60733452 -488.53528739 -520.28343154 -558.3925686  -582.82418095
 -592.21271305 -599.79467516 -600.21279911 -606.70357625 -611.65112453
 -606.8200613  -602.0284719  -602.12278054 -592.40142593 -582.49674672
 -570.55420206 -557.23738856 -532.98463167 -475.61021331 -441.95414652
 -431.14767    -410.52254421 -392.76017637 -382.66170085 -384.41902463
 -398.3734315  -422.91868757 -443.11631355 -441.28037707 -431.51781165
 -424.87721154 -421.89724585 -426.96975486 -440.19332695 -442.02965506
 -441.5628797  -463.28173564 -487.07073264 -494.12536004 -494.09057498
 -496.21212268 -481.05108842 -452.31263946 -440.83969424 -437.1659726
 -432.62390985 -428.90955645 -430.97806114 -436.14630916 -436.21821653
 -449.67732947 -456.23283353 -474.92140908 -506.34611828 -535.27469449
 -557.30829825 -575.66747661 -587.71025831 -598.4512075  -599.33096053
 -561.64807392 -530.5942785  -521.69311987 -517.58489327 -506.44233395
 -466.29462503 -426.19623655 -399.44495957 -385.36935529 -385.62976244
 -387.31141223 -394.72862488 -396.90348885 -390.90170193 -384.23429312
 -397.70011324 -431.08645073 -460.99797995 -496.42957809 -507.50920666
 -497.23815884 -481.46865803 -479.19064703 -498.95967788 -477.03045966
 -450.43290671 -456.65151787 -483.38498963 -519.8012662  -537.01255936
 -534.26801549 -535.35981751 -538.40983239 -548.68184222 -542.65979628
 -540.39140949 -544.8805658  -554.50637295 -568.7678474  -571.59678954
 -564.68742994 -561.83981759 -528.90188509 -499.41515213 -494.41051058
 -484.77021809 -472.12797012 -461.31536979 -465.05429201 -463.610037
 -465.44047487 -455.36682834 -443.1722927  -441.3129118  -456.92755587
 -447.05539566 -438.43027328 -439.28196095 -441.56166793 -445.2805634
 -459.78207425],[   7.70549893   12.14512485   16.48535501   40.45374191   50.63391349
   61.5530053    65.7845484    69.84598337   78.08616568   88.28203127
   93.24839853  102.28960853  108.07475927  110.58871337  117.03179986
  130.9593001   133.98662895  129.5453343   128.64303401  126.15293793
  126.6124554   124.50206732  119.25730912  114.94000587  110.06898619
  109.37118122  112.77669868  119.02938168  128.10069539  127.01614774
  124.88864365  124.56280917  120.33113983  119.79782507  120.31226179
  115.89131349  118.17315305  126.06922712  178.73706626  196.53485593
  201.07546424  205.73676237  216.26598285  221.81902189  216.48827832
  217.07935709  205.67836732  186.33509296  176.63276714  174.45624678
  169.19670805  167.01596271  160.73960962  152.9358302   132.21252558
  108.57523032   87.26082666   91.33107859  123.57073901  139.00306967
  136.86133903  126.68825739  140.23028293  160.18380704  175.8423317
  165.81963019  150.14898424  142.16396622  134.73316295  142.83685321
  156.73233155  164.85586697  157.78802826  159.69455051  158.84429617
  141.30960575  108.67715015   68.24593777   37.12115837   18.08788651
    8.22534533   10.21371619   16.15646457   34.36211486   46.62889929
   69.82380949  127.35822427  170.62961049  180.03580775  181.47964438
  185.50139142  183.22720089  179.26249294  178.11976895  182.24333776
  185.13559384  196.96617806  196.26707871  190.06726526  182.19909571
  172.41325743  155.78343304  143.10930462  131.6271185   125.01481983
  124.4761954   152.43713247  187.99057144  195.61111669  191.10448548
  183.49396797  182.05044305  180.27240076  176.97709331  176.48026899
  170.3475006   163.44383071  162.12541508  158.99694207  140.61448318
  110.00155341  105.72247845   99.38474526   85.10260594   68.90391869
   63.60196917   67.24593909   65.47485873   64.95616402   96.50807987
  140.86347815  157.41133211  160.47863355  162.58118549  156.99420865
  155.02532499  153.29480634  149.24290816  144.25484105  142.31780614
  149.39010228  155.69900866  150.61323799  141.15822198  135.94906737
  135.04807812  132.29158399  132.77980454  128.82218285  128.67480975
  128.97748483  133.38577606  133.68386646  143.81949606  151.75122741
  157.48004952  163.77858703  180.81493867  214.98642174  222.68977207
  216.31204447  219.99559583  222.48283829  218.25183329  210.4145071
  201.30683738  189.75544196  184.16714743  174.06183251  163.88654367
  163.86396968  159.58969813  152.96151278  150.0329174   163.74529774
  183.84332013  191.01847988  180.04236315  177.39101994  183.73352234
  182.3937303   185.88978945  193.39298678  182.8629605   168.20858527
  152.63343145  136.7115961   116.43963146   94.68041539   82.57345576
   68.38015305   56.40728749   55.24349759   63.8598748    77.70657967
   89.07469167   98.59050138  102.71013253  107.92138682  107.88447624
  115.0409281   127.70066017  134.4309029   139.75379288  151.90398867
  183.78636184  210.51008002  222.73283323  225.89838967  217.33030966
  213.70986364  200.70514942  198.56287815  205.60650537  215.87392336
  214.82908894  204.91223309  190.36195961  159.50207189  152.05928672
  147.79964969  143.85165438  137.30901352  128.85813879  160.34240527
  180.96703524  182.96422098  172.37705958  155.29764809  137.78036403
  134.11946693  133.9131227   135.34191327  130.64245395  140.87745696
  146.40534209  144.77183186  147.4093749   138.07906942  125.56706848
  123.48220195  113.95346758  133.39171078  144.12221432  125.62318072
   79.2502811    44.9871174    31.9165799    21.52271319   14.14232565
    5.60955606    4.35074475    8.96100387   10.94586355   -1.40084958
    9.27408696   25.830711     32.05475789   30.67515516   39.1644705
   41.92319273],[ -7.40399115e+00  -2.19851357e+01  -3.32622670e+01  -5.35161336e+01
  -8.07077694e+01  -8.42451130e+01  -8.32346023e+01  -8.01979667e+01
  -6.87552690e+01  -4.86169608e+01  -2.85797945e+01  -1.89430952e+01
  -1.40802128e+01  -1.44854717e+01  -1.43093024e+01  -2.52289060e+00
  -4.20502094e+00  -7.46884761e+00  -7.78412159e+00  -1.44477920e+01
  -1.27386763e+01  -5.80728387e+00  -7.29894588e+00  -6.72530766e+00
  -1.62751941e+00  -1.15015753e+00  -1.65769880e+00   4.06706636e+00
   8.06744046e+00   8.24213802e+00   8.77187365e+00   5.79028786e+00
   1.91512704e+00   9.29221104e+00   1.77359117e+01   1.93482963e+01
   2.15463834e+01   1.87870538e+01   2.30461780e+01   1.61871768e+01
   4.03242800e-01  -1.60730048e+01  -4.08132061e+01  -5.50637843e+01
  -5.96600007e+01  -5.54620360e+01  -6.59426916e+01  -7.10751370e+01
  -6.25229004e+01  -4.10930950e+01  -2.36933757e+01  -5.43971201e+00
   7.25660898e+00   9.71078982e+00   1.14881723e+01   1.04159763e+01
  -1.03363763e+01  -1.56281280e+01  -1.03177039e+01  -2.43062603e+01
  -3.64172591e+01  -4.73209485e+01  -4.10792492e+01  -3.22863587e+01
  -1.14574649e+01   6.09271173e+00   1.84872893e+01   2.34452112e+01
   2.19878844e+01   2.62411786e+00  -4.58723262e+00  -9.03220313e+00
  -2.20922777e+01  -2.31596828e+01  -1.62221806e+01  -1.03113714e+01
  -6.32867748e+00  -1.20943974e+01  -1.62795249e+01  -2.41376056e+01
  -2.62219004e+01  -2.72925312e+01  -3.65296012e+01  -4.37311420e+01
  -5.41523407e+01  -4.89952519e+01  -1.17612019e+01  -4.75663102e+00
  -2.07696725e+01  -3.43001635e+01  -3.46443645e+01  -3.55955178e+01
  -3.37189604e+01  -3.35094250e+01  -3.06490874e+01  -2.57610302e+01
  -1.77772443e+01  -5.32357053e-02   1.39798339e+01   2.09001535e+01
   2.69170257e+01   2.41531738e+01   2.03906470e+01   1.69421346e+01
   1.55020330e+01   5.83789027e+00   1.71227957e+01   1.09142221e+01
  -3.37812359e+00  -1.02682821e+01  -2.06798923e+01  -2.67920961e+01
  -2.30967956e+01  -9.13756079e+00   3.32373792e+00   9.42840759e+00
  -5.96722087e+00  -3.75603654e+01  -3.35038231e+01  -1.48741552e+01
  -2.05201647e+01  -2.88146251e+01  -2.76712945e+01  -2.62026381e+01
  -3.22689594e+01  -4.51260027e+01  -5.12070318e+01  -5.59767864e+01
  -6.15089948e+01  -3.41549587e+01  -1.05943967e+01  -1.58113588e+01
  -2.68911571e+01  -3.05682129e+01  -3.26437432e+01  -3.39068164e+01
  -3.41240023e+01  -3.65151303e+01  -3.35784715e+01  -2.51667153e+01
  -1.71131094e+01  -7.91539104e+00   3.15189517e+00   1.31689829e+01
   2.18812492e+01   2.77865444e+01   3.05044341e+01   2.72775604e+01
   2.74768635e+01   3.33588995e+01   3.08751507e+01   3.64912878e+01
   4.36566088e+01   4.68341823e+01   4.88501275e+01   4.99552537e+01
   4.72026409e+01   4.46098167e+01   2.73507841e+01  -7.87480575e-01
  -2.25401675e+01  -3.64810315e+01  -5.20364638e+01  -6.18604209e+01
  -6.23746217e+01  -5.65681812e+01  -4.29308325e+01  -2.99861402e+01
  -3.72936886e+01  -4.99440404e+01  -5.22496759e+01  -5.53573444e+01
  -5.46418905e+01  -4.94273042e+01  -3.93470929e+01  -2.37678109e+01
  -1.05156358e+00   1.20780008e+01   1.37029009e+01   1.71525364e+01
   1.83816032e+01   1.02241320e+01  -2.41330301e+00  -1.37761025e+01
  -1.98737112e+01  -2.16969721e+01  -2.38538141e+01  -3.58199398e+01
  -4.41268764e+01  -4.30668174e+01  -3.44377655e+01  -3.60703896e+01
  -3.09630364e+01  -2.12631876e+01  -1.29904476e+01  -2.95493624e+00
   3.00749652e+00   4.95969147e+00   6.37989078e+00   8.33527672e+00
  -4.99648514e+00  -1.45004278e+01  -2.26814774e+01  -2.29458151e+01
  -1.16843153e+01  -2.09367276e-01  -2.23552073e+00  -1.80433057e+01
  -3.21465697e+01  -3.59236309e+01  -3.16504712e+01  -3.55943354e+01
  -3.67007301e+01  -3.94710035e+01  -3.79223969e+01  -2.29369017e+01
  -4.23001938e+00   3.74118007e+00   4.88838550e+00   1.86695867e+00
  -2.21708987e+01  -4.11653134e+01  -4.12860185e+01  -2.75395035e+01
  -7.44618429e+00  -1.02289124e+01  -6.12597835e+00   4.18804109e+00
   1.63850131e+01   2.01047082e+01   2.62010387e+01   2.71737052e+01
   3.00494769e+01   3.03674332e+01   2.84235295e+01   1.98075388e+01
   1.61734024e+01   2.20948571e+01   2.47743829e+01   1.74928357e+01
   1.36339244e+01   6.81156301e+00   4.26978027e+00   2.87010289e+00
  -4.38322687e+00  -2.50198920e+01  -4.39665755e+01  -4.58697137e+01
  -4.27003722e+01  -4.61290994e+01  -5.08444458e+01  -5.96683619e+01
  -6.50513697e+01  -5.93529023e+01  -6.07821022e+01  -6.40929050e+01
  -6.51912486e+01  -6.62185705e+01  -6.75317068e+01  -5.92014431e+01
  -4.92408665e+01],[   6.64151197   13.11180365   19.07925161   91.39595282  119.53576883
  124.17165695  116.015564     98.92437631   78.64603857   67.25957042
   58.07316773   40.45029571   31.58984717   22.17048611   17.49852495
   14.4714086     8.76656106   12.01065247   12.15274495    9.09534474
    8.51389893    7.2355517     2.69067183   11.01728731   25.66972635
   25.5986856    24.6602121    24.20778644   16.646871     17.48484601
   13.14715553    8.18679019    5.61709385    7.64958177   10.78223663
   19.38598284   25.55054812   25.33831485    9.61452324    3.99332163
   -5.03675244   -9.97894936  -20.88803022  -23.67137379  -24.4778322
  -15.97453092   -0.95985503   22.38062209   39.76014225   45.79715592
   45.43446607   47.85501788   44.52629961   40.40322829   39.66474666
   43.82924205   52.10776301   63.72284788   66.97793162   64.46098926
   69.1797905    64.10102588   66.58627996   58.36149468   59.5124968
   60.84929673   66.20163497   70.16576649   69.9011065    54.90522635
   57.05073145   56.21064313   54.73730361   59.1706071    77.26472583
  100.46190943  124.28839945  135.41563033  145.10147461  148.68850884
  156.67535561  161.52819769  150.08857011  137.25698711  118.50723329
  103.31605915   95.79626712   78.54547447   73.60127135   67.6957781
   69.3096096    69.50039351   77.1614915    78.0776349    81.14672202
   79.63199952   62.6650962    54.63248786   55.79707162   57.80790203
   59.70015617   55.12282975   50.13027573   47.31206927   54.36669755
   56.81837633   64.67620316   65.3072258    65.88007736   67.5714591
   67.69668416   68.98646886   65.58994938   66.13797301   66.65052118
   66.62903559   74.28063964   67.21614644   60.22627241   74.48606927
  100.04535985  105.65586666  112.8800568   123.24011615  126.696719
  125.10991432  117.69821168  103.82447583   83.89221722   82.83853149
   84.9256875    78.23411719   73.4368978    72.02169477   71.0006096
   70.28500689   72.72480048   71.68133106   73.83784365   80.59584383
   75.95156848   67.99400085   62.10186084   53.37284201   48.08945701
   43.40041998   39.70301928   33.16280855   30.43983822   31.86987644
   31.59703415   39.39147897   48.72631193   44.16823596   44.36301065
   45.77622357   45.16212302   36.23183832   17.31469621    5.0025643
    2.11536816   -0.56358022   -5.44286863    2.47098576    9.58971702
    9.33195431   15.59608072   17.88665518   23.81446706   31.30887528
   42.00807919   46.59152844   50.28879414   48.46286863   47.19370068
   38.24656858   38.48679342   49.77391425   46.47106657   49.83421841
   57.79564367   53.92188754   53.75821918   62.84890609   80.05243502
   94.43367214  108.25712815  111.37370875  114.12653413  120.92800727
  127.82724     128.93480722  117.77191936   96.07526396   75.3692085
   67.94439844   62.99530417   53.30720316   41.06560626   40.58229114
   44.1474836    43.07218831   33.85660753   25.4635351    28.47871757
   36.72434362   32.06501379   24.67989619   22.09452059   24.99872725
   26.35519008   28.91563448   29.61719511   23.7923797    14.52539652
   16.93754247   19.91660588   19.52335364   29.54823753   27.24389101
   16.72905018   14.713146     26.88712035   39.42464243   50.32269502
   50.89357785   47.10939514   42.90618906   44.45323862   57.36153401
   65.45118047   63.4305181    61.35295819   64.63431716   60.97248131
   52.14320393   43.19398427   38.95156797   41.09530728   43.4043543
   46.29027559   48.4713127    43.41578462   52.56474752   67.73978664
   97.52491456  120.86341946  140.43193195  144.21524892  139.71238124
  134.90612845  129.67065361  124.74052072  123.21832047  129.40239066
  124.03005196  119.91504741  108.97709549  102.02056077  101.46697083
  100.61362119],[ -2.39907247e+00  -1.29278789e+01  -1.87970402e+01  -3.25816685e-01
   3.27065598e+00   6.16390994e+00   1.14981560e+01   6.98139755e+00
   2.05522204e+00   1.17059117e+01   1.06146214e+01   7.11898942e+00
   9.61567944e+00   1.21532279e+01   1.94727416e+01   1.89983108e+01
   1.64619117e+01   2.29977354e+01   2.01817455e+01   1.73308860e+01
   2.08468661e+01   1.79506720e+01   1.84250466e+01   1.34700752e+01
   9.42485628e+00   1.07344564e+01   1.93112841e+01   2.41302804e+01
   1.58874343e+01   1.82244511e+01   1.71197643e+01   1.23586376e+01
   1.01869637e+01   1.31547896e+01   1.23798303e+01   1.96780136e+01
   1.63305879e+01   5.42550804e+00  -2.80819887e+01  -3.48684809e+01
  -4.06894725e+01  -4.13820757e+01  -4.00459655e+01  -3.17251128e+01
  -2.59750045e+01  -2.59771532e+01  -1.51677251e+01   2.67776847e+00
   1.82814287e+01   1.19030609e+01   5.82032915e+00   1.66345456e+01
   2.11398782e+01   2.22399145e+01   1.49153320e+01   5.25010590e+00
  -3.98882612e+00  -6.40662435e+00   3.04905700e+00   1.14808955e+01
   1.13082817e+01   5.58240709e+00   1.66519466e+01   1.70443120e+01
   2.06885032e+01   2.72100589e+01   3.56141978e+01   3.46757466e+01
   2.98174935e+01   8.41959172e+00   9.53685226e-01  -8.92410702e+00
  -1.32080907e+01  -1.82773023e+01  -2.63298206e+01  -3.17183189e+01
  -3.28558387e+01  -3.99457272e+01  -3.90872708e+01  -3.72562338e+01
  -3.22104115e+01  -3.08648712e+01  -3.19823453e+01  -3.12624013e+01
  -3.27889732e+01  -2.90420974e+01  -2.46149269e+01  -2.49448963e+01
  -2.30446802e+01  -2.32639785e+01  -1.64309204e+01  -1.12645625e+01
  -7.17681878e+00  -8.55552340e+00  -1.63106452e+00   6.68726676e+00
   1.21235756e+01   1.18434129e+01   1.07580381e+01   1.90092366e+01
   2.41432415e+01   1.45544064e+01   2.78949950e+00   2.39012962e+00
  -1.72941208e+00  -4.39426263e+00   3.88093771e-01   4.06777121e+00
   6.93822688e+00   5.77054859e+00   7.73713410e+00   1.82242762e+01
   2.07941539e+01   2.19567597e+01   2.26717507e+01   2.58524302e+01
   2.22043793e+01   5.47075958e+00  -3.10514884e+00  -8.29674773e+00
  -2.03818303e+01  -3.97618058e+01  -4.95496503e+01  -4.83974890e+01
  -4.08729877e+01  -3.01187026e+01  -2.31991007e+01  -1.52587771e+01
  -1.26321311e+01  -4.58581178e-01   2.45729794e+01   3.42649842e+01
   3.57175580e+01   3.52521256e+01   3.78653734e+01   3.85549963e+01
   3.92206043e+01   4.23446594e+01   4.09654542e+01   4.26956408e+01
   4.03111393e+01   4.37034812e+01   5.09692043e+01   5.12659865e+01
   5.07495850e+01   4.62345312e+01   3.82596057e+01   3.18020906e+01
   2.96171524e+01   2.65290507e+01   2.21639967e+01   2.92283525e+01
   3.28226242e+01   2.51200567e+01   2.35896359e+01   1.29847202e+01
   8.51360833e+00  -3.04701266e+00  -1.55533884e+01  -1.47721490e+01
  -4.63762822e+00   4.04216591e-02   3.94607306e+00   1.07848188e+01
   1.55700063e+01   1.26975138e+01   1.45890591e+01   1.58838343e+01
   1.71485952e+01   2.09279270e+01   3.09670409e+01   3.09551132e+01
   2.89978547e+01   2.13813291e+01   2.12664455e+01   1.53936848e+01
   1.32285486e+01   1.15779538e+01   5.34057319e+00   8.42108773e+00
   1.61699836e+01   1.81945368e+01   1.97297723e+01   1.60284220e+01
   1.23820415e+01   2.29318323e+00  -6.37212078e+00  -1.02892644e+01
  -1.47732452e+01  -1.32963199e+01  -1.52607759e+01  -1.16717741e+01
  -2.24054150e+00   7.21337954e-01   6.35730718e+00   1.03500104e+01
   1.50525703e+01   2.02276775e+01   2.55446279e+01   2.18351565e+01
   2.33008005e+00  -5.66679468e+00  -1.75186283e+00  -7.99580409e+00
  -1.39971025e+01  -1.45680350e+01  -2.29084379e+01  -1.83055221e+01
  -9.75614265e+00  -1.07020992e+01  -1.49951992e+01  -1.34944097e+01
  -6.78836976e+00  -5.02194551e+00  -6.10818477e+00  -6.51874270e+00
  -5.78112561e+00  -5.57964973e+00   1.04686454e+00  -4.32343953e-01
   3.92085819e+00   6.80008958e+00   8.20184063e+00   1.04429756e+01
   2.24280564e+01   2.91117632e+01   2.85428032e+01   2.12554286e+01
   1.56563167e+01   2.22830183e+01   1.61605611e+01   1.61400036e+01
   1.53639446e+01   1.91743264e+01   1.97274874e+01   2.38199459e+01
   1.76186134e+01   1.87963958e+01   1.80045694e+01   1.98962427e+01
   1.65374410e+01   7.10118964e+00  -9.72639413e-01  -4.89233602e+00
  -5.88609159e+00  -1.13774797e+01  -2.10505058e+01  -2.17440219e+01
  -2.88524955e+01  -2.78987365e+01  -3.33130881e+01  -3.77766417e+01
  -4.19235945e+01  -4.12651997e+01  -2.49848071e+01  -1.98769433e+01
  -2.12215983e+01  -2.22376019e+01  -2.54003214e+01  -2.54049755e+01
  -2.54479844e+01],[ -0.33716759   0.76159715   3.7471429    7.65135869  15.58794851
  15.85463602  14.60883591  13.23976066   9.46977509  12.70070354
   8.59680891   5.53267307   5.20028256   8.88886545  12.16525748
  10.5205043   13.94611526  18.57741477  15.99682566  10.45494898
  13.32204225  18.3838184   20.85655188  17.07977691  12.62758572
  14.20195795  13.12354504  15.83078098   5.247282     6.28241195
   8.46094013   3.60582804   1.94122382   9.79456132  16.97664865
  18.17828083   9.659154     4.14755269 -21.28432829 -24.50033241
 -19.53086113  -7.58270302  -9.18308625  -4.45589306   6.45794709
  14.45263463  13.64977272  18.862085    35.21652714  35.3880942
  31.96428984  30.34198044  29.91957332  29.91056101  20.55411374
  16.22088734  27.40814003  33.61170992  36.41396171  35.53403943
  29.50301557  20.422489    26.19021784  28.05804836  20.98871319
  22.491551    31.93037834  34.43390594  35.95892181  28.4173304
  30.77202386  31.90598427  24.41312687  19.51836308  27.07237137
  31.87932769  35.51072352  39.60457398  38.17357829  37.63973074
  40.27543472  35.38687345  35.61537299  32.81686208  32.55042691
  27.66390311  13.08227821   4.10779628  -4.17258602  -4.71616255
  -0.16755607   2.28022604  -1.08124462  -7.10693847  -3.18288482
  -0.22207034  -0.80364255   5.08989506  10.46742192  15.26022295
  19.90902425  26.01187366  29.06437273  32.38863908  26.24271885
  20.156225    19.96221237  13.78720372   4.92206499   5.98797552
   3.36022373   2.81191174   4.02845227   9.70371948  13.08808864
  25.31956594  21.76878988  14.65291171  18.77737631  17.78469624
   9.47101476   6.45293067   0.66021976   5.29008771  15.07703788
  12.26716537   9.02410048  17.78092892  23.02352311  25.52422028
  34.09854456  36.73600068  25.13238963  22.12664526  33.26220182
  36.41093991  35.01432824  35.2525931   31.47874864  27.27884904
  24.68692854  27.52827571  29.1176853   29.30345674  28.37991942
  30.23036424  26.11605334  21.84566946  20.45556679  16.0912145
  14.7999805   23.05930286  28.15853388  22.97014212  22.23905585
  15.96491396  12.44695145   2.46471739  -6.64612964  -4.90676118
   4.69339144  10.3378387   14.15102022  12.44804666  17.74758725
  18.7970087   20.59482079  20.99276615  18.27294092  19.33527179
  20.267477    20.26380843  18.30485414  14.96311321  10.94992765
   8.21988024   7.77016233   3.55221579   0.59952858  -2.53986319
  -1.00983336   8.34981349  11.06348603   7.04459297   1.23814873
   0.48996362   2.87481123   4.8175062   11.32770803  15.09786267
  16.51168183  12.25728552  16.75151194  18.81046005  16.73985166
   7.58625813   0.84542188   2.12390583   9.50401468   9.45897242
   5.02821726   0.22123368   3.07399506   0.18493023  -0.47573997
   1.70009635  -1.04733205  -1.5116605   -3.38499915  -0.82534561
   3.26917711  14.32940035  21.85461977  22.51010091  19.54371651
  20.50534439  22.48756091  27.97370139  31.85191753  29.04633029
  30.51090587  31.43550659  30.2642159   25.43424779  30.64552088
  30.57742523  28.46462522  28.2732727   23.57204569  31.2954878
  27.87738469  23.12938777  22.53431922  23.76063893  21.02487418
  24.64787932  19.43856178  15.4798786   15.9113901   22.03158693
  20.58156503  17.79043315   5.37842214  -0.18794832  -0.64387415
   2.3771865   -3.31897273  -5.03299313  -1.83526717   6.15783232
   5.02604488   7.11047337   7.99188297   4.81995375   9.4932368
  20.56517136  22.48165062  23.01659773  20.11438885  12.32969338
  10.33148069],[ -4.16567585  -4.37188838  -4.58373064  30.31859143  34.14355202
  32.55095022  30.96465753  30.43049504  31.24126016  27.94491105
  24.88656383  23.64535032  24.20599678  24.99400647  22.34627804
  24.09329473  33.77568571  34.48718072  31.12530023  23.94992521
  23.62975251  29.75193851  29.20938746  18.37115486  14.42177434
  15.40844802  19.02740046  22.23301755  11.01518759  11.89524004
  16.73874021  12.93553     10.13068671  15.09254292  22.19264719
  19.86973384  13.32661004   6.99937601  -2.8246472   -6.34099604
  -8.86382671 -12.79085901 -26.36808622 -38.79540685 -42.06302556
 -43.62631055 -52.02680284 -48.16035026 -38.57478507 -39.63892257
 -32.20419801 -24.27602428 -12.014107    -8.8107226  -13.71356172
 -15.39974256  -7.95929796 -10.80099467 -19.52163691 -23.17401592
 -14.87980383 -16.1647242  -13.83058367  -4.55492813   2.84157227
   6.79575797  11.22257934  13.05745237  16.3557447   11.34756086
   6.56816653   7.42742706   2.02375879  -2.81183467   8.19067112
  12.95847001  19.27018548  21.44409299  11.20364074   7.35781927
  10.15276862   3.81709519   4.1591297    4.52214926   6.32446684
   0.30625024 -11.12631955 -17.08751189 -12.0557002   -6.59358832
  -7.13902957  -9.69088595 -11.34975797 -14.99414741 -15.4502773
 -14.4711087   -9.28816938  -1.12306495   1.83106422   5.47328877
  10.9389781   14.25173635  18.30498083  16.19118615   6.5459846
  -1.75191648  -5.07443741 -12.6739569  -16.64500152 -13.68177245
 -15.73940159 -19.33402482 -16.02836224 -18.13958448 -23.25383672
 -12.0407254    3.07076082   0.91169999  -2.0113864    0.69318743
   5.01180316  -2.62214077  -9.0717631   -2.63906295   8.28556947
   9.14170234  10.98742261  13.71177714  10.93848394   1.74532605
  -4.15878199   1.15329148   6.77610275  12.39783403  18.57089385
  24.03295609  20.85353187  20.71239709  21.23412194  13.68230948
   7.5074273    4.19595774   2.22045131  14.01422959  16.17576667
  15.42858317  15.3232517   20.27444329  15.31482951  11.10271478
  14.91750207  17.74195286  19.3097983   16.53994414  17.18411355
  18.95282348  16.90548868   8.01283436   1.28554842   1.26826408
   7.73466686   1.04426067  -5.29970871 -15.86116904 -19.58135748
 -16.25096535 -14.36212021 -15.08877886 -20.76314617 -23.91896669
 -26.28454126 -26.12031365 -27.13813131 -16.95207822  -6.6544334
  -3.29099919   1.46564503   8.33137433  14.50527239  14.21719655
  13.93814391  14.99648784  13.01075519  10.89318832  18.24459334
  29.95880297  38.02917454  35.73177824  35.66852627  30.91633304
  30.45961013  19.82167906  10.96125714  11.16259194  13.92886568
  11.46377243  16.89971327  18.42051569  22.32609453  17.68824766
  28.88370642  29.28827418  26.92704153  19.5691097   15.73838741
  15.95360976  14.89694243  13.80300843  12.24317655  11.11606349
   8.24338111  16.10443624  17.96763048  19.33086686  17.54248799
  15.05695277  16.98879202  21.55671971  21.31386963  18.44926785
  10.5471955    3.95762834   5.00999074   6.59229911   2.72023606
   0.26354644  -0.68267482   6.30272482  12.30184361  13.81367133
  14.19878323   7.00231712   8.00587039  10.64288699   7.73696513
  13.5829344   10.17462279   7.51513735  11.75331047   9.31790726
  12.44457572  17.94365656  -7.81915042 -11.14902784  -4.16233419
   7.53302757  11.6245928   11.36910898  14.48542139  18.00030411
  14.37422939  11.22866229  13.432807    12.79073308  12.6630657
  14.95056407  21.69096804  19.60776552  16.06459974   8.20914072
   1.45412467],[ -5.06121221e+00  -2.76854458e+00  -2.30687889e+00   5.84823132e+00
   1.52038493e+00  -2.55984128e+00  -7.22548234e+00  -7.75833680e+00
  -2.49386308e+00  -5.95854912e-02   6.77057090e+00   1.11953943e+01
   1.03970192e+01   9.11061168e+00   7.50836734e+00   6.41162530e+00
   1.19564417e+01   1.29290395e+01   9.31380587e+00   3.03123371e+00
   8.02491624e+00   1.46592004e+01   1.49666283e+01   9.58268285e+00
   7.49147610e+00   2.39528232e+00   4.68067927e+00   8.60197633e+00
   8.36097253e+00   8.80923784e+00   1.68776874e+01   1.84245104e+01
   1.65683341e+01   1.63256814e+01   1.32497077e+01   7.57081117e+00
   3.22279697e+00   7.91829870e+00   1.35528281e+01   1.46168983e+01
   1.77853477e+01   2.86914699e+01   3.14992963e+01   3.15269555e+01
   2.57220990e+01   1.03465708e+01  -7.20507775e+00  -1.31540469e+01
  -2.10150744e+01  -2.17384782e+01  -1.71817682e+01  -1.67358142e+01
  -1.12951586e+01  -1.06975428e+01  -1.01011682e+01   9.13585089e-02
  -4.27219385e+00  -1.44655166e+01  -3.26071369e+01  -4.66864822e+01
  -4.42863441e+01  -3.93188415e+01  -3.07534829e+01  -1.95719381e+01
  -1.32767274e+01  -6.76779754e+00  -3.45230785e+00  -1.62437268e+00
  -9.53883679e-01  -9.29166527e+00  -1.91338819e+01  -2.43900937e+01
  -2.51801063e+01  -2.77846393e+01  -2.96135968e+01  -2.81051284e+01
  -1.28474176e+01  -2.47404176e+00  -9.69327233e+00  -1.06660744e+01
  -5.30375637e+00  -1.03611517e+01  -1.27070515e+01  -5.97505814e+00
  -5.25748177e+00  -1.43082233e+01  -2.22946094e+01  -2.52710406e+01
  -2.40733631e+01  -2.44899571e+01  -2.44613349e+01  -2.70936771e+01
  -3.07363850e+01  -2.87873535e+01  -3.05903393e+01  -2.99475788e+01
  -2.30630820e+01  -1.60607737e+01  -1.70504378e+01  -1.47951206e+01
  -1.55100867e+01  -1.51353289e+01  -2.47202729e+00   1.24783335e+00
  -9.62386633e+00  -1.11640056e+01  -2.09449033e+01  -2.59641286e+01
  -3.04379639e+01  -3.72839692e+01  -4.02094855e+01  -4.14656509e+01
  -3.73924687e+01  -3.62265576e+01  -3.22634526e+01  -3.02250981e+01
  -2.00270154e+01  -6.93726006e+00   1.48529114e+00   6.96600764e+00
   1.08980499e+01   4.24183770e+00  -2.49035855e+00  -4.37794584e-01
   1.13003021e+01   1.15702512e+01   8.18398237e+00   6.44819311e+00
   2.77252298e+00  -7.06408003e+00  -2.04141848e+01  -2.71411704e+01
  -2.65423575e+01  -2.42264523e+01  -2.16786840e+01  -1.50527505e+01
  -1.39542130e+01  -8.88310162e+00  -3.39516679e+00  -7.49124734e+00
  -1.27266114e+01  -1.38379924e+01  -1.18912257e+01   9.71034822e-01
   6.67326580e+00   3.13611460e+00   3.05293473e+00   8.73599396e+00
   4.71528384e+00   2.41603076e+00   5.01091830e+00   1.24467615e+00
  -4.51923440e+00  -2.03185797e+00   2.06195891e+00   1.51802443e+00
   5.59635977e-01  -2.51910363e+00  -9.57553515e-02   1.39653568e+00
   1.29353878e+00  -7.29967187e+00  -1.40978016e+01  -2.14306828e+01
  -2.19730577e+01  -1.60543651e+01  -1.50577698e+01  -1.61739705e+01
  -1.82981919e+01  -1.75919235e+01  -2.06084401e+01  -2.07162701e+01
  -2.35129360e+01  -2.27481436e+01  -1.17866224e+01  -2.15413275e+00
  -3.78492207e+00  -5.41412617e+00   8.14784031e-01  -2.43351625e+00
  -7.72355170e+00  -9.33678139e+00  -8.31995498e+00  -1.12459051e+01
  -1.07723257e+01  -6.32995466e+00  -4.16333873e-01   3.52226125e+00
   4.08582681e+00   6.73655183e+00   1.37979072e+01   2.83171377e+01
   3.59803202e+01   2.82668425e+01   2.06137667e+01   1.66939032e+01
   1.98089310e+01   2.13494631e+01   2.24282116e+01   1.33457665e+01
   3.95245329e-02  -3.88178107e+00  -1.36725676e+00  -5.57402790e+00
  -1.03989302e+01  -1.40700015e+01  -1.62977919e+01  -8.82997788e+00
  -2.55035763e+00  -1.54198742e-01  -4.88750003e+00  -7.70534907e+00
  -8.65037068e+00  -7.38861267e+00  -2.53777389e+00  -2.43671531e+00
  -7.47981961e-01  -1.11323418e+00   4.17115809e-01  -1.29812195e+00
  -1.46866920e+01  -1.82445156e+01  -1.19689707e+01  -5.67210617e+00
  -2.22369828e+01  -2.67918784e+01  -2.49604842e+01  -1.58941477e+01
  -9.51228719e+00  -1.24050609e+01  -6.97792805e+00  -7.24254432e+00
  -5.53186744e+00  -7.11755909e+00  -4.20227824e+00   4.70614475e-01
  -1.99563606e-01   7.77703109e+00   7.70583893e+00   1.60309791e+00
   3.74686967e+00   3.18973706e+00  -1.66173592e+01  -1.45518370e+01
  -8.58201817e-01   1.15121567e+01   1.90084110e+01   2.63800581e+01
   3.51873834e+01   4.52526319e+01   4.53239975e+01   4.13973106e+01
   3.98221576e+01   3.60155246e+01   3.52511929e+01   2.43474156e+01
   2.25998915e+01   2.53809686e+01   2.86471866e+01   2.86964942e+01
   2.64935502e+01],[  2.10825966e+00   9.44435045e+00   1.20031618e+01  -3.85539095e+00
  -4.05987561e+00  -6.18244407e+00  -1.20933831e+01  -1.19413768e+01
  -1.05219171e+01  -6.14260556e+00   8.25084051e-01   5.34501967e+00
   1.01078479e+00  -5.32275625e+00  -4.32533145e+00  -8.95107540e+00
  -9.31831100e+00  -7.27536069e+00  -4.31667690e+00  -3.32858896e+00
   9.62836317e-01   4.48317076e+00   7.26283952e-01   4.09657868e+00
   5.73697342e+00  -2.75022828e-01  -3.65614264e+00   2.14124188e+00
   4.96751750e+00   3.69404782e+00   1.05159165e+01   1.49130129e+01
   1.60624482e+01   1.92575577e+01   1.60352011e+01   4.51554166e+00
   9.10881723e-01   8.16927464e+00   7.10102143e+00   4.28334482e+00
   3.63561996e+00  -3.48264796e-01  -5.92763497e+00  -5.98725961e+00
  -1.03639002e+01  -1.43907020e+01  -1.97917984e+01  -1.21251560e+01
  -7.60021869e+00  -4.65334214e-01   4.13713452e+00  -7.06456086e-01
  -4.54077754e-01  -1.29990937e+00  -7.55864115e+00  -9.19141043e+00
  -8.40752523e+00  -1.18076126e+01  -2.15482101e+01  -2.42675544e+01
  -2.08838078e+01  -2.30238775e+01  -1.96030966e+01  -1.42537434e+01
  -8.77252568e+00  -1.62583781e+00   3.51676502e+00   6.86510599e+00
   6.81319226e+00   8.12543153e+00   2.95337946e+00  -1.31118066e-02
  -1.14853837e+01  -2.52868507e+01  -3.12485701e+01  -3.41367203e+01
  -3.15732188e+01  -2.07822492e+01  -2.27431295e+01  -2.59610589e+01
  -2.25730029e+01  -1.55838501e+01  -1.33583452e+01  -8.22430560e+00
  -1.16045883e+01  -2.01853207e+01  -2.53162003e+01  -3.17487392e+01
  -2.84341227e+01  -2.51454009e+01  -2.17001561e+01  -2.24281680e+01
  -2.02563177e+01  -1.37327339e+01  -8.66337357e+00  -4.18156019e+00
  -2.49719623e+00   5.53740663e-02   1.66490022e+00   4.17076759e-01
  -4.01542458e+00  -9.30388936e-01   7.36625313e+00   7.15212377e+00
  -8.28757266e+00  -8.18136665e+00  -1.30275114e+01  -1.07439743e+01
  -6.80383193e+00  -6.52951655e+00  -4.07711303e+00  -2.91481705e+00
  -4.59898723e+00  -2.89838062e+00   1.92436988e+00  -1.85380004e+00
  -7.52625689e+00  -2.53171647e+00   5.69611402e-01  -8.63399542e+00
  -1.78236211e+01  -1.89164854e+01  -1.71914660e+01  -1.28146736e+01
  -9.00031077e+00  -1.09511738e+01  -1.10478062e+01  -4.15859331e+00
  -1.54480895e+00  -9.91701201e+00  -1.45000242e+01  -2.05674169e+01
  -1.93970257e+01  -1.34368432e+01  -1.39360122e+01  -1.18195688e+01
  -5.21578000e+00  -2.85008447e+00   2.74257113e+00   1.66079781e+00
  -1.91582226e+00  -4.16000056e+00  -6.61713308e+00  -2.21078887e+00
   3.12757029e+00   4.63575185e+00   7.36833844e+00   1.11582630e+01
   1.08829745e+01   1.08126304e+01   1.40549748e+01   9.09226102e+00
   3.92654719e+00   7.72472947e+00   1.03400421e+01   1.49165279e+01
   1.84069231e+01   1.41711289e+01   7.65913797e+00   4.19119014e+00
  -3.39249800e+00  -7.79180287e+00  -8.19591745e+00  -6.61188392e+00
  -4.86969729e+00  -9.27574770e+00  -1.68176970e+01  -2.33813920e+01
  -2.38661889e+01  -1.80076997e+01  -1.47494808e+01  -1.00970496e+01
  -1.26021241e+01  -1.50669987e+01  -1.59987904e+01  -1.23289109e+01
  -8.75261647e+00  -9.91220285e+00  -7.27735928e+00   5.34005917e-01
   1.07554881e+00  -5.51054395e+00  -8.30655770e+00  -1.07979427e+01
  -1.48868214e+01  -1.91458035e+01  -1.54710854e+01  -8.57078239e+00
  -7.63889462e+00  -1.38528006e+01  -1.41615964e+01  -6.43264932e+00
  -1.97394803e+00  -2.04150074e+00  -6.66558307e+00  -3.57428519e+00
   4.66834660e+00   3.87506178e+00   9.70390634e+00   1.51249225e+01
   1.45606048e+00  -1.37432309e+00   3.68118007e+00   4.04510358e+00
  -9.76490259e-02  -1.02346730e+01  -1.26018021e+01  -9.92354556e+00
  -1.81516627e+01  -1.73760537e+01  -1.83066025e+01  -2.39951315e+01
  -2.75461863e+01  -3.13672655e+01  -3.42199601e+01  -3.53533675e+01
  -3.17673202e+01  -2.84687746e+01  -2.77787315e+01  -2.05149170e+01
  -2.06906624e+01  -1.23520195e+01  -4.03738192e-01   4.47805705e+00
  -1.69506347e+01  -2.19563824e+01  -2.33184584e+01  -2.02687482e+01
  -2.25586945e+01  -1.89186311e+01  -8.36466536e+00  -7.43792836e+00
  -9.15397926e+00  -1.06809219e+01   1.08924079e+00   7.14509585e+00
   1.10112691e+01   1.65305824e+01   1.05073293e+01   1.13490597e+01
   1.10848851e+01   7.73845543e+00  -2.45597187e+00   2.43539545e-01
   4.31029439e-01  -4.48278377e+00  -5.11149115e-01  -7.01565230e-01
   6.59599375e+00   1.38500919e+01   1.47715946e+01   1.89704100e+01
   2.16070226e+01   9.86551038e+00  -3.43865058e+00  -1.21340978e+01
  -7.91776358e+00  -4.65947257e+00  -7.59007465e+00  -8.30606732e+00
  -3.63851108e+00],[ -2.33666245   0.80966098  -0.83422157 -11.29036764 -25.10930627
 -24.03843723 -17.59445275 -15.75410601 -12.38823165  -8.10973856
  -7.39093986  -2.50223257  -6.3313707   -8.19295182  -3.43540591
   0.78125525   4.1711767    4.27550754   7.97175304  10.74704573
   9.79117389   6.7495506    5.66414702   6.88827102   2.15991498
   0.98171992   1.95190708   4.67125133   7.08449337   8.30706881
   7.34365635   9.14196113  11.96311772  15.97327468  15.2459042
   7.59926757   0.84447699   4.19299059   5.56523154   3.583847
  -4.44251715 -12.6537947  -13.92668924 -16.37543521 -23.70729202
 -22.81099398 -18.75615859 -12.57507946 -19.35095675 -12.61614132
  -2.14310465  -2.95645314  -3.082059    -0.94822975   1.74974587
   4.92791086   6.29890181   4.83901739   1.58922199  -2.11819359
  -8.56952957 -20.73945624 -19.18729308 -22.51995376 -24.10924229
 -12.49542889  -6.13668106  -1.56005552  -2.7716408   -0.37775954
  -9.60783797 -17.53274755 -20.54772952 -19.67893704 -13.69138682
 -12.79896087 -14.36986505  -7.27700612  -5.88102325  -2.75870032
   1.79463718  14.50442219  23.58994264  19.70694761  10.96215202
   6.26748392   1.99398857  -9.20972931 -17.42490724 -12.69472265
  -8.4741075  -12.67698818 -11.11409576  -8.17159043  -6.21224707
  -7.34784316 -11.47899957 -11.16190014  -3.92783924  -3.06571443
  -3.86199711  -2.0027787    0.57483879   7.61358177   5.39951781
  -0.32824789 -12.9669692  -23.85150897 -26.14999038 -17.1978461
 -11.33054428  -7.44970919  -8.85071034  -9.90556299 -11.25367436
  -9.52458598  -9.91986508  -2.15438147  -0.98144685  -1.97769287
  -3.67400858  -8.78450345 -10.119077    -4.74949318  -5.85758061
  -9.95591893  -7.86078239   4.31953397  11.42820913   0.99323028
  -1.85124558  -9.37742109 -15.17322695 -14.67038064 -14.13150197
 -14.57381286 -14.8102264  -13.77953801  -9.28210605  -6.71496061
  -8.96034916 -13.62795678 -16.66045795  -8.00343784  -1.28346336
   0.86512668  -0.40991175   7.79297627   8.15838501   7.98899551
   9.85437856   5.57522397   0.90605331  -1.6465225   -2.20805507
   4.75341926   6.40711976   0.9973855  -12.85688947 -20.6673474
 -21.74045897 -22.62424852 -21.8411023  -24.10500775 -26.02951544
 -22.68592022 -19.71554262 -20.5340857  -19.3211674  -11.27615127
  -5.29445557  -3.10031768  -5.47256977  -1.87335721  -9.39468946
 -22.22210356 -20.41313316 -10.95017414 -10.7201352   -8.78194166
  -4.98961541 -15.31268978 -21.72893529 -20.69625342 -16.28834102
 -15.06830532 -20.15351019 -18.83865213 -17.85599475 -21.90781521
 -21.7362317  -18.97773795 -22.46323859 -19.19025482 -15.22605356
 -12.2425919   -7.13072744  -4.41148468   4.98248313  13.0416404
   4.24691509   0.61042521   1.54087705   4.52461237  -1.63414202
 -14.33113608 -16.98622517 -22.32286242 -33.75964604 -42.68677831
 -46.56314457 -53.63292338 -52.89015771 -50.23582043 -50.20939322
 -49.98892201 -42.21613898 -35.9467888  -36.93949246 -30.46527274
 -19.49100541  -7.27417074  -1.20990506  -2.16866657 -14.51780041
 -17.84405165 -18.31191901 -18.13299404 -17.1849581  -14.7280426
  -7.79774661 -10.86853713 -12.22668616 -15.82730532 -15.13566878
 -13.49205705  -7.36838573  -4.67413257  -7.47001651  -0.14367001
   1.52821194   1.164689    -2.74927139  -5.96529786 -10.06226069
  -8.31917276  -2.31761807  -9.84732109 -15.23866821  -8.35490271
  -3.87570433   0.74298734   8.11112257  10.57228271  -3.8593663
  -9.59092527 -11.6738915  -12.49503475 -12.51324073 -10.78285836
  -9.71711214],[ -1.23082983   2.12407166   4.18384131  15.61295435  15.83743351
  19.15158321  25.88443004  23.78084818  23.96510705  25.07770994
  13.6333794   10.33924699   9.94386026  14.02251364  10.77358225
  11.84440745   9.50310229   6.56353102   9.75500635   7.70456812
  10.47348886  11.50271302  13.93653849  18.79416849  15.92332389
  10.47574329   7.51007815   3.61328992  10.41807873  14.43877618
   7.32182536   5.65369807  10.67223158  10.24044999   7.38501892
  10.4856899    4.76326436   6.02644691  10.40389201   4.87137216
  -3.81190605  -3.18693063   6.90707832  17.83060829  21.37125933
  28.59020722  31.42025628  25.74201511  13.49037513  15.0237098
  14.28593981   7.0532429    6.92324496  -0.20578697  -0.43931449
  -0.0731761   -5.0162989  -13.14618875 -12.30215269  -7.82589716
  -4.56081528 -15.37494746  -7.04990732  -5.98218571  -7.02283088
  -5.7000137   -1.55647306   6.96170964   6.72505496   4.99651438
   4.20917824  -1.9089948   -0.72155827   4.12884894   6.28844534
   8.23737757   7.00430967   8.30893019   6.80235599  12.50348245
  26.63839056  35.19182254  38.18046782  35.74729791  28.99703406
  25.40500536  15.45656652  17.48500779  17.28897648  19.79023992
  22.88140841  19.25022442  16.54381027  15.72108525  15.76343959
  12.96630122   0.66544983  -8.87073205  -6.68451123  -8.73776679
  -8.79225568  -1.19878291   2.19693881   3.19083132   5.19508044
   1.89390386  -4.34672513   1.70312321  11.0370514   16.18096432
  18.19028295  17.74852539   8.23806607   2.33802911   0.7298979
   1.57852221  -2.32968354  -3.38218873  -5.701055    -0.82086617
   8.22718445   6.83455453   6.29464043  16.85390042  13.66229354
  11.40736917  16.74502461  24.07695432  28.68982858  12.63101944
  -2.52544243  -7.47746714  -7.22359555  -9.81939284  -4.40563868
  -3.1452113   -8.37526854  -7.05425151  -5.21953846  -3.98769369
  -3.35213406  -4.76678742 -11.71989568  -8.21237746  -4.45354539
  -3.35748832  -8.9895061   -4.78594275  -4.34823154  -5.91712374
  -3.61000919  -3.53018535  -6.06933041 -14.9349901  -16.76127917
 -14.29429562 -14.0306455  -12.57989297 -11.09529562  -6.34078095
   7.95694539  17.82044228  23.06977354  25.61654779  32.05234086
  34.34021507  36.96020235  32.6101655   32.95766777  38.43333532
  36.40120292  29.73369431  26.39712701  29.20253912  29.68387415
  17.39120154   8.53869949   5.35965838  -0.44538302 -10.60568804
 -12.9228541  -12.37413812  -9.64064063  -1.64135793   1.54522314
  -0.05266406   1.33596315   9.98030627  14.68314331  16.56760696
  16.30276023  22.1137284   17.70429204   9.45071702   9.5520504
  16.19734717  15.50770684  10.51399939  10.98109559  10.96307212
   2.57955906   1.02517799   0.36825088   8.42099739  12.78586867
  12.10187234  15.11941775   7.32700515   2.06410153  -0.95107028
  -2.05754425  -9.79510632  -2.43224647   7.37289623   7.74333531
   7.20168188   4.47444262   6.42070172   7.37574898   1.43450291
   4.49451165  16.42095641  20.96362464  11.87448119   8.3483396
   6.27762194   4.25670949   1.4998787    3.96457866   2.50281814
   2.71079281  -6.94187164 -11.27626393 -15.07550673 -18.48979075
 -19.73160174 -18.02969611 -12.13294452  -6.28370163   1.84251464
   4.11864393   2.88157749   4.47297225   1.46947244   3.18289429
  14.9129969   22.52121981  23.94026762  18.56156889  14.36693841
  17.78405417  17.32163674  18.38537114  17.35269634   8.63029117
  13.36368336  15.18688573  14.69586619  17.68799375  18.00101974
  19.37534048],[ -1.02984239  -7.4423859  -11.35586283 -10.78520132  -5.49773243
  -2.62634814   0.89961998   0.89322823   5.03068257   9.51345647
   4.2299197    6.27945522  15.49848108  15.48097896  12.26058881
  15.62785839   6.18024233   0.94015258  11.94442601  10.62641647
  13.01081939  17.07348176  15.57212311  14.12474899  14.87184614
   9.7625291    8.69381956   7.43012501  11.10005987  12.03040313
   9.68536822   3.94717263   8.15503464  11.99797395  10.57538642
  14.81465785  13.14336359   5.79998241  -1.58071127 -12.98341474
 -18.55233437 -17.11078769 -13.22065129 -12.0653439   -9.40902488
  -4.99235238 -12.77259811 -19.5348583  -24.13249847 -28.07957885
 -29.07432374 -25.84920752 -21.33142032 -17.05437994  -9.56227833
  -4.71771587  -1.14957354 -16.54258577 -19.45503806 -17.41850663
 -22.63832486 -33.45827614 -22.2007677  -14.60862061  -7.08791061
 -10.42577446  -7.47339593  -3.71805132  -1.06665864  -6.89458958
 -12.47205081 -11.34003976 -11.40274196 -17.30913094 -26.15903829
 -26.82325686 -22.72627925 -23.16371393 -23.7793708  -17.87957398
  -8.5088579   -1.63118927  -1.95313328  -4.72472502  -4.20061764
  -4.94861534  -8.19863204  -8.68444686 -11.76828979 -21.85818535
 -21.31160876 -16.66160572 -11.6788702  -11.09733832 -12.18262402
  -9.56680825  -9.62634933 -13.81645419 -14.28773422 -15.68223207
  -7.36960645   0.13804411   1.28310448  -2.74141886  -1.39926484
   0.07909846  -4.47249247   2.60257993  12.81964862  12.55020711
   8.89828313   4.15610415  -7.67826905 -13.8086249  -18.80223197
 -16.83451359 -15.46937681 -14.20899881 -16.19933267 -16.85323014
 -15.57876425 -17.95225645 -17.6604093  -12.9813086  -16.40517034
 -12.86723481  -8.80451485  -7.38563803  -6.14704696 -20.24193556
 -30.86129422 -26.42578059 -25.01025148 -26.21270388 -25.65167126
 -28.71529827 -29.21058927 -29.0691094  -25.90914236 -26.93152842
 -22.23296536 -17.07252964 -20.45133393 -17.74176899 -14.42570069
  -6.43187515  -6.22934306  -5.71691055  -6.25753293  -8.31071682
  -3.07792752  -4.67674723  -2.61538525 -13.57937948 -23.00877859
 -22.92287912 -19.63164937 -18.39115635 -13.9863891   -5.18912502
   6.57807658   9.12511448   8.77257404   7.3202869    6.02383687
  -0.86975594  -4.40321781  -7.83861928 -14.88675458 -21.22763845
 -23.61094274 -26.15719831 -24.08846758 -20.11818283  -9.36426714
  -4.90801769  -4.88768886 -12.99396433 -15.31418471 -12.50844947
 -10.31151143  -6.75134813  -4.77143668  -9.31273288 -19.76256733
 -22.17833974 -17.33956199 -11.19036485  -9.55139941  -9.4489519
 -11.76516961  -8.46820509  -7.96762719  -8.25568918  -3.24650988
   6.3588844    1.86785911  -6.61027392  -3.63683744  -0.05906989
   5.83454004   9.83156702  12.64945208  12.74796603  14.52061244
   9.54314589  10.18546163   6.74621011   2.30652596   1.23950262
  -0.05936831  -5.72173009  -0.53970221   5.48313957   9.3135023
   9.20901632   2.55700992   8.34948751  17.30752664  10.08294803
  -0.45330603  -0.07605981   1.06759324  -5.34920283  -7.51222437
  -9.57554546  -9.46877792  -8.13075503  -7.1307309   -4.62768506
  -1.86163352  -5.82411418 -11.77995882 -13.24386849 -18.72604475
 -22.28510697 -23.64065586 -16.56359085  -4.83441538  -4.13785279
  -6.03291946  -7.92934611  -4.52268874  -6.67553449  -9.19595378
  -8.50290188  -3.47612592   3.71422209   5.95944358  -2.08124245
  -3.223226    -4.91074856  -9.2141396   -9.05166077 -11.67833366
  -5.36097232  -4.06483759  -4.11940621  -0.39505946  -4.81254794
  -2.34366145],[ -2.85466527  -4.38877807  -5.1330988  -11.50647377 -11.70229645
 -15.14155249 -17.02825721 -11.72836391  -9.54069228 -11.77959981
  -6.38151881  -0.2804443    4.30591145  -0.69275862  -1.34105149
   4.35783326   4.55675949   3.53739079  11.84862922   9.91176358
   8.00386683  11.73233526  15.69253999  15.09352814  16.95890787
  14.95107782  12.89454252   8.87400073  11.59681599   8.90429364
   9.26729909   7.41051483  12.69904092  16.7017129   13.45855911
  15.38695513  14.06992017  11.44025268   6.89676265   8.97485561
  11.00677078  12.56024607  16.24986002  17.86725401  12.85035801
   7.9169937    5.13831116   5.31807415   4.5268021   -0.64371522
   0.68724013  -2.30111394  -8.20019644  -9.24620079  -8.6721696
  -1.71004946   3.04905986  -7.73286108 -13.92152909  -9.97410887
  -8.98743419 -16.57326765  -4.03943766   0.08183084  -2.16499615
  -2.69326735  -1.44328268  -1.75108655   0.99472702  -4.27975336
 -13.30058004 -10.88141487 -10.84395903  -8.99790089  -6.91106214
  -4.31744387  -1.45475583   1.44177901   3.15252168   2.5778027
  -2.26312439   1.69153385   3.9005089   -0.32996527   8.96874303
   9.14788816   0.91836753  -5.6266993   -8.80484417 -20.17266476
 -19.12306468 -17.24731121 -17.15010212 -19.15348457 -23.08268679
 -24.38499127 -24.18985571 -21.65948225 -20.41298861 -20.97382707
 -11.07611033  -6.15341622  -6.84660131  -7.43281256   2.54073718
   4.03809575  -7.42442489  -9.18242515 -11.62463152 -18.05019488
 -23.73223798 -28.32623087 -32.27626325 -32.23178991 -29.82577186
 -21.62912304  -7.85115385  -6.49301776 -11.55920951  -9.43201787
  -4.86084996  -2.97604144   0.04580083   5.53660556   5.69329701
   8.47184272   8.24355741   9.77673752   4.70493972  -9.48349112
 -17.14240713 -18.06448806 -24.31688335 -28.66135595 -25.12069191
 -29.15366734 -27.81581198 -27.48762464 -28.4281063  -29.02568989
 -25.52585171 -22.81213576 -17.74505615 -20.07463438 -16.36811806
  -9.41811409  -9.59024275  -6.07677029  -6.57599843  -9.11139199
 -11.0062482  -19.66601366 -16.16752518 -19.27477983 -27.23556652
 -28.13623849 -22.9804792  -14.1988024   -0.57686952   5.82010783
   9.36273901   3.27969742  -1.3170229  -14.49391883 -21.48821051
 -18.63841623 -14.9960036  -14.93602931 -15.29011277 -16.37895533
 -16.86830451 -17.09075032 -15.02169797 -15.84197101 -14.28169633
 -10.28972746 -12.76961108 -20.12754378 -17.32895703 -21.41860646
 -22.65996291 -13.35021702 -13.71478679 -24.22583718 -28.89047621
 -18.08754504 -14.19206773  -8.51366585  -7.58011653  -4.34442241
  -4.0960862   -5.88405614  -4.7146305   -2.29397161  -0.30479107
  -0.4912607  -11.04559011 -13.69519601  -8.94847385  -6.77706246
   1.98688761   6.37723493  14.70544729  13.0993558    8.59372877
  -0.28636835  -7.73480568  -3.1951579    3.14522532   3.54471654
  -1.41125578  -5.30075727  -2.29479603  -3.86564524  -4.46235887
  -5.69721365  -6.72558579   2.15852976  11.76476458  12.33664621
  -0.47663437  -3.3117648   -6.69548634 -10.55135381 -16.19053958
 -22.7817995  -22.43162305 -15.075949   -11.94735768  -6.0144738
  -4.94259547  -4.98843708  -7.45762757  -4.43666222  -3.62884641
  -7.73960053  -8.87743563  -7.21264643  -4.29563019  -5.17678817
  -5.74510656  -0.6617446    4.65910607   1.30252173   0.10203812
  -2.11361103   5.95270932  11.97389127  16.78177294  11.62868066
  11.49511565  11.76680921  -1.03827286  -7.13121303  -2.12906805
  -0.93752984   2.00067071   2.74636247   4.83120828   6.57379087
   8.44049855],[  1.44061716e-01  -3.27025724e+00  -4.42557905e+00   1.57191761e+00
   2.35386590e+00  -6.17583823e+00  -1.00165580e+01  -5.25366721e+00
  -5.31843323e+00  -6.35016314e+00  -7.72306591e-01  -1.52663439e-01
   7.18913927e+00   1.00401065e+01  -9.60078201e-01  -6.59541795e+00
   1.75623222e+00   4.89672804e+00   4.36424353e+00   6.13279880e-01
   2.37582515e+00   9.91116097e+00   1.24172846e+01   1.33558816e+01
   1.21114245e+01   8.76572763e+00   8.61472679e+00   3.68936466e+00
   6.35266136e+00   4.15636996e+00   8.18227831e-01   4.18533850e+00
   1.26470748e+01   1.23023170e+01   8.88699368e+00   8.24264715e+00
   8.40715844e+00   6.39025733e+00  -8.14019789e-01   9.44077738e-01
  -3.66847862e-01  -9.66368766e+00  -3.43789733e+00   3.99597637e+00
  -1.47738798e+00  -3.57255878e+00   1.68809894e+00   1.13649297e+01
   1.78913354e+01   9.32784009e+00   4.05621185e+00  -5.74395295e-01
  -2.18184411e+00  -8.34350152e+00  -1.04108374e+01  -4.78615146e+00
   5.33388581e+00   2.59340747e-02  -8.13020564e+00  -1.19837922e+01
  -9.55403451e+00  -1.39325859e+01  -6.51199555e+00  -1.14180085e+00
   3.92313242e+00   1.75773783e+00  -1.97544864e+00  -3.40964418e+00
  -5.77820057e+00  -7.15349300e+00  -1.00449080e+01  -1.67723770e+01
  -2.52734088e+01  -2.32785113e+01  -1.58479536e+01  -1.42050036e+01
  -1.27613961e+01  -1.01894918e+01  -5.86329346e+00  -2.99325527e+00
  -6.62386477e+00  -9.09238910e+00  -1.08010857e+01  -1.67211726e+01
  -6.97997073e+00  -6.15412366e+00  -1.91805656e+01  -1.73529736e+01
  -1.15703933e+01  -1.16647154e+01  -6.48877947e+00  -4.38075398e+00
  -2.36940865e+00  -5.60874106e+00  -1.65594347e+00   2.28652580e+00
  -1.21558354e+00  -5.42976564e+00  -7.40022906e+00  -1.14410093e+01
  -1.22152492e+01  -7.08138956e+00  -5.00382337e+00  -9.89233752e+00
  -8.14632653e+00  -8.75522750e+00  -1.37928001e+01  -8.22930904e+00
  -4.96072778e+00  -6.74406566e+00  -8.05932992e+00  -9.65263686e+00
  -9.86711147e+00  -1.25702565e+01  -7.33706782e+00  -2.53956257e+00
  -2.24491697e+00  -8.04775670e+00  -1.53788617e+01  -1.33690226e+01
  -5.15849140e+00  -2.55817742e+00  -2.35818471e+00   1.15269382e+00
  -4.98813425e+00  -1.89114048e+00  -4.32583159e+00   5.18819594e-01
  -5.04599727e+00  -1.26591789e+01  -1.16131352e+01  -6.39080977e+00
   2.20476844e+00   4.93733988e+00   1.22705679e+01   1.07671460e+01
   9.95454895e+00   6.51641610e+00  -3.39101379e+00  -9.75294968e+00
  -5.89754871e+00  -2.36653858e+00  -1.43020461e-01  -8.00479385e+00
  -7.53908854e-01  -1.23104764e+00  -5.06289183e+00  -1.20762806e+00
  -5.03049546e-02  -1.46686453e+00  -7.34583850e+00  -1.75578594e+01
  -1.92361216e+01  -1.55100356e+01  -1.61660942e+01  -1.66436101e+01
  -1.32503560e+01   1.30243657e+00   2.13550024e+01   2.84995846e+01
   3.07972805e+01   2.49992625e+01   2.47604365e+01   2.14110199e+01
   2.22723016e+01   2.15427793e+01   1.92547288e+01   1.31007776e+01
   1.47650541e+01   1.97911613e+01   1.76410910e+01   1.15088593e+01
   1.09182812e+01   1.17937402e+01   1.11560556e+01   1.01966125e+01
   7.28322709e+00   3.45387636e-01   3.78317630e+00  -1.47918030e+00
  -8.25858836e+00  -4.45401657e+00  -1.12777444e+01  -1.41878178e+01
  -1.00549052e+01  -4.99000026e+00   8.49575577e-01   6.00229480e+00
   5.41374309e-01   5.04524786e+00   7.66691119e+00  -1.31521388e+00
  -7.38961673e+00  -3.42318823e+00   3.41841603e+00   1.17555122e+01
   6.85754961e+00   8.53235188e+00   4.12308114e+00  -1.13002660e+00
  -8.06465808e-02   5.35315959e-02   9.50681900e+00   1.29184212e+01
   1.29917627e+01   1.37642600e+01   7.44573695e+00   5.09740631e+00
   4.28082734e+00   7.60488061e+00   6.47925846e+00   4.46679248e+00
   4.43070936e+00   2.01596128e+00  -5.41539172e+00  -1.06197036e+01
  -1.12451697e+01  -4.23786068e+00  -1.86223811e+00   9.43026045e-03
   3.64218083e+00   9.51592546e+00   8.96705960e+00   4.89209367e+00
  -1.78412762e-02  -5.43534742e+00  -1.10770076e+01  -1.04861323e+01
  -8.83293010e+00  -7.32316968e+00  -5.26581563e+00  -2.77203888e+00
  -4.07325951e+00   8.32941687e-01   8.65883863e+00   9.05726954e+00
   9.82824904e+00   5.96939196e+00   8.62139831e-01  -2.00856150e+00
  -3.47812821e+00   1.12875019e+00   6.18321651e+00   7.38711988e+00
   9.25343296e+00   6.37484372e+00   8.31471838e+00   9.03329141e+00
   9.06393763e+00   7.01733652e+00   7.75583953e+00   2.93242374e+00
  -7.14019581e+00  -2.03886967e+00   1.44059561e+01   1.10217649e+01
   1.18335375e+01   1.43063648e+01   9.72138141e+00   2.15434941e+00
  -7.84568616e+00],[  6.8405036    0.99808366  -2.26604123   1.16012986   0.383541
  -5.73447688  -6.60672601 -11.12346813  -8.59592518  -8.77114129
 -12.32229099 -13.14218652  -3.70049674   1.76187916  -4.81944376
  -6.68398229   0.17308205   2.41264983   3.52554744   1.55142895
   4.65516375   8.52838956   2.17596773   2.87794633   1.29584645
   2.58262461   5.90692234   2.42223432  -1.89801469  -3.14156019
  -4.05292791  -6.63779968  -5.47447833  -5.11392723   0.64247989
  -4.17953687   0.03093219   5.7156866   -0.5987615   -7.80844034
  -9.8270603  -11.11470742  -9.07748621 -14.94097969 -19.5524027
 -14.46369415 -13.99528202  -5.3506707    4.35930619   0.35252951
  -5.3106975   -3.17336676  -4.48758824  -8.43263268  -7.81241646
  -3.04319349  10.81565107   6.07627615  -2.44099014  -8.9924808
 -10.77630322 -15.93432582 -11.60317184  -3.76124839  -2.96285801
  -8.49932169  -7.71149614  -8.45247338 -12.50525747 -10.31093098
 -10.45520618 -20.9978596  -23.89044908 -19.04654184 -14.05441027
 -10.08555451  -5.82352377   1.23347353   5.71795251  13.76161775
  19.50941623  15.47042731  10.9842614    6.70704305  10.24343148
   6.69119456  -7.70066907 -10.63861644 -16.88580691 -20.82281638
 -16.76183095 -10.47468718  -3.67014606  -2.58071116  -2.72776421
   0.78579904   2.83467801   2.61607514   1.05601227  -0.84751187
  -8.89414766  -3.32377435   4.66776873   5.13444425   4.1466908
   0.51317978  -7.60581268 -14.69392781 -18.19276911 -17.19742547
 -12.76966741 -12.64846733  -9.17515458  -4.74729674   0.3413941
   4.3770584   -0.12158089   0.69421255  -4.67265789  -6.03037862
   1.14168261   9.4981899   12.39388219  12.88623977  11.17280491
  12.69351955   6.22365981   4.28259243   3.55199981   3.38896055
   8.6783708   11.29872303  10.49971957   6.12671207  12.09891421
  10.64855444   7.97101726   5.4595743    0.50417343  -4.54363249
   0.94313408   6.35591057   3.28210974  -1.69357597   4.19793299
  -1.13185528  -3.66314721  -0.65775606   0.51820589   1.87142293
  -0.35358472  -7.35415391 -14.12777799 -10.20041871 -10.25584438
 -13.82555167 -16.90710948  -9.13491491  -2.00862328  -5.50005053
 -12.56443198 -16.96167516 -17.60645691 -17.43210448 -15.50628864
 -13.26583467 -12.92952127 -10.03630538 -13.28044336 -10.06024106
 -10.49733107  -7.88274623  -5.54921297  -5.85355118  -3.21204164
  -1.7054885   -0.19023714   3.24940735   5.98185263   6.9103325
   4.85263271  -1.32547638  -6.6285612  -10.64999262 -14.52457236
 -15.17010321 -13.76698449 -13.03693749 -15.49922095  -8.15890058
   5.44080995  11.59643904  11.43790625   8.8029261    7.18170264
  12.23656761   4.69499007   7.72860505   3.71872065  -0.85052294
   2.01683693   1.6830771    3.50452762  -2.35274658  -6.40858024
  -6.43750864  -5.56691806  -8.12493416 -16.54043621 -18.80328135
 -13.47481032  -8.46038975 -13.18491342 -10.02335862  -7.11578228
  -9.73742145  -8.83905854  -5.6171712   -2.43506095  -0.18407936
   7.37401603  10.69273428  10.1530044    6.63043186   2.06949605
  -0.30293223   1.03891142  -1.49241769  -2.53990329  -2.64508671
  -1.65450395  -1.14859367  -1.68740811   3.12059913   1.26329673
   3.66779223   5.46918594   2.58381144   5.63784471   5.0573113
  -0.1423732   -0.62995772   2.82344796  10.34311701  10.91933833
  10.04209164  11.4982169   16.00155399  12.20789451  10.12715908
  11.79730627   7.41607271   9.97360616  17.45185248  25.71202381
  18.10634467  20.37320091  22.77375018  22.21837626  11.61354653
   3.81593555],[  6.97250136e+00   4.31897633e+00   2.93190425e+00   1.44245225e+01
   1.54749426e+01   9.55354494e+00   9.01458026e+00   7.09401242e+00
   8.00993965e+00   3.90342288e+00  -2.51136758e+00  -1.01008393e+01
  -1.36570890e+01  -7.95362932e+00  -4.65832419e+00  -9.97772514e-01
   5.98751094e-01   1.33668729e+00   3.24320436e+00   2.51119932e+00
   3.22539514e+00   2.63215717e+00  -2.77105518e-01   6.05161773e+00
   5.84924975e+00   6.33133366e+00   4.40542537e+00   2.07637184e+00
  -3.63048899e+00  -6.04910615e+00  -4.71025529e+00  -3.86418198e+00
  -6.36890453e+00  -1.06315361e+01  -3.07131475e+00  -6.49153173e+00
  -2.24578127e+00   6.99297913e+00   6.26781389e+00  -1.28145738e+00
  -3.27126364e+00  -1.22295833e-01  -5.42736385e+00  -6.93573662e+00
  -7.03158855e+00   3.47992803e-04   6.71264465e-01  -4.32548746e-01
   2.18281756e+00  -1.40044761e+00  -5.84440883e+00  -9.36024008e-01
  -1.69946801e-01  -7.90749272e+00  -5.94173351e+00   2.23933466e+00
   5.73210858e+00  -9.86887764e-01  -7.38043582e+00  -7.29611537e+00
  -3.61065243e+00  -5.59039891e+00  -4.34399589e+00  -2.26952128e+00
  -6.09325349e+00  -6.35546229e+00   2.51448602e+00   1.40241443e+00
  -2.15511263e+00  -2.14489046e+00   1.56988587e+00  -2.48994341e+00
  -5.98659898e+00  -6.41176315e+00  -9.00651062e+00  -1.19606174e+01
  -8.44387114e+00  -1.14342655e+00  -3.61004601e+00  -6.50888157e+00
  -3.26086151e+00  -1.34445381e+00  -2.26491340e+00   8.52960146e-01
   3.03331868e+00   4.33877091e+00  -7.36954509e+00  -9.91937024e+00
  -1.06872777e+01  -1.09107351e+01  -8.68252607e+00  -7.74519906e+00
  -8.00413080e+00  -4.98755896e+00  -9.29987774e+00  -8.45198161e+00
  -5.93761217e+00  -4.09975194e+00  -6.92794470e+00  -6.52076914e+00
  -9.54550485e+00  -7.57255918e+00  -6.12987194e+00  -5.31529348e+00
   6.07086907e-01   3.62577627e+00   4.27978208e+00   1.23574724e+00
  -3.30630181e+00  -6.04652515e+00   3.34197988e+00   4.29456428e+00
   2.36464822e+00   3.69144833e+00   6.24931654e+00   3.69343787e+00
   6.53363558e-01  -3.66442897e+00  -9.15486790e+00  -1.02962679e+01
  -7.10718075e+00  -3.02890741e+00  -4.45210716e+00  -6.21525406e+00
  -9.03213248e+00  -6.56393037e+00  -1.76584527e+00   3.89112559e-01
  -6.92848227e-01  -7.68522479e-01  -2.22310385e+00  -5.02509649e+00
  -3.74492600e+00  -6.03772040e+00  -1.01398974e+00   1.79743760e-01
  -1.61023748e+00  -3.03729576e+00  -4.77898006e+00  -7.09032765e+00
  -5.43655246e+00  -5.53253284e+00  -5.86636405e+00  -7.02513808e+00
  -5.41027025e+00  -1.31663629e+01  -1.23519391e+01  -1.18929894e+01
  -8.31453194e+00  -4.13198460e+00  -6.73262206e+00  -7.19435903e+00
  -8.20796773e+00  -1.53212180e+00   1.70660116e+00  -5.76601132e+00
  -1.17442003e+01  -5.87753151e+00  -4.31099106e+00  -1.16184806e+01
  -2.14792841e+01  -1.84227183e+01  -1.58260965e+01  -1.51297356e+01
  -1.15515717e+01  -8.72717913e+00  -8.63838192e+00  -8.89636033e+00
  -4.22188235e+00   2.98133051e+00   8.51655253e-01  -5.73946781e-01
  -5.54159365e+00  -8.92136223e+00  -6.12023839e+00  -2.27091127e+00
  -3.61911540e+00   1.86147978e+00   4.25086548e+00   2.14168665e+00
  -1.61523523e-01   1.76219259e-01   2.91814543e+00  -2.60281210e+00
  -5.58501175e+00  -5.22777702e+00  -1.19801992e+01  -6.25884345e+00
  -2.19821406e+00  -3.51023679e+00  -1.70413542e+00   1.21622926e+00
   2.39015554e+00  -1.99288995e+00  -1.01563227e+01  -7.89478868e+00
  -1.06065831e+01  -5.42962696e+00  -1.25521434e+00   1.36497769e+00
   1.45389089e+00   1.61297557e+00  -1.00628374e+00  -8.87437116e-01
  -3.28991080e+00  -2.81554796e+00   9.38970395e-02   4.82590347e+00
   5.62497384e+00   3.72003892e+00   5.07311006e+00   9.83949632e+00
   3.16325660e+00   3.11550423e-01   1.52102555e+00   1.48444995e+00
   5.83440130e+00   3.64639421e+00  -6.03249550e-03   1.97075175e+00
  -3.18698555e-01  -5.87766852e+00  -4.78961798e+00   1.03538452e+00
   3.39175664e+00   3.79154465e+00   6.85216177e+00   5.57418582e+00
   4.27339114e+00   4.94694496e+00  -4.42894525e-01  -4.96609224e+00
  -4.79904790e+00   1.19012140e+00  -3.77571943e+00   2.40619724e-01
   5.33937969e+00   5.89075786e+00   1.06578567e+01   1.45223693e+01
   9.57535719e+00   1.03346410e+01   4.45285798e+00   8.55726351e+00
   5.76658774e+00  -2.64884943e+00  -6.94609359e+00  -5.15935754e+00
  -9.42866475e+00  -9.33149430e+00  -2.62932422e+00   4.36594706e+00
   7.75461777e+00   4.83633688e+00   5.94012687e+00   2.77927246e+00
   7.99043718e+00   5.74996828e+00   5.00944351e+00   3.85686187e+00
   1.38303290e+00],[ -9.67437605e-01  -1.66868554e+00  -4.74644729e+00   5.84686539e+00
   7.24069251e+00   2.88336987e+00  -5.89772869e-02   1.03653582e+00
   6.36091499e+00   9.07636909e+00   1.46761810e+01   2.72099782e+00
  -2.97124739e+00   9.11282278e+00   1.20936121e+01   1.40437635e+01
   1.10657689e+01   6.00827120e+00   5.68032298e+00   6.91210111e+00
   8.33174699e+00   9.57247941e+00   1.21626553e+01   1.09012279e+01
   4.93314600e+00   1.63630005e+00   3.64968657e+00   6.94812102e+00
   2.72622975e+00   7.59135373e-01  -2.30411732e+00   4.08651115e+00
   6.16845909e+00  -1.14085113e-01   1.54206668e+00  -3.48744612e-02
   1.18972722e+00  -4.00100370e-01  -2.09995542e+00  -2.98002409e+00
  -6.50313033e+00  -4.61623939e+00  -3.12492294e+00  -3.19544798e+00
  -4.95219071e+00  -1.32409150e+00  -9.54800728e-01  -3.29451442e+00
  -3.01767154e+00  -9.61923009e+00  -1.70407492e+01  -8.63640596e+00
  -1.12357284e+00  -7.76042153e-01   2.55339325e+00   9.65477395e+00
   5.74462142e+00  -1.96536700e+00  -8.68427975e+00  -8.53128832e+00
  -9.25087906e+00  -1.19085345e+01  -1.41380033e+01  -1.80984783e+01
  -1.81725531e+01  -9.19729424e+00  -1.87469109e-01  -9.05519792e-01
  -3.29379648e+00  -7.11992815e+00  -8.13399234e+00  -9.30662240e+00
  -9.38156240e+00  -9.36453845e+00  -4.41926773e+00   1.90721018e-01
   6.97638850e+00   6.31915240e+00   6.11465035e+00   4.57448252e+00
   6.20232697e+00   1.06676378e+01   8.31642834e+00   1.13411048e+01
   1.11906792e+01   1.41014724e+01   1.16759298e+01   9.95699968e+00
   1.18608015e+01   1.03115560e+01   9.21589959e+00   5.60553880e+00
   3.78972270e+00   4.42361879e+00   2.80713345e+00   2.31150465e+00
   1.10837503e+00  -2.65839903e+00  -4.99426011e+00  -4.02018612e+00
   1.60924885e+00   1.53602584e+00  -1.71125239e+00  -2.67012079e-01
   8.79017523e-01   4.23453320e+00   7.64989731e+00   1.45067538e+01
   1.41024268e+01   1.38378408e+01   1.47720888e+01   1.16775532e+01
   6.77791141e+00  -2.55922531e+00  -9.17795144e+00  -1.45727844e+01
  -1.44892367e+01  -1.45311867e+01  -1.32347558e+01  -4.41101213e+00
   8.55772951e-01  -7.01763585e+00  -1.59139643e+01  -1.23626438e+01
  -9.05603397e+00  -9.06413763e+00  -5.63001927e+00   1.09318803e-01
  -2.60253269e+00  -4.29337166e+00  -2.90776987e+00  -9.22527733e+00
  -1.26076732e+01  -7.50968821e+00  -6.44353594e+00  -6.43521174e+00
  -5.56890462e+00  -6.21181724e+00  -9.75066246e+00  -1.21828328e+01
  -1.36522249e+01  -1.47864551e+01  -1.39699096e+01  -7.78206845e+00
  -4.35312444e+00  -5.85066283e+00  -4.33958319e+00  -7.74115628e+00
  -3.60641666e+00   1.74696532e+00   4.52271392e+00   6.37184761e+00
   6.20476037e+00   9.47181732e+00   1.26636977e+01   7.37148221e+00
   2.82413562e+00   3.04753865e+00  -8.05029443e-01   9.18893380e-01
   1.03362724e+00   3.81732699e+00   4.47960645e+00   1.15610499e+01
   1.42773483e+01   1.39961247e+01   9.73106500e+00   7.63159050e+00
   1.39291775e+01   1.49574281e+01   1.05353247e+01   2.02980909e+00
  -2.86556201e+00   4.81228776e-01   1.32717753e+00   1.07475193e+00
  -3.91295473e+00  -3.81750023e+00   5.23710586e+00   7.50981084e+00
   5.47199563e+00   4.13697090e+00   2.68125970e+00   2.21311033e+00
   3.67438235e+00   4.22869024e+00  -1.43691330e+00  -4.84809530e-02
   5.59026467e+00   7.57309774e+00   5.94465155e-01  -2.15640505e+00
  -6.17374410e-01   3.38764914e+00   2.50982171e-01   5.13887484e-01
  -4.40705560e-01   4.76038023e+00   7.67054535e+00   1.16692110e+01
  -1.68177448e-02  -6.02440197e+00  -7.78921615e+00  -1.52183442e+00
  -3.90781374e+00  -1.62452967e+00   1.92093289e+00   4.39063897e+00
   5.64357815e+00   7.31132988e+00   6.39532453e+00   9.07108322e+00
   5.46703783e+00  -1.69677235e-01  -4.28116506e+00  -5.54036839e+00
  -2.31085648e+00  -3.27064242e+00  -3.15107035e+00  -5.27602173e-01
  -1.09857731e+00  -1.03138094e+01  -1.05396364e+01  -1.11820213e+00
   5.06163866e+00   6.19365132e+00   3.45715100e+00   6.63629590e-01
   4.20111190e-01   3.16368109e+00   1.06620400e+00  -8.49465191e-01
  -4.05917086e+00  -5.83328899e+00  -6.61702133e+00  -4.15246053e+00
   3.85961591e-01  -3.23653798e-01   1.19938973e+00   4.06105168e+00
   3.70098884e+00   3.16030477e+00  -4.18832020e+00   1.73654912e-01
   5.21456576e+00   5.92024147e+00  -1.34789077e-01  -3.99474125e-01
   1.91339543e+00   3.11834108e+00   5.07366055e+00   1.59836667e+01
   1.58216260e+01   8.86046150e+00   2.36939055e+00  -2.37235221e+00
  -3.63099301e+00  -7.14592764e+00  -2.45618265e+00   1.07540028e+01
   1.44639248e+01],[  0.30184043   6.88792487   7.44550732  11.30044257  18.33171209
  16.41179746  10.48954193   5.28070737  12.08527348  17.24634224
  16.85905522  12.29102619  10.91623225  11.46864477  12.66797573
  18.33205704  19.51111576  13.92966569  12.56377119  14.27740676
  14.92980332  15.40822258  17.44165673  11.33436644   9.03629916
   8.28185163   8.48943446  10.110536     9.94581382  13.88230623
  11.9953771    9.75672547   7.23533265   3.89143506   4.5073223
   3.68711357   3.8605701    3.95534709  -0.11843398   1.33952489
  -6.30718277  -6.92206945  -1.58778319  -4.0499774   -6.73195154
  -3.46977035  -3.6060034   -3.79692754   4.13393085   9.6232096
   1.48700171   1.52687686   5.85938144   5.38809888   0.71127688
  -1.88865757   0.13418728  -2.5349684  -14.93374223 -13.96274594
  -9.43472154 -11.13781229  -8.81706295  -8.18754898 -10.83005193
  -5.97652467  -2.78141806   5.9465446    4.73787528   0.66879397
   2.99630143   5.16237649   1.48880753  -0.81084637   7.07346371
  11.39974571   7.80566963   1.56924855  -1.04138934  -4.83093969
   0.72077818   9.97720962   9.7368806   10.69657942   7.25672261
   8.81273302   6.64231468   5.39039652   4.03947777   4.20633824
   2.44330775  -4.42624038 -10.42335862 -12.20105539 -11.78095523
 -10.66524856  -7.98290439  -6.68838905   0.15243127   3.9703966
   6.42219117   4.42515452   5.29548318   7.76209995   7.01371002
   5.96591785   1.02629713  -0.7306068   -1.3214961   -0.91191663
  -5.30480369  -8.88856603  -8.20863751  -8.94670574  -9.84241479
  -7.87759309  -5.32529337  -9.26853671  -7.33782697  -0.32638394
   6.35523275  -3.04608914  -7.93240941  -1.90214898   4.31834171
   3.40386853   4.33183247   2.03783502  -1.52394002  -6.87724244
   0.14365705  -0.45529072  -6.20592846  -7.84206075  -7.24768001
  -5.71408127  -2.92379041   2.78121462   3.80778255   7.31493963
   3.19385363   2.36137101   2.55582936   7.01957381   7.67540495
   5.80610153   4.12064729   2.6364882    0.87922395   1.19526219
   5.08426074   7.74022312   5.09723595   2.24932121   6.73018557
   5.00121982   0.18192874  -6.9218683  -10.37418123  -7.75326585
  -5.6923721   -2.20091175  -5.63507605  -3.63649943  -2.3467687
   2.80076255   5.62659144  11.29304435   8.12390936   1.47846303
  -0.38327681   0.75380277  -1.42101389  -2.60177712   0.29501084
   2.81139332   0.5357053   -4.48092689   1.22591473   1.51213262
   2.74858055   5.45895923   3.97385982   5.40121936   2.84744608
  -0.67699895   1.29672266  -2.92784909  -0.75594704   6.14471245
   6.57121494   5.28068627   5.4120063    7.73701457   7.77537221
   7.99425599   8.86714874  12.53513288  17.67715084  17.86188899
   9.24852772   9.32517949   8.51717399   2.29428489  -7.60146203
 -11.30780429  -9.88697702  -8.65987527  -6.04940102  -6.54302167
  -6.62534753  -2.10452392  -0.56669494   3.71140033   4.87355779
   4.70160842   5.69381715   4.63428867   9.84562545   7.00513783
  10.31848803   7.05084263   3.30678317   0.61616038  -0.96670668
  -2.17005934  -0.84198729  -2.03412937  -3.04217155  -1.76997441
   0.84730412   1.50397301  -2.55486222  -8.34926127  -3.72076511
  -0.12678203  -5.24699868  -9.643504    -5.58706392   0.79312972
   7.30276107   4.20403159   0.11582774   2.96994773   5.33389016
  10.33099868  10.20661039  12.5527062   16.66179224  14.05381202
  14.79294514  18.60719976  18.20459478  12.50397702   2.32591662
  -0.95860319  -0.10040989  -2.86691926   3.07111974  19.087659
  26.51093117],[ -1.19356706e+00  -4.68847792e+00  -7.38931824e+00   2.84336594e+00
   7.59595693e+00   3.60779276e+00   9.06068097e-01  -4.36678187e+00
  -1.13080829e+00   5.29488791e+00  -1.99516865e+00  -3.89809038e-01
   3.93941722e+00   1.16635579e-02  -3.61380637e+00   1.26922356e+00
   6.20433148e+00   7.96763908e+00   5.72754345e+00   8.99328972e+00
   8.28675073e+00   9.00895306e+00   8.58663331e+00   2.94534312e+00
   2.52151792e+00   2.63214472e+00  -1.39855084e+00  -8.80184345e-01
   2.55762632e+00   6.66884893e+00   1.16156164e+01   1.15292946e+01
   6.16794270e+00   5.45698943e+00   6.57242625e+00   6.86903746e+00
   4.57871129e+00   4.50130477e+00   1.11056192e+00  -7.18383117e-01
   6.73554589e-01   6.49762041e+00   1.16995759e+01   1.66499470e+01
   1.31330951e+01   8.29593722e+00   2.88807071e+00  -1.52882442e+00
  -1.58074773e+00   3.93227151e+00   6.87664512e-01  -3.12092537e+00
  -3.69508232e+00   6.05684514e-01  -3.14509717e+00  -9.50947742e+00
  -3.29114304e+00   1.36331647e+00   1.97471412e+00   7.66423197e+00
   6.70122594e-01  -3.85073093e+00  -3.52285470e+00  -1.28489669e+00
   1.58102323e+00  -1.61199357e+00  -7.61819909e+00  -2.03331724e+00
  -3.74450591e+00  -8.76670743e+00  -3.73895335e+00   1.63964447e+00
  -8.88037486e-01  -5.77371603e+00  -8.56955307e+00  -1.36637184e+01
  -1.19257747e+01  -7.01251635e+00  -2.82399194e+00  -5.25485839e+00
  -1.75070512e+00   5.57971792e+00   8.79707413e+00   3.58316640e+00
  -3.64052590e+00  -1.37652422e+00  -1.03337151e+01  -1.68803855e+01
  -2.44281189e+01  -2.15456011e+01  -1.80576409e+01  -1.88613310e+01
  -2.00441494e+01  -2.12546619e+01  -1.30508518e+01  -8.62463036e+00
  -8.42433625e+00  -9.54543815e+00   3.40368399e-01  -7.12731093e-01
  -6.23454595e-01  -6.90521601e+00  -3.32196479e+00   1.29089729e+00
   2.80921154e+00   1.52051830e+00  -2.43256709e+00  -8.95534102e+00
  -7.01025792e+00  -5.09351392e+00  -5.33202909e+00  -4.27340094e+00
  -4.50157738e+00  -5.44434160e+00  -1.46123143e+00  -2.18902148e+00
   3.93792195e-01   8.11852439e-01  -5.07577183e-01  -3.93452600e+00
  -4.45745302e-01  -3.28151218e+00  -6.88047530e+00  -5.23322973e+00
  -8.56257231e-01   2.66480559e+00   1.62720800e+00  -3.22698471e+00
  -3.80221843e+00  -1.06048101e+01  -8.39508032e+00  -1.02287927e+00
   4.59908158e+00   3.33721232e+00  -2.45415802e-01   4.48175712e+00
   9.40675760e+00   1.13530595e+01   1.34175469e+01   1.43963703e+01
   7.07558390e+00   3.53224354e+00   3.22697955e+00   5.49567404e+00
   6.18591465e+00  -1.62465428e-01  -1.79437197e+00   4.71446598e-01
  -3.11038524e+00  -5.00491792e+00  -1.15703789e+01  -4.68931617e+00
   3.76139599e-01  -3.98096373e+00   5.02059096e-01   2.24290381e+00
   1.03679217e+00  -6.32508413e+00  -4.71598504e+00  -1.04220174e+00
  -8.89336985e-01  -1.32403018e+00  -4.24019343e+00  -3.39609264e+00
  -4.00742895e+00  -3.36173880e+00   5.33997412e-02   1.31537535e+00
   1.21622942e+00   1.13566677e+00   3.49702312e+00   1.22014331e+00
  -4.32628273e+00  -1.40280393e+01  -8.41628116e+00   1.56325039e-01
   2.41980645e+00  -1.73719909e+00  -4.53032238e+00  -4.60019624e+00
  -4.71551303e+00   1.24795597e+00   2.73009966e-01  -3.86589561e+00
  -5.87088720e+00  -6.86155688e+00  -2.88723856e+00  -5.14152583e-01
  -6.58071291e-01   1.67095214e+00   2.60441084e+00   3.65963034e+00
   2.78448987e+00   4.35932147e+00   4.31614754e+00   2.83578800e+00
  -3.32007251e+00  -1.92235215e+00   4.44511889e+00   6.90942882e+00
   4.63663030e+00   1.54231076e+01   1.97354022e+01   1.69046496e+01
   1.18196473e+01   8.67177257e+00   3.40945527e+00  -2.81026033e+00
  -6.37455456e+00  -1.05449149e+01  -1.39222794e+01  -1.36484497e+01
  -1.15222001e+01  -9.24340999e+00  -7.93227018e+00  -4.09579318e+00
   2.52336779e-01   2.68974123e+00   5.56381691e+00   7.01609217e-01
   4.67458390e+00   3.61068754e+00   1.91865779e+00  -8.23517858e-01
   1.53954138e-01   4.24737536e+00   7.30615273e+00   6.96953557e+00
   3.61608813e+00  -2.62184012e+00  -8.28186565e-01   2.58512621e+00
   3.06605009e+00  -2.07693670e+00  -4.98703103e-01  -1.06056011e+00
  -9.25732789e+00  -1.05994466e+01  -9.07857130e+00  -2.90411127e+00
   6.88619722e+00   6.30986731e+00   2.28406379e+00   1.36219355e+00
  -1.89053480e+00  -6.31270113e-01   1.65606282e+00   2.65926404e+00
   2.37390124e+00   7.59156374e+00   1.17871336e+01   1.01139415e+01
   1.34265386e+01   1.37095546e+01   1.20234865e+01   1.53208351e+01
   1.04988239e+01   5.60469034e+00   6.90481959e+00   8.57248277e+00
   5.72171182e+00],[ -4.7470367   -9.51285252 -11.88005338  -5.64189869  -6.48920137
  -8.88988731  -7.97678158 -11.28883883 -11.51644898  -9.25191642
  -8.96044365  -9.97535624  -6.10587868  -3.02585347  -9.17790774
  -7.73015927  -4.80220535  -2.27425898  -1.36216602   3.16744623
   1.58429696   2.4516247    2.1836518   -0.80561923  -0.1393556
  -2.04079561  -5.3971      -3.89810525  -4.65797576  -6.9005685
  -1.08544282   5.23009253   3.60091136   7.74147207   7.19107054
   7.7255191    2.9776079    5.20028887   5.05650903   0.52905618
   3.76444178   7.86269897   0.66668343  -7.27056592 -14.46239032
 -16.22044594 -12.58190052  -6.95160049  -8.67442902  -7.51667843
  -8.11470762  -9.52754743 -10.06248275  -5.65398809 -12.16036342
 -16.27759432  -5.87632695  -0.06452384   5.98896828   5.09360323
  -4.30169188 -12.30014165 -13.39897241 -14.20658518 -13.82416709
 -14.83117495 -16.49641034 -13.48574847  -9.81069784 -13.62036465
 -14.99827003 -12.72227316 -11.91677174  -7.68222437  -7.13724704
 -10.59243187 -14.33969229  -8.37088231   0.22512488  -1.48043145
   1.30628081  -1.12947922   2.56346365   1.34281054  -1.22513867
  -2.5338164  -12.57889647 -17.24946043 -15.23248498 -13.25451412
 -10.82848058  -8.24677516  -3.66248327  -1.53179764   6.12158158
   3.96060837  -1.94971895  -8.36051562  -8.7490786  -15.13022381
  -9.80499182  -4.64472606  -2.54477432   6.7469826   -2.62676322
 -12.03635836 -12.41479306 -12.68519961  -9.65277838  -6.2861152
  -8.59728394  -7.42651108  -9.16592307 -14.9773576  -12.65855419
 -11.4480596   -0.36348253   3.88362263   1.10361608   3.22729758
  -0.87204529   1.55744298   1.6303821    0.48253989  -3.48845531
  -5.11699113  -2.0894153    1.56002133  10.36174134   4.55129243
   3.01986276   0.83400345   1.08587411   2.46251985  -2.99628115
  -3.86852782   1.75830929   0.51649614   4.37235681   4.558736    -3.4721388
  -9.69630782 -12.29444721  -8.98461282  -8.15866736  -6.68187793
  -6.54720018  -3.17346967  -2.83798997   1.52704004  -4.11134056
  -0.14917116   1.42944969  -5.40175841 -11.22530362  -6.75043552
  -1.48249112  -5.13057685  -5.45870056   2.11976138   1.02819628
  -8.44342588 -13.34589297 -12.16616709 -14.58471029 -14.6885662
 -14.37390677 -15.18931381  -8.65388641  -5.24470208  -3.94636445
  -4.10916001  -0.9306041   -6.61655189  -5.65832788  -2.07559412
  -4.88908037  -5.0060076   -6.087932    -2.81119476  -5.17644367
  -6.94974299 -11.1338783  -14.37035154 -12.95516685  -8.11504087
  -5.00553627  -2.20726667  -0.65927943  -5.81910627  -6.24182338
   0.34510693   5.28290366  10.84578075   7.3763483    2.46914834
  -0.30436055  -4.75349621  -8.21485134  -2.16134157  -2.47689188
   7.36634306  11.84462531  13.89430708   8.48267283   7.46446561
   6.23328915   1.6665189   -7.25944945 -13.31905195 -17.16180275
 -17.29973335 -10.94252297  -7.95594991  -7.86222905  -4.24449858
  -0.83336517   5.66199178   6.33864302   3.57493687   7.54372897
   9.29858884   8.04025099   5.31813225   3.62675987   2.47651698
  -2.00179005  -5.299053    -1.73982504  -3.51842546  -4.24277844
  -3.46435356  -2.21876482  -6.86365456 -10.6098079  -11.30543113
 -16.34053068 -12.91824692  -7.36884445  -4.53349527   3.91881886
   4.30544252   2.85629425   2.78232581  -0.35728787   2.50388299
   7.40392154   4.6541933   -3.14462923  -5.81583283  -7.48829454
  -3.36652449   4.97793378   2.70143729   1.02663248   6.36578562
  11.08834644   6.18315719   2.64600965  -3.01715097 -10.00677599]