[-719.14721526 -664.66118058 -623.9659418  -509.64773906 -408.34518524
 -385.7362129  -391.5379987  -393.28618651 -408.84693554 -429.90915086
 -458.4398607  -474.79340359 -489.34665997 -487.75115062 -451.22419407
 -446.99942203 -474.55064381 -517.21414876 -553.09646649 -577.06165209
 -593.75578283 -604.26842609 -611.04884735 -613.47596461 -578.41116888
 -503.5098117  -453.71968562 -429.83107334 -408.74924803 -392.95783291
 -390.93658621 -392.56671488 -404.62380041 -434.48414009 -482.84904202
 -523.78881389 -540.01562961 -526.09151859 -500.48660165 -457.10610656
 -416.63601745 -406.84615104 -418.12768224 -427.72175891 -436.15825431
 -443.27587571 -448.02658549 -452.47987096 -464.46170998 -477.74949777
 -462.2042253  -456.67671544 -471.32943637 -473.24961588 -487.65098867
 -516.57960995 -549.32949848 -577.65825105 -596.75103903 -604.81699064
 -600.89467882 -602.02650444 -542.85208332 -503.91355682 -513.12300414
 -515.01967918 -468.39518686 -428.72865653 -415.4282023  -423.43281107
 -453.75580666 -497.88181283 -535.18114342 -549.56962523 -547.02153126
 -533.21597068 -492.62854951 -459.00069342 -460.75820558 -494.98431214
 -511.37007852 -479.48025974 -457.78338588 -455.08751321 -473.07066328
 -502.42025693 -536.65001036 -567.08737243 -578.27544114 -577.40439949
 -539.63804447 -485.2090235  -475.68660488 -480.07038663 -484.86020314
 -492.94822207 -490.26031945 -450.46328892 -414.93693732 -399.36599048
 -400.95431042 -407.9404485  -415.07716063 -426.36228871 -446.18673463
 -479.93053819 -519.49928578 -533.74798232 -552.62587927 -580.10685958
 -598.37769267 -599.83702765 -589.34834926 -541.21527797 -517.32713532
 -515.85580515 -526.5333582  -539.56383891 -522.19324909 -486.09994597
 -475.78647976 -481.13535627 -504.28113623 -550.14808567 -607.63103293
 -633.98529058 -646.16826378 -648.40452436 -654.4291522  -648.50118119
 -594.685831   -516.94589515 -466.43351353 -432.87294488 -429.18770594
 -438.50626358 -443.47220749 -446.14348106 -454.96936692 -463.6020896
 -468.54201756 -481.86946978 -507.96122721 -523.02867237 -520.31542993
 -515.69908782 -511.26513271 -507.08000221 -512.05289024 -507.6400248
 -501.28535878 -490.96397231 -485.40740605 -477.55850982 -472.49013518
 -474.92185027 -493.78297331 -531.01216223 -542.16365965 -507.28140615
 -481.80389391 -480.75158373 -497.25121215 -529.87216504 -565.29089868
 -572.97021219 -572.29181527 -583.12769166 -584.46958861 -560.95427751
 -537.5825444  -526.62710122 -534.92261934 -531.81543902 -524.99441948
 -526.58855917 -529.21676464 -523.75059074 -527.35377469 -525.33290765
 -433.52842508 -372.45222986 -368.71486325 -379.36644011 -387.56553664
 -393.39708565 -393.61641747 -408.10810423 -429.1166648  -456.6280921
 -479.53249667 -489.14414823 -503.33607393 -518.43477873 -526.83692742
 -528.31823047 -536.08262143 -538.88869476 -547.10280677 -551.15080916
 -560.44742394 -556.25000208 -557.84848347 -563.8256304  -568.02296627
 -572.69104266 -577.06308892 -584.63200643 -595.96282713 -609.90245916
 -620.59663269 -626.05449193 -636.68956037 -647.74532757 -655.81748078
 -644.5474802  -587.01784349 -553.69001767 -573.95473803 -582.523578
 -600.60714994 -624.19946099 -652.19370809 -666.62547896 -673.61792794
 -671.13576989 -675.3365326  -678.2963238  -659.17568957 -570.0610754
 -520.6162693  -521.9276789  -530.22777483 -525.76200429 -528.55701701
 -511.83735046 -478.03216934 -455.75384392 -451.81278389 -455.25822441
 -457.86896048 -464.00212194 -463.84360312 -468.93624707 -472.43157235
 -479.71279446 -501.1013258  -526.08001374 -539.94841987 -543.64046725
 -543.37366625 -554.58252222 -556.65527263 -530.86728523 -516.75683262
 -511.90695269 -516.40551689 -513.97123709 -524.47629465 -559.5144426
 -594.09653236],[  13.95658339   22.61274177   28.52756172   73.79603327   90.74797133
   85.48866663   80.46024221   81.80829859   73.72386419   74.07765806
   79.603985     82.74109841   97.57356249  122.13475353  160.31638612
  187.90361914  199.13754325  186.23253717  180.4938424   174.16794804
  164.70396846  158.9848284   149.06495038  143.13631631  154.22929932
  189.49479703  205.08597406  216.00750831  229.90339678  234.77785336
  233.41341679  237.41671762  239.67111295  232.61626902  215.88290259
  199.36358095  180.77182191  158.77534872  138.56676013  125.39553629
   99.47683605   77.13277211   67.13803591   64.37315966   67.26948134
   63.54773938   57.4437685    65.43216489   84.40270243  118.2424647
  168.36270336  197.70391106  204.96282733  209.99849704  204.16966581
  184.09882826  163.29766627  156.35462088  152.4794602   148.67628283
  150.6259265   134.72205818  144.2563531   159.17113415  154.00448587
  152.31937903  206.43907747  244.47312954  258.3301856   255.9884185
  243.57771097  220.74128534  202.67749163  193.09137305  184.52794275
  187.09568161  223.7764942   244.13311728  238.86379996  216.7113453
  193.09266233  197.00043842  196.42571547  188.23437644  178.4391027
  170.32818235  166.71453989  156.63317392  148.4001819   141.38672652
  125.27730307  127.08332593  123.85585154  111.85374062  114.12232289
  115.25122182  124.45325572  172.07893236  206.06631958  219.2216258
  221.10464893  215.72359991  209.97539347  202.05492093  194.08042692
  185.00683543  176.63520674  167.66458393  167.48103503  161.50014736
  138.53280594  131.90290463  125.183168    104.02157634   90.14967243
   81.16032861   77.25064965   82.44439935  110.85704936  133.17229546
  132.89082243  136.50713317  141.54292156  141.53527057  127.52864488
  115.72788088  111.90570523  116.22257328  111.51899333   99.13785017
  103.35995093  124.46653634  157.18774364  184.17425041  200.88266624
  201.67041099  201.16759326  201.46282827  199.56837856  198.20290355
  202.52334341  196.15123676  176.55587437  147.14531135  129.6415939
  129.20234782  141.76330571  164.08785831  186.83672089  202.76085818
  207.20784177  210.48554968  214.33517782  219.77421152  221.05718672
  213.78703406  206.93911103  193.82199144  175.0099281   164.41884129
  165.44236805  166.47468361  165.20711218  154.88007566  156.65887018
  157.22177482  155.87487362  146.97916064  126.32807589   96.93178318
   66.22746479   51.44513972   31.53272622   28.28342741   31.60664908
   29.59526054   26.52150139   40.29078647   49.63917832   62.8968622
  150.78574447  180.66900783  198.7841161   215.41500732  222.39806788
  226.82942226  228.71562829  220.54378029  221.0684551   219.09252023
  213.73519103  212.72992604  210.50330957  204.08959559  204.01860024
  206.99965376  200.08409092  194.52289475  184.54913     168.83725614
  151.62940419  141.62940666  131.93106597  125.18522263  131.36343985
  152.55092739  167.45602747  170.6667567   169.94763552  159.12204122
  151.77312961  148.63433312  140.62357755  132.94516739  124.42059494
  110.61517811  114.71388907  113.48659596  100.75690484  124.47009111
  136.69474917  129.64850416  115.7116427   110.1166623   101.34105007
   94.68567932   88.26559768   83.86710312   79.31292852   90.88509834
   92.14416346  100.13109746  129.59254151  145.94473607  152.84583575
  183.84322509  214.66959181  226.56065406  228.84134978  224.13588821
  223.56462241  223.44452484  226.49327379  227.35680471  225.98910407
  222.72320913  217.21764836  204.08286968  191.773405    190.93341324
  190.87605012  179.45473555  168.85265907  143.41970569  115.69381539
   94.69035116   74.4959487    65.72933716   68.24783169   86.84915778
  108.42895862],[ -4.78254674 -14.77986199 -23.05347872 -39.65389705 -67.40457051
 -76.77276025 -74.3673837  -70.85094395 -65.12787388 -33.72321984
  -8.01965962  -2.92415474   2.78027707  -1.60575728 -12.76815927
 -11.05545282  -1.96410252  12.67485055  34.91846249  43.60872542
  43.97170704  48.11879616  50.35744823  52.67396316  40.23341493
  31.53894415  16.22103848   4.38107625  -8.23827823 -21.59952274
 -30.79919355 -32.16012103 -25.69520662 -10.01176786  13.15880623
  24.04126816  24.42914504  21.96484435  -5.30714748 -44.84698185
 -76.86170324 -83.41980318 -70.50735321 -57.63555868 -53.59625077
 -53.63964654 -58.8578211  -60.94727965 -52.87222958 -32.43538931
  -9.7801021   -1.21746188  -2.66049642   0.12171846   7.88960558
  13.55959686  14.32923797  19.32112006  24.87577972  24.68819422
  22.8191643    9.92219659 -39.5918694  -47.85386504 -35.98981258
 -33.42303108  -9.69873854  -9.8517809  -11.97056939  -6.79515088
  12.16284179  29.32458778  34.35225927  33.18205896  21.6246744
  15.78416142  20.64251999   7.6499671   -0.2140432    5.67212757
  -5.81935989 -22.18884271 -28.29635069 -26.82800815 -13.40100397
   1.36588795  11.48278035  17.42975851  14.64490112  11.52390313
 -25.90964049 -63.06807199 -67.08185746 -66.57332928 -65.57521932
 -60.06827806 -50.14573795 -29.59199741 -37.24903481 -48.51450163
 -52.47921206 -54.55768904 -52.3494849  -46.1558351  -37.36969772
 -22.20539686   1.58797176  -4.4714901    0.15211017  16.69301261
   8.65602127   9.94035393   4.33401009 -42.97797389 -60.95580903
 -63.40318817 -59.02858214 -46.88381266 -31.86347182 -33.18610627
 -41.42440409 -40.46211537 -27.85333983  -4.0814142   23.55469461
  29.26336586  33.23957826  40.11385784  41.78300855  34.46522697
 -12.07029387 -41.94026891 -41.18562444 -40.89742746 -34.53968222
 -28.59298983 -30.19172542 -31.23151564 -22.65900822 -13.24529818
  -5.82392024   1.20907941  13.64562449  17.46970238  11.23328236
   7.30946134   5.67838566  10.38076774  29.21624539  42.53514219
  42.69103275  36.21343453  32.60797003  30.04108468  26.67726671
  19.63304674  21.77395528  31.50492196  16.88237681 -15.88944564
 -26.70932625 -25.18663712 -11.71614435   4.61257705  32.05753884
  34.79337661  38.65395882  44.97622212  38.58371439  30.3591473
  11.79221817   2.28476776  -5.39330938 -13.09437759 -18.98591303
 -18.43210008 -17.72360847 -14.68049639 -13.37044316 -16.62174416
   1.78926162  -5.61534411 -12.72987588 -26.78878883 -38.7498677
 -49.29310388 -48.57784712 -47.66822638 -37.72116752 -18.8344109
   0.1000135    7.80237251  16.38638404  19.3680949   25.98234275
  33.53277311  40.04101476  36.03449442  34.56060851  32.98068979
  34.40629256  36.9094739   34.15031228  29.14006057  32.31362142
  44.23789527  49.61896663  53.55214873  64.32284764  69.45695079
  71.72729556  68.67006022  64.36915863  64.66672199  65.29049941
  43.69923697   8.58104704  -1.8117175    6.21113028  19.53721399
  39.42909833  45.6848716   48.11505997  55.20668507  46.85082072
  38.80258145  39.4045694   36.09255928  20.69332642  -7.43502049
 -25.61286215 -29.98197503 -22.84200503 -19.61847323  -9.10201594
  15.99281836  25.37519568  18.24470582   9.19216517   2.09492221
  -1.12723021   0.70965536  -1.04444685  -0.47006994   5.62552906
  14.9968836   29.15566441  36.2691873   36.85850563  38.43733235
  41.88162062  50.05920831  49.16600859  22.48641266   3.28786852
  -3.60482671  -7.60985757 -14.76260752 -13.76645722   7.85195701
  34.82496821],[  18.00010011   26.61717279   32.49884579   50.9846401    73.93810422
   86.11366911   89.54924694   86.76160676   84.43932974   70.1488754
   42.04700622   26.17481592   22.57083073   25.45914489   27.83006157
   26.0600147    20.52669879   19.37567965   27.84027339   26.1897933
   24.25374844   25.22024825   28.62582324   32.62174901   27.88641349
   22.14548476   19.74117014   14.49407412    5.99047045    2.60539974
    1.81973633   -2.05033619   -5.17424827   -3.97216217    2.43832904
   -0.58927564    6.34982031   23.64004851   32.94442769   34.43935171
   63.9023334    88.29990181  105.50874776  111.82151824  103.8351332
  105.49379915  108.19826746   99.49775886   82.02397331   57.24040464
   39.20761604   24.41646467   10.53869282    2.12901744    3.90129943
   14.80379396   18.2698707    12.05151464    8.12273169   -0.59717267
   -0.92525467   11.48564627   -2.35861061   -3.39462935    4.91145819
    4.56053959   -6.93706093  -22.37926938  -31.72508052  -33.28475835
  -16.58679999   -0.18234732   -1.5811725    -2.84351445   -3.17672082
   -4.43173132  -19.3211703   -34.41387907  -36.94525496  -24.35053405
  -13.21018952   -8.48402862   -0.70648213    8.96630239   19.36609354
   24.16368975   21.7924832    23.98354824   22.58723759   25.36260375
   45.04292262   41.56358813   46.83208867   59.96456258   54.89401222
   55.99731881   52.91467875   39.12628895   13.31521515   -3.20095457
   -9.5733147   -11.95530925  -11.87319144   -5.95768973    0.29496073
    3.39153785   10.59438177   18.35221588   11.4930257     4.40042024
    7.048118     17.42211707   28.09003471   52.31809751   68.37063721
   74.35774231   78.55154422   77.84975202   74.13154454   81.81797809
   86.40291399   72.6297205    50.92770667   37.37547085   43.34896558
   50.35180647   47.91852994   44.9855399    46.7112199    56.54016016
   38.0720446    45.99839387   44.98067815   30.33383778    7.55479014
   -4.3933976   -10.51456244  -13.52151558  -15.48115265  -15.6416827
  -15.72299931  -11.81574104    0.69765782   16.42715531   20.74431165
   16.28658264   14.44156147    5.44765349   -6.13040637  -18.41379573
  -26.5630457   -33.66075058  -37.05656516  -42.8618857   -42.53098639
  -37.36576515  -30.62376213  -18.24511511   -3.2163083    11.8412011
   22.17874677   23.42837692   27.93436501   29.92858156   26.97211314
   21.76930586   26.33598656   25.59448801   22.69589155   31.08538786
   39.4351412    41.73641133   50.08680304   48.23472285   47.28301676
   44.64134214   41.49301992   44.24344221   47.65616561   36.79828923
   26.36163464   27.37175332   15.22874346   -6.69838544   -8.14214881
  -11.96187606  -11.02905707   -6.68316509   -7.78314789   -8.40626644
   -2.05142743   -3.26894475   -4.69672656   -5.15513675    3.02398653
    5.76580294   19.07233595   19.87010283   20.907045     31.96068207
   43.13113844   57.88653744   59.60026524   51.4915024    42.4209126
   30.69365967   22.59096209   20.25975364   24.25173048   35.95235164
   38.78963324   30.24923417   23.19304345   26.59469523   33.57307338
   32.23146529   27.96384505   44.85788332   60.46340429   43.69609703
   33.31410169   31.71189578   33.5730214    33.49855363   28.4238799
   29.7899185    35.72400082   34.96554815   34.35875331   42.53028475
   46.24782296   37.56435679   11.99656767   -1.03803205    2.04805692
    5.66274583    1.3023415    -2.9053769   -10.39598816   -9.5150824
   -7.22238788   -7.12653161   -8.17288658  -11.65196739   -6.78219797
    1.52576719    6.0295628    12.10996353   18.000012     16.89735345
   19.81598455   36.34062978   46.81713275   75.4225266    94.31826728
  102.98389371  106.9955621   107.49223171   98.49040355   85.25640527
   67.68998976],[  5.06590172e-02  -1.17661854e+01  -1.84308703e+01  -2.55902831e+01
  -3.29372573e+01  -3.14026859e+01  -3.60320885e+01  -4.71304535e+01
  -5.20593109e+01  -3.57970896e+01  -2.87096630e+01  -2.83078847e+01
  -2.40791923e+01  -1.37292198e+01  -1.81328051e+00   5.64826890e+00
   1.10875244e+01   6.79383730e+00   1.80085665e+01   2.24608743e+01
   2.60631659e+01   2.52444106e+01   2.06652835e+01   1.88714659e+01
   1.10160200e+01  -8.02488414e+00  -1.39263849e+01  -1.62964567e+01
  -1.66049238e+01  -1.97359704e+01  -2.10715004e+01  -1.63707560e+01
  -1.11342450e+01  -6.82592178e+00  -4.80032279e+00  -5.44708947e+00
  -9.01815536e+00  -1.99538472e+01  -1.86869114e+01  -1.97786777e+01
  -2.44963584e+01  -3.08169404e+01  -3.64022874e+01  -4.28894482e+01
  -5.11666172e+01  -4.66263416e+01  -3.96608391e+01  -3.32349229e+01
  -2.14285804e+01  -1.45652967e+01  -2.14256960e+01  -2.27632980e+01
  -1.59557481e+01  -1.70892077e+01  -1.34727398e+01   3.77522923e-01
   1.30307608e+01   1.74776956e+01   1.78475576e+01   8.30302034e+00
   1.09577246e+01   2.46477412e+01   2.05453319e+01   1.13524076e+01
   8.98723521e+00  -2.47019928e+00  -2.44604358e+01  -2.51972803e+01
  -2.31750792e+01  -2.76146747e+01  -1.84637715e+01  -9.10528453e+00
  -2.13993442e+00  -1.19769064e+00  -1.95373289e+00  -3.98340343e+00
  -1.70158086e+01  -1.38542024e+01  -2.54997256e+00   1.34534629e+01
   2.92264352e+01   4.00149340e+01   4.24479582e+01   3.92680950e+01
   3.65942319e+01   3.07066190e+01   2.97663073e+01   4.09991917e+01
   3.80226889e+01   2.65660529e+01   3.07694264e+01   1.68207866e+01
   8.98688324e+00   2.23625261e+00  -3.51085315e-01   8.43571895e+00
   8.10104482e+00  -3.26290106e+00  -4.57810886e+00  -2.33441897e+00
  -4.30678175e-01   1.83235051e+00   3.92049716e+00   1.06775213e+01
   2.22758958e+01   2.94084414e+01   2.79728821e+01   3.51915514e+01
   3.98116449e+01   3.47158366e+01   3.32893618e+01   3.38121522e+01
   2.37961663e+01   1.70027098e+01   6.63509376e+00  -2.03285700e+00
   6.85387214e+00   1.68346742e+01   2.68292925e+01   3.74973641e+01
   4.39442408e+01   5.03103402e+01   5.81004459e+01   6.12690557e+01
   6.04947406e+01   7.12112922e+01   7.15535948e+01   6.34578109e+01
   5.75949502e+01   4.85347445e+01   3.24273589e+01   2.27534315e+01
   1.22815901e+01   1.67301970e+00  -4.77836496e+00  -7.92579113e+00
  -5.73195866e+00   2.31912509e-01  -1.32911831e-01  -2.81027293e+00
   2.36161022e+00   3.11715429e+00   2.13285626e-01  -6.42204291e-01
  -3.21546023e+00  -9.87534262e+00  -1.17037055e+01  -1.22942364e+01
  -1.99589800e+01  -3.19843439e+01  -3.44513260e+01  -3.36923533e+01
  -3.23263556e+01  -3.21640212e+01  -2.98709654e+01  -2.79520106e+01
  -1.69842250e+01  -7.17756612e-01   1.80701936e+01   3.24157378e+01
   2.90137057e+01   2.44697193e+01   2.18605005e+01   1.68690792e+01
   1.53131932e+01   1.45580232e+01   1.76700894e+01   1.40511676e+01
   3.32876415e+00  -4.01469120e+00   1.17699729e+00   2.35555106e+00
   7.24893838e+00   7.85943451e+00   5.03265064e+00   2.16215074e+00
  -8.36886814e+00  -9.38383159e+00  -8.77225977e-01  -1.11529997e+01
  -3.71547416e+01  -4.05541898e+01  -3.39363228e+01  -3.11787105e+01
  -2.84732498e+01  -2.26447270e+01  -1.71720968e+01  -9.74016742e+00
  -2.15072078e+00   7.56830963e-01   2.89477878e+00   5.25189436e+00
   3.82090150e+00   6.20744431e+00   1.51382797e+01   9.57895038e+00
   8.53548483e+00   1.14642309e+01   1.00249239e+01   3.18644358e+00
  -6.93559566e+00  -1.43469843e+01  -1.69472056e+01  -1.80480740e+01
  -1.49802471e+01  -9.17394361e+00  -2.33117493e+00   3.67847370e+00
   5.79074219e+00   9.97678288e+00   1.09107445e+01   5.93536746e+00
   2.34671822e+00   9.05108218e+00   1.03358280e+01  -8.33308150e-01
  -2.07696849e+01  -3.19963274e+01  -2.31559909e+01  -8.79451382e+00
   2.92542114e+00   1.14077168e+01   2.36647380e+01   1.87582411e+01
   1.87886428e+01   1.71219997e+01   1.93322016e+01   2.12658405e+01
   1.29809955e+01  -1.93441903e+01  -3.18174395e+01  -2.22914548e+01
  -1.43355311e+01  -2.64511917e+01  -3.01693809e+01  -3.34809432e+01
  -4.21436538e+01  -4.20353322e+01  -3.91137161e+01  -3.23625572e+01
  -2.59451588e+01  -2.48391321e+01  -2.05733633e+01  -1.67901566e+01
  -1.59825712e+01  -1.46921328e+01  -1.14099396e+01  -2.16505892e+00
   6.29505897e+00   8.89264846e+00   5.28238629e+00   5.47863321e+00
   6.76872119e-01  -5.90167160e+00  -1.58856863e+01  -2.64400827e+01
  -3.38070236e+01  -3.25811588e+01  -2.46526224e+01  -1.11375619e+01
  -6.26745247e+00],[  7.39053978   6.62254945   9.06915623   2.73029201   4.85569823
   6.52434921   1.78010009  -6.35451952  -5.69447924   2.50797748
   4.42643898  -0.83736428  -4.24475833  -4.83627447   9.31163779
  19.76333849  21.1110188    8.64622174   5.30885692   6.14667577
   8.77233776   8.73449168   9.85986316  16.45788446  15.48595999
  14.17544879  19.71243066  18.24441635  13.87290245   8.4049528
   5.83873284   5.87933648   8.56959529  12.77367141   8.02145331
  -0.57285365  -8.04557507   1.00074384  10.69308097  21.23270237
  11.24465638   3.15727527  -6.12903415  -5.86253844  -9.58215518
  -6.87737257  -4.56793641  -8.38870939  -2.28041903   2.57576107
  -2.73133818  -8.90563648  -7.87283914  -0.07476372   9.47431253
  15.76901763  20.7734734   17.14111192  13.04503678   9.87061839
  15.11940394  23.89913676  11.33420736  10.61277488  12.46647977
   6.53780242  12.45846178  18.19852508  19.65463107  15.27974063
  13.11773252  10.64287818  10.3321706    6.28439246   4.94872624
  11.56327398  20.81487258  39.72553238  53.45330308  54.91040822
  51.72935589  59.00024814  62.85333859  67.2240112   65.51414984
  51.80762593  38.63621038  39.20406673  33.23585858  21.48243584
  15.20384156  11.59479011   5.3405377   -8.42467712 -14.30249533
  -4.42662905  10.88800242  27.034062    38.48980484  42.19001192
  40.96848423  45.47123645  48.54838243  51.01030688  54.2459947
  55.54111924  47.55951732  24.57258628  18.45477725  26.76774171
  29.16304319  29.60094261  16.33272139 -10.38981717 -14.09440173
 -12.97858059  -8.27111553  -0.88969571  21.10650081  31.45463137
  32.95511572  40.35668087  49.05536471  47.5128754   40.53496985
  41.06064224  42.05521934  34.9885461   26.27153127  23.09098832
  20.58208842  18.96559003  19.69609987  20.70509501  31.00011006
  38.73553829  38.42917864  44.10885444  51.82497354  52.93137283
  55.33395574  52.80786409  44.08543069  39.05557544  33.91911125
  28.02462711  24.18302113  22.91422287  27.6337622   33.41030066
  44.06254549  54.5467457   59.29303779  59.89245335  64.44462608
  65.57142951  64.46259873  61.6682404   58.02791003  72.28981412
  70.45017067  63.50982811  54.42964435  52.08997478  47.76660936
  42.55354014  39.22864951  37.94185296  29.06030834  30.71896828
  48.72009564  53.24762694  58.40605015  59.25309795  52.71407176
  46.88390692  41.32842025  38.31081242  38.24511399  30.46367087
   0.15948478   3.79433307   3.70892143  -3.29583062 -14.78146179
 -12.70164359   0.60173033  13.44859643  14.28112385  14.50328577
  17.75147508  20.68132366  18.6183661   19.7724629   19.85301017
  13.40897847   5.03911935   9.97686087  16.01960409  13.36920788
   5.92868553  -1.6276887   -3.4707027   -3.61209887   6.31245076
  16.2647546   18.32097068  20.82290447  21.14473511  15.297888
  12.91509137   9.52765197   5.68175551   7.38394587   2.72361803
   1.63989265   9.46710285   6.76125718   4.05616516   6.40756923
  22.74444907  24.00295591  19.90000101  11.52613425  10.99082065
  10.97363312  13.56025076  11.7910385   11.41063717  -5.30245932
  -3.91431691   1.78322932   1.59393245  -9.33133755  -9.11673491
  -8.94953678  -4.12944787  -1.37481799  -4.16125441  -7.81992574
 -13.45035975 -21.39949644 -26.8344457  -26.82472943 -22.86503923
 -17.20378771 -11.13930901  -2.2608834    9.34107157  14.54512471
  13.71614317  10.12030243   1.80017792 -15.1129715  -21.34689648
 -20.17002507 -11.64824373 -10.24207652 -10.73745832 -14.22781926
 -12.40182119],[  4.25858772e-02  -4.01906925e+00  -7.70892770e+00  -2.32781400e+01
  -2.77022064e+01  -3.08470262e+01  -2.80544122e+01  -2.66522346e+01
  -1.75857522e+01  -1.71266714e+01  -2.95877487e+01  -3.55632559e+01
  -3.03584964e+01  -1.98610152e+01  -6.00746976e+00   3.40710931e+00
   1.19111497e+01   1.36639913e+01   8.20669461e+00   1.03210429e+01
   1.39484244e+01   8.74550113e+00   4.58243894e+00   1.53106174e+01
   4.92697400e+00  -7.67410333e+00  -1.85261580e+01  -2.61255660e+01
  -2.89429446e+01  -2.83108228e+01  -2.38980033e+01  -2.69728527e+01
  -2.42457349e+01  -1.89816766e+01  -1.58649811e+01  -1.55905464e+01
  -2.32016195e+01  -1.92382015e+01  -1.30803446e+01  -5.07503312e+00
  -2.63360235e+00  -6.21250371e+00  -1.16715958e+01  -3.88805571e+00
  -1.91269059e+00  -1.27412451e+00   1.62670018e+00  -2.81648522e+00
  -3.32672477e-01   3.82518623e-01   3.86047164e+00   6.32261315e+00
   1.16074781e+01   1.55917138e+01   1.86030540e+01   1.10358776e+01
   1.27783150e+01   1.34427540e+01   1.31275376e+01   1.14675827e+01
   1.56262437e+01   1.93506014e+01   1.26638347e+01   7.53838783e+00
   1.06240506e+00  -2.02817942e+00   1.14437412e+01   4.44564490e+00
  -5.47816666e+00  -1.30117797e+01  -1.34863436e+01  -6.15591534e+00
   7.39553233e-01  -1.82514658e+00  -2.68826799e+00  -1.55149409e+00
   7.66500701e+00   9.44819129e+00   1.00025396e+01   9.69264265e+00
  -1.71669565e+00  -1.76052348e+01  -2.90216041e+01  -3.04314654e+01
  -3.03734095e+01  -2.59388709e+01  -1.04444398e+01  -1.19709970e+00
   6.93593500e-01  -5.23951744e-01   1.29920085e+00   4.55620243e+00
   5.38494705e+00   7.99454772e-01  -3.65713460e+00  -6.97349719e+00
  -7.48731934e+00  -4.15028798e+00  -5.63846312e+00  -1.11653673e+01
  -1.08791606e+01  -8.37250211e+00  -1.30835645e+01  -2.14143609e+01
  -2.61390272e+01  -2.36598414e+01  -1.28457127e+01  -6.86532675e+00
  -6.98229253e+00  -1.03567435e+01  -7.39367802e+00  -3.96217212e+00
  -6.17045705e+00  -5.66549934e+00   1.84092774e+00   7.09264679e+00
   5.47103725e+00   4.71855093e+00   7.07948918e+00   7.10056454e+00
   4.22298229e+00  -4.69204368e+00  -8.04827682e+00  -9.83067165e+00
  -4.70803381e+00  -1.57669646e+00   9.10773105e-01   4.06370585e-01
  -2.38390378e-01   7.24642100e+00   2.04908472e+01   2.66035891e+01
   2.23089186e+01   9.48419798e+00   4.05299516e+00  -5.63399691e-01
  -4.53467827e+00  -3.32928102e+00  -2.76047647e+00  -6.31848004e+00
  -3.30081218e+00   3.83572717e+00   9.95777980e+00   8.52937448e+00
  -1.27496988e-01  -3.45104000e+00   4.77897271e+00   8.35716814e+00
   1.48433912e+01   1.26068565e+01   8.52521371e+00   7.47705864e+00
   8.05272558e+00   4.13281279e+00   5.42375911e+00   5.60218307e+00
   1.06348157e+01   1.87468073e+01   1.46147773e+01   8.57706488e+00
   1.27571470e+00  -5.05901115e+00  -5.16948047e+00   8.71850931e+00
   1.36373305e+01   6.59322730e+00   3.33645467e+00   4.75651161e+00
   4.45457684e+00  -2.99108608e+00  -1.19498525e+00   1.11880509e+00
   6.00219776e+00   4.00321414e+00   5.05544645e-01  -5.26784411e-01
  -4.35505183e+00  -3.41851362e+00  -8.54221691e+00  -1.42158179e+01
  -4.87417336e+01  -5.03173106e+01  -4.70381821e+01  -4.54495111e+01
  -3.41905658e+01  -2.18099456e+01  -1.18734486e+01  -3.06777108e+00
  -3.52781456e+00  -2.87482617e+00  -4.53317846e+00  -1.15851638e+01
  -1.46493289e+01  -8.33837240e+00  -3.94553004e+00  -2.41098353e+00
   7.29920673e-01   5.69139299e+00   9.37229287e+00   1.53859088e+01
   1.91687272e+01   1.82541936e+01   9.97064447e+00   3.64506135e+00
   8.46502210e+00   1.62658973e+01   2.25103144e+01   2.22188283e+01
   2.25702651e+01   1.79654883e+01   1.30740545e+01   5.98598515e+00
   3.82999529e+00   4.68221081e+00   1.91880061e+00   1.05136530e+01
   2.67316016e+01   3.19186294e+01   3.61717380e+01   3.02356761e+01
   2.76511655e+01   2.78760303e+01   1.92219745e+01   1.04256890e+01
   1.03546388e+01   1.35479882e+01   1.66423822e+01   1.00093904e+01
   1.55290775e+01   9.23359873e+00   4.58647814e+00   6.94940622e+00
   7.31558781e+00   6.34902022e+00   7.15735163e+00  -3.76807159e+00
  -3.48507813e+00  -7.04990202e+00  -8.79355551e+00  -9.58691545e+00
  -9.19807273e+00  -1.35883262e+01  -1.56579817e+01  -1.92857131e+01
  -1.59143579e+01  -1.37614943e+01  -1.40888503e+01  -1.25205392e+01
  -7.52984035e+00  -7.93756549e+00  -6.01492768e+00   4.43897374e-01
   6.33786796e+00   2.23915137e+01   2.75234334e+01   1.88833991e+01
   1.58640248e+01   1.43644608e+01   1.52526833e+01   1.28626594e+01
   7.09109923e+00],[ -8.73868768e-02   4.03531846e+00   5.19216125e+00  -5.02080220e+00
  -8.27544101e+00  -7.02973188e+00   2.56790840e+00   4.57917584e+00
   3.62580634e+00   1.07014302e+01   1.86055874e+01   1.55067315e+01
   1.13731278e+01   9.28425606e+00   5.42590475e+00  -7.54731209e-02
   1.76472776e-01   5.14251396e+00   3.95821472e+00   1.12067195e+01
   2.01131355e+01   1.47216410e+01   1.04552413e+01   1.51455043e+01
   1.94864970e+00  -1.24729188e+01  -2.48825842e+01  -3.58202834e+01
  -3.94866943e+01  -3.92081918e+01  -4.02314768e+01  -4.33945371e+01
  -4.00463742e+01  -3.47203744e+01  -2.74168631e+01  -1.56588737e+01
  -1.85959835e+01  -1.50226147e+01  -1.16415584e+01  -1.10336368e+01
  -8.15412039e-01   1.35539851e+00  -1.61328998e+00   3.94810848e+00
   4.95685469e-01  -2.40394063e+00   2.30129700e-02   1.24857465e+00
   4.98305890e+00   6.17131279e+00  -1.10421473e+00  -6.14950153e+00
  -8.94698514e+00  -1.00464334e+01  -1.09275819e+01  -1.51557566e+01
  -8.41787895e+00  -6.24688398e+00  -3.72829418e+00  -7.58438484e+00
  -8.29375800e+00  -1.00355044e+01   1.51533294e+00  -2.18621334e+00
  -1.48468123e+01  -2.90504140e+01  -3.10438916e+01  -3.99198174e+01
  -4.14024568e+01  -4.24857301e+01  -3.91461900e+01  -2.98628212e+01
  -1.56376810e+01  -1.21049961e+01  -9.23139043e+00  -1.17844864e+01
  -1.73242816e+01  -3.15699818e+01  -3.56988067e+01  -2.80005372e+01
  -1.86165734e+01  -3.16368747e+01  -3.82282828e+01  -4.62176570e+01
  -4.86969197e+01  -3.95864489e+01  -2.53782013e+01  -1.51879092e+01
  -1.34302037e+01  -1.14863600e+01  -1.49717461e+01  -1.16870156e+01
  -8.53899950e+00  -7.83021591e+00  -1.33101091e+01  -2.79581062e+01
  -4.32395500e+01  -6.01325928e+01  -6.71944568e+01  -7.13347324e+01
  -6.98372314e+01  -6.89765934e+01  -6.96814024e+01  -6.54531247e+01
  -6.22375192e+01  -6.07527634e+01  -5.01344309e+01  -2.45205678e+01
  -1.69834839e+01  -2.48668229e+01  -3.06765923e+01  -3.39149097e+01
  -3.15304971e+01  -1.00613258e+01  -7.92620688e+00  -1.84422685e+01
  -2.20696508e+01  -2.26085768e+01  -3.25395168e+01  -3.52282177e+01
  -3.71652538e+01  -4.08664157e+01  -3.20518972e+01  -2.43142303e+01
  -2.02322225e+01  -1.30891913e+01  -6.04658077e+00  -1.64984507e+00
   1.20811823e-01   1.29558715e+00   1.55744482e+01   3.00288841e+00
  -1.64850416e+01  -2.93892691e+01  -3.26040406e+01  -3.47307596e+01
  -3.47541399e+01  -3.38353347e+01  -3.08989681e+01  -3.21776477e+01
  -2.81966552e+01  -1.76048692e+01  -2.63179276e+00  -8.01829892e-01
   1.18698879e+00   3.98292674e+00   1.24922895e+01   1.29934257e+01
   1.18066131e+01   7.05088686e+00   3.50989918e+00   1.48889960e+00
  -3.05296095e+00  -4.70109391e+00  -4.89552948e+00  -1.43574700e+01
  -1.41040919e+01  -1.16661192e+01  -5.82529748e+00  -2.20301438e+01
  -3.96922180e+01  -4.61544061e+01  -4.36001682e+01  -3.30245933e+01
  -2.48027668e+01  -2.65282061e+01  -2.11326933e+01  -8.60970374e+00
   6.33457719e+00   1.52254991e+01   2.68901851e+01   3.01008897e+01
   2.84208849e+01   2.52677483e+01   2.11599550e+01   2.16873457e+01
   2.12899753e+01   1.96935620e+01   1.19550758e+01   5.87954147e+00
  -1.30332587e+01  -1.23249899e+01  -1.09532716e+01  -1.36470265e+01
  -1.11919035e+01  -1.53129056e+01  -2.24826079e+01  -3.36965573e+01
  -3.45569710e+01  -2.69184839e+01  -2.75272025e+01  -2.96246261e+01
  -3.30140749e+01  -2.44499222e+01  -2.12879178e+01  -1.94806230e+01
  -1.45125793e+01  -1.21563554e+01  -1.79231360e+01  -1.15848310e+01
  -6.28273224e+00  -3.45030796e+00  -3.15024000e+00  -1.41512195e+00
   1.19109756e+00  -6.45557435e+00  -9.57127692e+00  -1.17609918e+01
  -7.93059669e+00  -6.70254017e+00  -7.01958181e+00  -1.02569041e+01
  -4.02982915e+00   1.69139070e+00  -8.61730266e-02  -2.43226968e+00
  -1.28724545e+01  -1.98371265e+01  -1.51381151e+01  -1.35824894e+01
  -1.46663704e+01  -6.33686331e+00   3.48924528e+00   3.94273387e+00
   4.74359460e+00   2.97040219e+00   4.36031302e+00   5.82411461e-01
   2.27817152e+00   3.57401737e+00   1.92871123e+00  -2.19807646e+00
  -1.45617465e+00   2.19290171e-01  -1.72530669e+00  -1.55655983e+01
  -2.40286629e+01  -3.06100445e+01  -2.68628501e+01  -2.31318060e+01
  -1.94939615e+01  -1.60175536e+01  -1.27996008e+01  -1.40368806e+01
  -1.34919313e+01  -1.58611750e+01  -2.08366162e+01  -2.35146460e+01
  -2.37528786e+01  -2.60210897e+01  -2.84511998e+01  -2.41241848e+01
  -1.25763837e+01   3.19944774e+00   1.07624300e+01   4.07782874e+00
  -3.99902493e+00  -5.46678360e-01   8.62573939e+00   7.32635823e+00
   5.15216432e-01],[  3.007824    -3.39231104  -5.44131683   1.46303959   1.26838537
  -0.65290192   4.80428699   3.72493531  -8.12799082 -21.38568652
 -29.06784861 -33.92717997 -23.62066279 -13.45916875  -9.54949973
  -5.40568205   5.88319014   4.25477396  -3.59194059  -1.4225627
   4.3937901    5.64732158   8.04819489   7.96548998  12.0876487   16.020006
  20.11683263  22.8824368   25.28989641  30.14011442  34.7485196
  30.24777981  26.32060002  22.44429144  15.01369473  17.05765111
  10.39569694   5.18128206   3.90399578  -7.97568185 -12.96136532
 -14.42798631 -14.59788374 -10.96152788  -8.19887955 -11.75984249
 -11.75374202 -11.62119115 -14.45960577  -8.29504915 -11.98202919
 -17.45415153 -24.00286169 -28.94413762 -27.15429445 -22.6656227
 -22.07517314 -25.40987283 -23.07918178 -25.24724466 -25.00807287
 -21.27599316  -4.72709602  -3.52382441  -7.94671092 -14.38307847
  -6.31392133   4.03313334  19.52735104  25.7725139   20.19546941
   8.35217851   4.44456899   4.7266283    8.30757847   7.25767065
  -1.37547949  -6.82987006  -9.85172854 -12.41786723   6.0564839
   7.2911706   12.03756996  17.13015979  19.36422917  19.20227721
   9.30205181   3.65759923   1.35414118   3.73240393   5.90210839
  15.10061516  16.83080559  19.55415367  14.41730598   8.34352657
   8.18383183   1.58817468   2.4338659    7.85236775   9.98193106
  11.68496045   8.65825393  11.72476039   8.70850884   0.34216007
  -6.54827853 -10.49880801 -15.00374982 -12.85230464 -15.32629703
 -20.11099891 -16.05710104   3.43305222  12.42420766   2.12909525
  -4.71959568  -1.77995493   1.85088696  12.45785609  21.95747722
  19.90492525  12.75491448   6.04383403   1.75947596   0.91392227
   3.49814376   5.91160454   3.0467375    2.81934856   9.16108657
  -2.77711879 -15.8426078  -16.29358463  -8.79051706  -7.38428912
  -8.7339969  -11.39762804 -14.84124015 -17.46304539 -18.48190169
 -17.10695905 -17.20642307 -25.55075144 -29.17306396 -32.17386445
 -22.37303083 -18.87024892 -13.11695063  -7.99240776  -2.20918667
   0.18536887  -0.66735261  -2.9160595   -2.57643043  -0.94230579
  -1.57191639  -9.120427     4.91183194  19.85002709  25.37503949
  29.42603112  27.60750511  20.05399686   8.42533476   7.05972008
   0.31123367  -2.19269571  -4.20356547 -11.28638066 -14.59878443
 -16.2023938  -16.0565261  -17.91273333 -19.00015338 -17.71502331
 -10.00241775  -7.10861476  -9.67398598  -2.42895736   5.18868538
   6.26327199  11.14010129  21.65716473  28.30974479  30.57189103
  25.21211737  19.60234672  16.88792879  18.41097704  21.18752658
  22.10623579  19.50626733  20.40737614  15.53913702  12.33295037
   9.99158702   9.10682727   5.35109777   5.91389752   6.55780962
   2.35759447   0.26197805  -2.01697184  -0.40380079  -5.34185547
 -10.34583417 -13.19143082  -8.24683682  -5.82084798  -0.52943585
  -0.20338059   4.52331669   6.86336788   5.9126401    4.85441698
   4.25114447   4.36852396   2.54772144 -11.03989013 -14.34721961
 -15.5354038   -6.20112776  -1.56176366  -2.48084713  -4.66610142
  -2.08848792  -6.53118387  -6.55088901  -7.16924742 -13.99784771
 -20.89762436 -22.04413335 -16.4771865   -3.4171617    0.39161101
   4.74530696   9.10368194  11.60291932  12.00161218   9.2190518
  11.27233901  12.40286198  11.12809574  13.0954955   16.12516482
  14.81902732  14.26977301  17.5397466   19.01976162  18.79774447
  11.4660735    8.52374217  -8.74921787 -13.24612669 -12.56442249
  -6.91353764 -10.70549169 -14.38284859 -13.10499442  -3.13163653],[ -1.41459775e-01  -8.59419310e+00  -1.05162210e+01  -2.39449014e+01
  -2.43821674e+01  -2.78189460e+01  -2.88554233e+01  -2.78384735e+01
  -2.43704658e+01  -1.25598829e+01  -1.10532678e+01  -1.04896366e+01
  -2.75163520e+00  -4.63554188e+00  -1.00487057e+01  -2.27294177e+01
  -2.41195806e+01  -1.63241740e+01  -1.61230637e+01  -1.34783583e+01
  -8.68803086e+00  -5.73101202e+00  -3.49672946e+00  -4.50664237e+00
   4.06349403e+00   7.89047121e+00   4.51660000e+00   4.50004401e+00
   4.26324674e+00   3.22594001e+00   2.57372612e+00  -1.84761757e+00
  -6.89667479e+00  -1.10336521e+01  -8.72755167e+00   4.93935605e+00
   8.66693211e-02  -6.56384408e+00  -1.80288819e+00  -8.96201673e+00
  -2.15603431e+01  -2.32792134e+01  -2.79076731e+01  -2.81266324e+01
  -2.07265280e+01  -2.21035834e+01  -2.37024181e+01  -2.68409954e+01
  -3.07440014e+01  -2.43283029e+01  -2.40797975e+01  -2.22755782e+01
  -2.28739765e+01  -2.87022313e+01  -2.46359769e+01  -2.03760566e+01
  -2.31140320e+01  -1.89998344e+01  -1.43471578e+01  -1.20235958e+01
  -8.78527193e+00  -1.05013402e+01  -1.38679776e+01  -2.23346066e+01
  -2.18029588e+01  -2.04865447e+01  -2.07150595e+01  -1.25090955e+01
  -2.87623729e+00   1.32916709e+00   3.40742961e+00   3.26523314e+00
   5.45729929e+00   5.85666528e+00   3.87921512e-01  -1.08612831e+01
  -2.31512129e+01  -2.33244981e+01  -2.29128110e+01  -2.30874872e+01
  -2.13143939e+01  -2.54311577e+01  -2.23437320e+01  -1.63553423e+01
  -9.80484289e+00  -5.38608490e+00  -5.25554366e+00  -1.01622580e+01
  -9.04904872e+00  -3.95618470e+00   9.76712052e-01  -9.88994136e-01
  -4.29388418e+00  -3.94428904e+00  -5.65062219e+00  -7.53946246e+00
  -7.78230526e+00  -1.15743214e+01  -1.40079259e+01  -8.74350780e+00
  -4.04107743e+00   3.63015512e-01  -1.33017668e+00  -3.79428425e+00
  -9.39379076e+00  -1.04994234e+01  -7.65921907e+00  -1.23865746e+01
  -7.08405819e+00  -4.02746796e+00  -4.68097055e+00  -5.43601844e+00
  -6.30787190e+00  -1.25769271e+01  -1.21659825e+01  -1.80361861e+01
  -2.49900678e+01  -2.20767223e+01  -2.02101292e+01  -1.63156693e+01
  -6.22127717e+00  -3.80057621e+00  -1.74837558e+00  -6.78168937e-02
  -1.57652200e+00  -6.11327396e+00  -7.37138073e+00  -4.18516694e+00
  -8.74547626e-01  -1.14115115e+00  -7.24720010e+00  -1.87375868e+01
  -3.25025886e+01  -3.78288059e+01  -3.62124757e+01  -3.49675887e+01
  -3.06671167e+01  -3.01219618e+01  -3.51683220e+01  -3.20345049e+01
  -2.76405226e+01  -2.35992892e+01  -2.10360531e+01  -1.33713536e+01
  -1.52682545e+01  -2.01806135e+01  -2.11283402e+01  -2.58669343e+01
  -2.80854448e+01  -2.95629559e+01  -3.28865987e+01  -4.09477639e+01
  -4.37238793e+01  -4.20008772e+01  -4.76079527e+01  -5.04128140e+01
  -4.33576733e+01  -3.60384827e+01  -3.07357075e+01  -3.22031662e+01
  -2.95711031e+01  -2.11008928e+01  -1.56892807e+01  -1.77223898e+01
  -1.73516275e+01  -1.13574396e+01  -1.13473532e+01  -1.03606821e+01
  -9.74892974e+00  -3.88155014e+00  -6.42706769e+00  -7.16372099e+00
  -7.62722829e+00  -1.07562718e+01  -9.71498171e+00  -9.33536080e+00
  -4.53821429e+00  -1.65892247e+00  -9.77933388e-03   3.62470132e+00
   1.31811037e+01   1.23092276e+01   1.13510009e+01   1.08683667e+01
   2.23906343e+00  -4.86700075e+00  -8.28442622e+00  -1.24992736e+01
  -1.39427721e+01  -6.00845635e+00   5.96425314e+00   5.92925114e+00
   8.17993939e+00   1.07920101e+01   1.13932458e+01   1.36119761e+01
   1.19832038e+01   6.60966640e+00   7.45164467e+00   4.75631346e+00
  -2.25359167e+00  -4.44469451e+00  -5.72355823e+00  -9.80791242e+00
  -1.21687008e+01  -9.37504364e+00  -1.03822408e+01  -1.38297107e+01
  -7.33543044e+00  -3.56804348e+00   2.72315104e-02  -1.36306325e+00
  -7.43097644e-01   1.70777401e+00   4.14406953e+00   4.84174206e-01
  -5.64664588e+00  -1.09777935e+01  -4.85287598e+00  -1.12504767e+01
  -1.89256688e+01  -1.82646622e+01  -8.58646767e+00  -5.33158795e+00
  -6.05496718e+00  -5.58087271e+00  -1.27212576e+00  -3.99334822e+00
  -3.31694430e+00  -7.30007143e-02  -5.02287198e+00  -9.97500570e+00
  -1.47135539e+01  -1.75437377e+01  -1.13546651e+01  -9.45241474e+00
  -7.78916501e+00  -3.12435100e+00   3.03284021e+00   6.14032474e+00
   4.56162816e+00   4.89132272e+00   8.36262482e+00   6.69566725e+00
   8.54236280e+00   7.91093418e+00   8.39225322e+00   8.20215486e+00
   8.39691928e+00   9.73700992e+00   1.69953894e+01   1.28019042e+01
   8.96852543e+00  -2.97206338e+00  -1.22579262e+01  -1.15668047e+01
  -1.32487155e-01  -1.57493683e+00  -3.58253811e+00  -3.75792386e+00
   1.82845849e+00],[  1.61750085   2.46839029   4.14779363 -21.33660605 -16.19934697
 -10.16699789  -7.17489773  -4.67129329  -2.39452393  -7.56741177
 -15.56757409 -16.70402025 -13.31151531 -13.76357922 -14.88636495
 -25.31794403 -26.35398071 -14.61704739  -8.76397816 -10.96812115
  -9.08947511  -8.10459891  -5.42154566 -11.33417505  -6.67007335
 -11.97024275 -16.52923164 -19.51598417 -23.93932668 -26.6794052
 -28.12413886 -26.45978177 -28.57272043 -32.21114737 -23.5516486
 -11.88960566 -14.45158108  -9.47108113  -0.2465881    4.83940559
  12.93020961  21.63435145  12.48234184   8.27667141   6.55763714
   7.77092157   4.62120783   9.80839315   8.61267571   1.4516435
  -5.53507322  -6.23542879  -0.64251287   3.172659     7.2887843
   5.54599254   2.31214256   2.14630652  -1.01138766   1.36285027
   1.4911436   -3.81104562   2.27054274  -1.9901517   -3.34201645
  -2.04420694 -14.78532466 -22.59697639 -29.57992924 -29.40977375
 -20.42223821  -6.81578265  -2.09113616  -1.43459145  -5.23145092
  -6.62457069 -18.11845809 -16.95867069  -9.82224867  -6.09442191
 -11.12800061 -17.68390862 -18.78211664 -23.75878724 -25.49600632
 -20.26105708  -6.78515728  -8.49450882  -8.08461946  -2.93499882
  -8.7848575  -11.10171497  -8.22447181  -5.95361169  -7.43493808
  -8.89176493  -9.11213751 -15.61851119 -23.37057101 -24.45035248
 -25.85234943 -24.60109361 -20.39088954 -16.06685412 -15.11962241
 -10.27648405  -2.06118976   4.00403258  11.97746211   9.00406387
   3.31287845   5.65695492   9.40741487   5.20729377   1.5057381   -1.825232
  -8.67892692 -12.19378418 -19.13290847 -27.82434374 -27.98130999
 -32.9683682  -34.73874437 -19.78419136 -12.64067214 -15.59424745
 -15.66424827 -10.47163295  -1.46294568  -1.01631248  -0.49540115
  -4.41009871 -14.20533659 -24.89660541 -31.51942941 -30.44096391
 -24.50476115 -21.18279493 -17.8507359  -10.39186426  -7.93370665
  -8.74279226  -9.50195501 -11.71365115 -20.16813348 -18.47788584
 -16.49390568 -18.18342067 -23.33031148 -23.85805142 -25.09761132
 -30.72032219 -32.53715123 -30.15477461 -30.20951985 -35.00684005
 -31.53879796 -26.04600887 -26.07547652 -34.06250072 -41.20184623
 -40.41477969 -35.41707685 -27.58269649 -14.6046517   -8.81304146
  -6.4972865   -6.11935656 -10.58538481 -15.3223677  -20.02873011
 -22.85927616 -20.58437039 -20.36457802 -20.91647926 -27.76302217
 -25.51477843 -16.28396879 -12.49803377 -13.22416515 -15.33803767
 -16.7423859  -19.96099891 -23.8814204  -29.69474215 -35.83994635
 -38.17426709 -42.17290345 -41.28723372 -35.70797105 -27.50617581
 -24.19770274 -28.1396348  -24.3702306  -21.8598493  -15.6043809
 -14.04628415 -19.15367889 -15.39627777 -11.87884696 -19.04007978
 -13.20003616  -3.69392991  -1.70546034  -3.28100297 -10.19091229
 -19.59055771 -23.73279363 -19.08032815 -12.67353095 -14.21766514
 -13.95475664 -11.4976417   -4.28912715  -1.21213163  -5.34719695
 -15.6052915  -19.37910549 -14.08879187 -20.14610141 -26.04398161
 -19.47671717  -8.56226649  -2.98147096  -5.75713312  -7.78748212
  -5.26569124   0.28516222  -1.27649826  -0.50195839   1.48655131
   2.63917162  -1.16020736  -2.00775934  -0.88520385  -4.14292052
 -16.28300135 -22.76121921 -20.4758639  -17.66546349 -20.91843799
 -20.8567394  -20.76405133 -21.9432092  -20.99486266 -22.55992065
 -20.09920613 -18.35364199 -21.8684688  -24.73290812 -19.86322602
 -16.55524113 -11.57256249  -6.37914262  -3.47065082   0.37019193
   7.92985557  10.10855629   5.09172441  -3.22355191   1.0483312 ],[ -2.48436834e+00  -2.07491457e+00  -1.70059481e+00  -7.33985560e+00
  -7.91179403e+00  -6.53305503e+00  -7.47519525e+00  -7.95001837e+00
  -1.10165100e+01  -9.34030579e+00  -3.96799229e+00  -1.51785167e+00
   3.23840757e-01  -3.28271427e+00  -1.14644171e+01  -1.55129044e+01
  -1.60383461e+01  -8.52205263e+00   5.49413521e-01  -3.96421942e+00
  -5.45754837e+00  -6.30127917e+00  -5.93906753e+00  -6.87685891e+00
  -1.58702917e+00  -9.40954484e+00  -9.65495800e+00  -9.11969265e+00
  -1.06749893e+01  -1.27774372e+01  -1.02671118e+01  -9.23024872e+00
  -1.39074733e+01  -1.97820758e+01  -1.52303821e+01  -1.26238794e+01
  -2.28176763e+01  -2.27470294e+01  -2.59750639e+01  -2.66386208e+01
  -1.71680184e+01  -9.54290373e+00  -1.78748054e+01  -1.99982588e+01
  -2.32214573e+01  -1.93217423e+01  -2.06443703e+01  -8.91629982e+00
  -7.85014941e+00  -1.17546306e+01  -1.79423359e+01  -1.45507870e+01
  -8.28774078e+00  -4.31957081e+00  -3.08251154e-01  -3.20464013e+00
  -2.39070866e+00  -9.17132774e-01  -3.91173303e+00  -3.68768477e+00
  -2.89345348e+00   2.77558170e+00   1.47290176e+01   1.09097224e+01
   6.76570855e+00   1.08191489e+01   1.21848541e+01   8.49449170e+00
   3.35887710e+00  -2.30403116e+00  -7.77487329e+00  -3.13905357e+00
  -2.06345888e+00  -2.00780808e+00  -2.74979565e+00   2.51223574e+00
  -4.97244390e+00  -6.26178437e+00  -2.24004429e+00  -1.99327899e-01
   5.70683181e+00   2.88157585e+00   1.49558118e+00   2.01666611e+00
  -1.10946356e-01  -4.57414759e+00  -2.24515374e+00   1.40909568e+00
  -6.87657995e-01   1.34595817e+00  -1.00827594e+01  -1.12741486e+01
  -9.18491633e+00  -9.14092769e+00  -7.87339844e+00  -3.10568451e+00
   2.23678771e+00   3.58844425e-01   7.67393056e+00   1.31299089e+01
   1.68644183e+01   1.67683254e+01   1.48856160e+01   1.25231485e+01
   1.03777525e+01   1.17239980e+01   9.79181995e+00   7.38528089e+00
   9.85825332e+00   1.28420264e+01   1.30748495e+01   1.16949636e+01
   1.50874424e+01   1.51776686e+01   9.53665818e+00   7.10016773e+00
  -5.00866611e-02   1.01623664e+00   4.74640322e-01  -6.36387908e+00
  -5.72286631e+00  -7.40626055e+00  -1.10164704e+01  -5.76922890e+00
  -2.70431026e+00  -4.60471793e+00  -3.45959611e+00   1.22618386e-01
   2.30407649e+00  -2.03268274e+00  -6.76550219e+00  -1.40327415e+01
  -9.15611696e+00  -1.10171326e+01  -1.27245413e+01  -1.32583401e+01
  -1.37300310e+01  -1.21533830e+01  -1.74799082e+01  -2.10500900e+01
  -1.76808687e+01  -1.46008147e+01  -1.49276517e+01  -1.34352963e+01
  -1.62941123e+01  -1.59077186e+01  -1.79590484e+01  -2.10004675e+01
  -1.91910279e+01  -2.02572157e+01  -2.25492313e+01  -2.23340686e+01
  -1.83213966e+01  -1.49939323e+01  -9.10621088e+00  -1.19034650e+00
   2.65381602e+00   1.50986546e+00   3.78942875e-01   8.14249732e+00
   1.30966414e+01   1.27322902e+01   1.26654616e+01   1.71054237e+01
   1.73382128e+01   1.52217494e+01   5.20069374e+00  -4.36337413e+00
  -1.45722031e+01  -1.79135435e+01  -2.03429632e+01  -2.51657580e+01
  -1.89388330e+01  -1.66315587e+01  -1.54426620e+01  -1.72124869e+01
  -1.96289727e+01  -1.27909283e+01  -5.60967590e+00  -4.12191714e+00
  -1.74122460e+01  -1.55996148e+01  -1.49672226e+01  -1.23141605e+01
  -1.25012958e+01  -8.53925792e+00   9.32261142e-01   9.96671652e+00
   9.57896656e+00   1.17257487e-02  -8.32496497e+00  -4.65639136e+00
  -4.78377989e+00  -8.49315546e+00  -1.33451925e+01  -1.10132179e+01
  -8.96984147e+00  -9.56036663e+00  -5.95063785e+00  -8.43983386e+00
  -1.28313956e+01  -1.08146689e+01  -1.08438190e+01  -7.45742980e+00
  -8.65823977e+00  -1.79742670e+01  -1.70647442e+01  -1.68699959e+01
  -1.48447935e+01  -8.38225787e+00  -1.27303265e+01  -1.18396627e+01
  -1.13037559e+01  -3.73458329e+00   2.50752136e-01   3.62974200e+00
   1.39266429e+00  -2.30799834e-01  -1.88521191e+00  -6.50575019e+00
  -6.76628196e+00  -3.03863355e+00  -1.04547388e+00   1.68863537e+00
  -1.78674790e+00  -3.61727989e+00  -2.44963413e+00   2.61187641e+00
   1.64085527e-01  -1.17412240e+01  -1.48221122e+01  -7.50116640e+00
  -2.82889418e+00   1.95209069e+00   2.85135922e+00  -4.99058419e+00
  -1.45625690e+01  -1.69268453e+01  -1.84300955e+01  -1.68753319e+01
  -1.58127202e+01  -1.14086003e+01  -1.04945157e+01  -8.20821263e+00
  -3.96597656e+00  -6.78886917e+00  -7.28765976e+00  -7.57603447e+00
  -9.78972550e+00  -1.12948236e+01  -1.45193111e+01  -1.29492367e+01
  -1.55779217e+01  -1.87861935e+01  -1.85476515e+01  -1.88176865e+01
  -1.31494045e+01  -1.47888630e+01  -1.80047763e+01  -1.74487689e+01
  -1.52058555e+01],[ -5.72318672   3.44703515   7.74388221  15.14790979  13.78112003
  11.31443997   9.62700907  11.03774558   6.30082509   0.84124288
   6.4245157    6.8927344    8.39088084   3.04667168  -7.87673691
 -11.4987426  -15.95459526 -13.96631331  -6.89851099  -5.9208286
  -3.59309527  -4.9255076   -2.38940974  -3.45381818  -5.88519329
 -17.47186186 -21.13896009 -23.13825719 -25.80354994 -26.80921824
 -27.23073902 -27.23091157 -33.28052162 -39.7701397  -32.42847697
 -20.08650395 -18.41664617 -15.02172591 -19.72263578 -20.48293571
 -15.53331471  -4.78457473  -4.51318354  -5.47063665  -4.23917641
   0.79131031   3.05658636   6.2160607    2.59476519   1.66611273
  -8.03137007 -10.07110137 -16.1031862  -19.38256434 -12.15227259
  -8.35360312  -4.032266     0.80551389  -0.57051576  -2.41545237
   1.65255462   3.40922416  -9.957887   -17.19038035 -18.89179427
 -15.04701483  -7.70272156 -10.17258877  -9.81089196 -15.8698873
 -26.44948452 -24.54334582  -9.52628171  -3.81012028  -6.79380242
  -9.0822192  -12.62312738 -18.68086034 -24.26907148 -20.14057084
 -11.02123532 -16.15397814 -13.16162614  -4.65012092   0.77871649
  -2.7319721  -10.68115391  -5.56017483  -3.40487706  -1.18715965
   3.24856628   5.35337287  -2.07098662  -4.07492033  -3.84426336
  -7.57062991 -13.33299177 -13.98283118  -3.04568693   1.64747919
   7.95169422   9.65791575  10.28214931   7.50926654   3.15548973
   0.59432963  -8.2290384  -14.9351088   -8.14345304   3.49044036
  10.82499844   5.36142887  -0.11814095  -2.84123055  -7.36005073
  -8.86832537 -11.81796329 -12.81938497 -12.78334373 -12.63273503
  -9.27447022  -7.46185654  -8.71480102 -11.55175063 -10.12371308
  -4.59913783  -1.44445094  -1.0900248   -0.25546098  -2.87281562
 -13.47723942 -26.49849688 -17.44050746  -5.16136975   2.29477338
   8.18934318   7.83358301   8.49514176   6.69158135   7.70435148
   7.1892677    7.5364707    4.54727085   5.7988482    4.0250303
  -1.58278568   0.30747325  -4.74083846  -5.10894599  -9.69671452
 -12.82967779 -10.7517202   -6.5458727   -2.59432932   2.10940559
   5.57006395   7.11921443   8.75628259   3.89478601   0.38718406
   2.63907533   0.66865368   0.6817978   -2.3636652   -9.25729348
  -7.44464481 -12.10055948 -16.27251525 -21.26369742 -14.07558723
  -9.70983004 -11.42116891  -8.25028724  -8.10138199  -8.64816107
  -9.39360628 -12.58178974 -11.93668236  -1.25765502   2.19606622
  -8.28404033  -4.75529119  -2.73109548  -1.09039768  -5.95761252
  -2.42354904   5.45484645   7.98180017  -0.64518287  -9.24657861
 -16.34268437 -15.43657983  -7.03889721 -10.36204402 -10.25249456
 -10.71492901  -6.53825235  -4.19414326  -3.2681277   -2.28060734
  -1.85920057   3.64681642   4.74519751   6.57254042   2.3753746
  -3.81880551  -5.42883137  -9.17982418  -9.4824221   -7.62643935
 -10.11497036 -11.87705195 -12.88622302  -5.39880223  -2.89199785
   3.95871121   4.39309193  -0.15275249  -3.35151461  -1.65582317
  -2.01204693   0.92276747  -0.19410502  -1.66510504  -3.80630198
   0.06575863   2.11698579   2.24147588   4.12468278   3.12504552
   5.19124098   8.02342749   5.73390425   2.58335271  -1.60073428
  -7.88292493  -9.37765791  -4.21720427  -3.70821315  -6.52807861
  -2.52473186   1.41393237  -1.70521985  -3.18182719  -1.18169029
  -8.69643082 -11.92729091 -18.75002125 -19.88823508 -13.79847393
 -14.88588134  -8.91117696 -10.21304422  -4.18565792  -1.28217381
   3.99182469  13.18394804   8.28227371   7.72806919   2.66328038
  -4.40393852],[-11.44616897  -9.59213431  -8.5756434    6.20650815   9.03345601
   8.21636707   8.98359256   7.53710045   0.60032711   3.9792991
   0.77656625   4.45255897   9.21506722   9.80689954   0.0384479
  -5.00040246  -2.70038523   0.39216656  -0.44665275  -0.50686077
   0.65882924   2.10294045   6.73167456  -1.1674438   -7.67248011
 -23.07285222 -30.01492175 -31.50301157 -30.00605477 -24.50507038
 -17.47909218 -11.82453947 -10.76617388 -14.54252024 -13.43923842
 -10.35557328  -6.76754527  -4.0866288   -3.58005342 -10.26747884
 -11.02105851  -8.26524038  -9.30790281 -11.7608196   -6.92321505
  -6.19633674  -4.5184332   -4.52501929  -2.99762811  -2.34072537
  -0.05175358   0.55226893   1.21321188  -0.26610086  -1.26318359
  -0.94848415  -1.01420864   8.5333911   10.98776867   6.33881118
   6.71631703   3.32446743  -2.14745338  -7.00232077 -11.96217036
  -5.6947767    4.29275684   4.15834452   2.12084658   0.25232368
  -2.93264724  -6.35633646  -1.95531562   5.93041761   8.51763088
   9.24829662  12.82793566   9.8393589    1.21160542  -4.67869665
  -9.45838317 -20.78545585 -22.20740459 -20.51488106 -17.13358208
 -10.24513062 -10.48665977 -10.1979081   -3.85579229  -4.38230655
   1.50574705   8.1615384    5.21097584   7.32266356   8.89828064
   0.68304267  -5.4048823   -2.37864899  -4.31772229  -8.22310848
 -11.23273078 -11.45823233  -8.41948932 -11.21687518 -15.10053835
 -14.01650752 -13.51427418 -10.91211332  -6.86184478  -3.07898811
   4.83048233   2.46957951  -4.05894887  -4.01132076  -3.80582538
  -1.68913517  -0.83345638  -5.34044373  -2.1492579   -1.31781884
  -4.36986914 -11.73612929 -20.59718853 -19.70732307 -17.88967357
 -12.50276545  -7.90414061 -11.6857217   -8.38332423  -3.90839169
   1.21881084  -2.74210975  -1.37230825   2.5997878    5.58068744
  13.11632334  13.99950261  11.6181243   10.04358652   7.45151359
  -2.59491603  -6.20486555  -6.99220721  -0.91794792  -3.88373355
 -13.70649978  -8.72042653 -10.52683688 -13.66879953  -8.70897798
  -4.54876019   0.75778566   2.91619817  -1.45669783  -4.04165994
  -7.36646537  -5.68033458  -2.36784135  -4.83416523 -12.98944855
 -20.67648114 -26.91962941 -23.43583421 -21.45979219 -18.38018722
 -13.38129213 -11.23237768 -18.01358695 -23.09019358 -17.66718223
 -11.67106336  -8.14766737  -4.42985315   0.99144779  -0.26216175
  -0.75921759  -3.08290619  -6.12915131  -5.3411693   -6.03116604
  -9.55814891 -11.34619917 -10.60417058 -12.9159176   -7.3631046
   0.33826762   1.59099771  -3.21061065  -8.86434965 -13.49682359
 -12.30283063 -15.01950091 -16.6915854  -12.61179973  -1.48232835
  -6.70979801  -3.50159403  -0.94887032  -3.28123282   5.8777504
  11.91473756  10.13562361   9.65558478   3.95412909   0.75629859
   4.87936059   3.72219861   3.1566048   -1.83118018  -6.75579996
  -4.35051042  -5.21751719  -4.78782118  -0.63041245  -3.64939887
   4.20773634   8.29022948   8.64636163   3.4634711   -3.70982362
  -7.00487061  -7.86447969  -7.14120704  -2.59205706  -7.8518061
  -4.53120373  -1.51256506  -0.69884174   1.17223301  -5.88187269
 -10.47564423 -10.71061743  -7.76908735  -1.61246545   0.26793286
   7.76664803  11.00634428   9.67533656   7.92994267   3.88546019
   7.1909684    5.95408255  -0.68065278  -5.15633679  -7.13039071
  -6.98861495  -7.04038828 -12.37506105  -9.60013736  -3.74070041
  -1.22847185   4.3724419    2.34001402   3.41853336   5.26917865
   8.75142479   9.75716583  -0.80344667  -5.72484344  -5.35980259
   2.62513706],[ -1.46567949  -0.28055586   2.20079222  18.40440663  19.11885145
  19.7492881   20.89495837  16.87686418  15.31511897  10.05945524
   9.37571598  18.29551336  16.61459042   5.0953633   -1.2639782
   1.66801804   4.92230678   8.94726681   8.37478238  11.3128273
   9.83137284  10.60493853  12.79311444   8.75514787   6.02976993
   5.43521906   4.3042927    1.98251098   4.16578983   5.88584762
  12.15119231  12.36634355  10.7680135    7.02870972   6.40703521
   6.5899929    3.07635779   3.8887834    6.66860346   3.57760975
   6.43654337   4.33959495   2.84752772   0.69967259   0.88564964
   1.95884662   1.66986212  -2.96073638  -1.63448213   0.80545116
   2.53301921   4.01661052   5.60305757   3.39173891  -7.66599288
 -15.41424023 -14.26963581   1.10649631   5.28111785   1.31877187
   0.28717817   1.62149648  10.72552989   8.19832634   2.56846117
   2.51261856   5.45674607  12.66960598  18.07556964  16.96039942
  14.06351048   6.01284268   0.3676394    9.95350895  14.45777314
  10.61008785   8.21436105   6.74936406   3.67038681  -0.40021198
  -6.25453126 -11.06487102  -9.16929212  -7.74312046  -8.16046344
  -4.65576507  -6.32280338  -8.71233502  -6.16044666  -5.54085347
 -14.11435715 -10.02347408 -10.24560908 -10.18776608  -5.48462     -8.72738247
 -13.85387484  -8.63274709  -7.66315205  -8.51688601  -9.73061032
 -10.57725306  -9.88312304 -11.40512855 -11.51040122 -10.71544763
 -10.45337112 -10.71312457  -7.24077489  -5.77060347   2.53857551
   2.47701484  -0.90187077  -2.16860001  -5.33942987  -8.84648039
 -11.12991642  -7.41528847  -6.58474778 -11.81647778 -15.80598779
 -12.53957649  -8.74940148  -5.66029936  -6.27412754  -4.35587899
   1.12270691  -4.32200377  -9.13927472  -5.45699866   3.11952976
  -0.61000366  -5.35109093  -6.57448554  -3.20481228   4.36272306
   4.56109223   5.53369725  -1.81015555 -10.20192196 -17.52911877
 -19.90628162 -13.65052873  -0.92308385   4.82328029   2.87386092
   1.35039268  -1.33064086  -2.5099667   -4.89919624  -7.05559056
  -6.4745365   -8.99790269 -12.90336105 -16.63744361 -15.84941596
 -13.8170541  -12.83198453  -1.91091957  -6.12301981 -14.74734094
 -20.39119808 -17.6339443  -15.98893586 -11.18044261 -14.04647878
 -14.36842297 -16.20366579 -21.37829682 -11.86240544  -3.12542052
  -2.34624349  -4.22581339   2.37651387   8.42374682   4.47993198
  -3.82002948  -5.37599468  -3.29919461  -1.86078393   7.85102118
  10.87015383  15.3423204   14.74223215  15.92920473  11.91118488
   9.15087443   5.12332429  11.14472673  12.86496203  12.60270031
  12.27113615  10.02906744  11.53372633  14.25949101   7.84274914
   6.26324258   5.31982121  -1.03230286  -0.25133582   8.1153708
   4.24347918   1.42831351   0.06187562  -0.53692189  -2.77815823
  -0.30911334   3.44282314  -0.83783188  -7.04444881  -5.83315709
  -5.36461382  -5.4529072   -2.78890604   0.46324697   1.9284773
  -2.6726984   -4.79147416  -9.59251176 -12.65344427  -8.97774026
 -12.03997683  -9.17384336  -1.06617948  -3.34373695  -0.77676459
  -1.06883391  -0.64699984   3.35924109   3.84789945   4.29076247
   1.01599424  -0.74843564   4.08433163   8.66439486  20.01233431
  21.80443447  17.80916181  16.93711068  18.80961584  22.80604005
  19.76231569  19.08305477  17.69748533  18.76912253  20.36917365
  17.63546693  15.6429009   15.69975215  13.38688773  12.43551008
  12.11995307   5.95451236   2.10143112   7.75978798  11.89541733
  12.80937466   6.51671428   0.67485449   2.68662064   1.90002434],[  6.81635649e+00   7.94684210e-01  -1.67359503e+00   5.83536987e+00
  -5.28213575e+00  -6.76103643e+00  -3.91196986e+00   4.07727049e-01
   1.32551118e+00  -1.93191810e-02   1.43988504e+00   8.53835574e+00
   1.02073167e+01   1.75654870e+00  -6.24546550e+00  -6.40094856e+00
  -1.93277225e+00   2.26364936e+00   2.25109465e+00   8.50963392e+00
   5.70120033e+00   1.30835630e+00   4.97038371e+00   2.39111720e+00
  -1.57322929e+00   2.89922185e+00   4.33771958e+00   2.47915543e+00
   2.81225597e+00   6.63441623e+00   8.30643565e+00   9.06965913e+00
   6.24322398e+00   2.02965345e+00   2.92421532e+00   1.06979394e+01
   1.68442938e+01   1.22738400e+01   8.57182561e+00   4.08150496e+00
   7.01576204e+00   6.85133713e+00   6.07478779e+00   4.56538070e+00
   5.22968564e+00   1.05223933e+01   8.32535227e+00   1.59804813e-01
  -8.16331942e-01   4.48137770e-01  -2.52842740e+00  -6.62689062e+00
  -5.08565517e+00  -2.02651984e+00  -3.15960240e+00  -6.47713100e+00
  -5.49533481e+00  -1.66922469e-01  -3.13104904e+00  -4.90720177e+00
  -3.98254292e+00  -6.80079437e+00  -9.30014283e+00  -1.05189165e+01
  -8.26328035e+00  -7.19578166e+00  -8.78149148e+00  -7.50459597e+00
   1.66521104e+00   5.56113040e+00   3.41774725e+00  -5.31897510e+00
  -2.89382981e+00   8.61900312e+00   9.27919466e+00   7.87203568e+00
  -2.73831925e+00  -8.75373671e+00  -9.55533292e+00  -6.29236520e+00
   1.86226190e+00   5.59385899e+00   9.12306114e+00   9.76187521e+00
   4.95967805e+00   2.36216770e+00   1.02496894e+00   3.24105633e+00
   2.69756064e+00   4.23991889e+00   3.22384626e+00   1.10963506e+01
   7.03459783e+00   5.57074538e+00   4.46210919e+00  -4.17864741e-01
  -6.16933020e+00  -3.59256071e+00   5.95820751e+00   8.69509914e+00
   1.13919583e+01   1.13959188e+01   1.27908312e+01   1.67156237e+01
   1.59335818e+01   6.47301885e+00  -2.27916928e+00  -9.73919508e+00
  -6.42273631e+00   2.51201369e+00   7.16629132e+00   7.12165476e+00
   1.16890807e+01   2.16376512e+01   2.36977281e+01   1.52010857e+01
   9.14680865e+00   1.05870844e+01  -2.00365573e+00  -1.65507429e+00
  -7.70468984e-01   4.75834257e+00   4.87191501e+00  -5.87218713e-01
   1.03085743e-01   4.88692140e+00   1.07654939e+01   6.45223806e+00
  -3.72025075e+00  -3.15855601e-01  -2.74516275e+00  -8.51550932e-01
  -1.62358420e+00   7.04922325e+00   1.61279808e+01   1.63962227e+01
   1.32939034e+01   1.80006395e+01   1.73428245e+01   1.81217494e+01
   1.38340682e+01   6.41459979e+00   1.72403110e+00  -4.00790475e+00
   2.40845657e+00   6.80158028e-01  -1.29284366e+00   1.98514965e+00
   4.44926667e+00  -2.95746290e+00  -6.10464013e+00  -1.11809749e+01
  -1.46257462e+01  -1.54625714e+01  -1.28553892e+01  -1.42730384e+01
  -1.65837427e+01  -1.54559783e+01   2.77788256e+00   1.01548348e+01
   1.31875055e+01   1.18529771e+01   8.53580357e+00  -1.62060760e+00
  -7.02255044e+00  -1.11436792e+01  -1.88659514e+01  -2.11156554e+01
  -1.67812356e+01  -1.03417784e+01  -6.55512995e+00   6.66037235e-01
   8.93527626e-03   3.20450984e+00   9.98772630e+00   1.15033988e+01
   3.09947695e+00  -5.49727642e+00  -9.09493101e+00  -7.27426871e+00
  -2.55182542e+00  -4.48480586e+00   1.31184485e+00   2.96381116e+00
  -2.07079494e+00  -6.61631491e+00  -5.49859753e+00  -7.47997258e+00
   1.50828147e+00   5.23091999e+00  -3.76896571e-01  -1.39307809e+00
  -3.30414060e+00  -6.53752169e+00  -9.87060268e+00  -8.89649346e+00
  -8.10451415e+00  -9.24953464e+00  -1.25980557e+01  -1.33067879e+01
  -8.90467461e+00  -5.14457879e+00  -1.90178068e+00   2.48273793e+00
   4.58470300e+00  -6.08340943e+00  -1.11328900e+01  -1.30985277e+01
  -1.36667176e+01  -1.50697711e+01  -1.92255307e+01  -1.85177497e+01
  -1.75542863e+01  -1.20182441e+01  -4.21032814e-01   2.52789916e+00
  -3.58539998e+00  -9.85627091e-01  -5.30408668e+00  -1.29664711e+01
  -1.20990363e+01  -1.50251804e+01  -1.03961374e+01  -2.92635736e+00
   1.19299207e-03   3.35801857e+00  -3.66329841e+00  -5.91623171e+00
   5.65151436e-01  -5.30555370e+00  -4.09629162e+00  -1.49833677e+00
  -5.05084527e+00  -9.26396349e+00  -1.00550689e+01   3.09672636e+00
   3.70902965e+00   1.45429359e-01  -2.38529399e+00  -2.44302263e+00
  -7.49348544e-01  -2.04337856e+00  -1.31304006e-01   2.07424944e+00
   5.52121141e+00   3.47400734e+00   1.57894695e+00  -1.45631799e+00
  -6.44098252e+00  -1.06813969e+01  -1.08044799e+01  -9.63111845e+00
  -9.55843257e+00  -5.41006327e+00   1.38878161e+00   5.72299182e+00
   7.71954343e+00   1.17565598e+00  -3.59303238e+00  -3.43882569e+00
  -1.86518141e+00],[  6.57318788e+00   8.81130662e-01  -5.46805407e-01   4.34323815e+00
   1.79441291e-01  -3.23438751e+00  -4.12540371e+00   2.26950129e+00
  -1.07926818e+00  -3.53217678e+00  -1.50472161e+00  -1.18550095e+00
  -1.01359014e+00  -4.19866633e+00  -1.01039141e+01  -1.53289793e+01
  -1.38251179e+01  -1.09609880e+01  -9.09853419e+00  -7.91535408e+00
  -1.25626366e+01  -1.44436755e+01  -8.86398178e+00  -5.46073371e+00
  -1.03033647e+01  -8.33112747e+00  -7.77736312e+00  -4.78661325e+00
   3.44677409e-01   1.53589897e+00   2.04128287e+00   5.72351944e+00
   9.59414623e+00   1.09616142e+01   5.14276543e+00   6.91188133e+00
   1.33988228e+01   9.72863091e+00   1.23084833e+01   9.79728817e+00
   6.70439188e+00   7.44136326e+00   3.63784043e+00   1.46432195e+00
   1.04130208e+01   1.41900090e+01   1.12209681e+01   2.98871518e+00
   1.53134309e+00  -3.33210377e+00  -7.42437857e+00  -1.43976887e+01
  -1.43257322e+01  -6.70192301e+00  -1.15402951e+00   2.83721110e+00
   2.09580550e-01   2.87328360e-01   4.85231644e+00   4.65283606e+00
   2.34174962e+00  -4.85373668e-01  -3.63362916e+00  -4.19004144e+00
  -5.24423841e+00   2.00125963e+00   3.49088873e+00  -2.33750675e-01
  -2.10060574e-01   4.90209943e+00   9.86189007e+00  -3.19258485e-01
  -2.35724843e+00   6.92311057e+00   2.36316925e+00   1.01696236e+01
   6.00829383e+00  -6.01330805e-01  -3.18157383e+00  -5.79498276e+00
  -2.83356469e+00   1.14042774e+00   4.69890394e-04  -3.30881007e+00
  -7.10439115e+00  -1.17100074e+01  -9.88659525e+00  -1.80242302e+00
  -3.73310979e+00  -5.69903742e+00  -2.83686178e-01   5.79939618e+00
   7.56146294e+00   4.78340632e+00   9.17869502e-01  -2.14452821e+00
  -1.57875472e+00   1.58619867e+00   6.99838823e+00   8.06907095e+00
   9.59816582e+00   9.67361178e+00   8.86209977e+00   5.79752554e+00
   1.74786925e+00  -4.84659905e+00  -2.21722870e+00   1.17989861e+00
   2.16319671e+00   4.82033894e+00   4.10805741e+00   3.90901014e+00
   9.41019958e+00   1.70587136e+01   1.61877736e+01   1.28003496e+01
   1.08037833e+01   1.00026193e+01  -4.50982633e+00  -4.06748214e+00
  -4.33787908e+00  -2.35928589e+00   1.48546879e+00  -3.48045068e+00
  -6.59074824e+00  -3.40499679e+00   6.03129250e-01  -4.45983906e-01
  -4.99023514e+00  -2.60149795e+00  -7.04670303e+00   7.51934389e-01
  -9.23824966e-01   2.30611682e+00   5.45515830e+00   3.30565926e+00
   2.23408186e+00   6.82732560e+00   4.46043564e+00   8.15289899e-01
  -1.54708518e+00  -1.73003514e+00  -2.95265633e+00   2.94960224e-01
   8.51530997e+00   4.22657226e+00   3.36015190e+00   6.57785765e+00
   1.11819267e+01   1.34652924e+01   1.64047326e+01   1.59619265e+01
   1.71625203e+01   1.52015773e+01   1.39912476e+01   7.91312587e+00
   3.85899096e+00  -2.96096485e-01  -5.99573477e+00  -4.08244233e+00
   1.22055352e+00   1.12205154e+00  -5.45682681e+00  -1.40373700e+01
  -8.55834085e+00  -3.09226845e+00  -7.22953081e+00  -9.64911604e+00
  -3.06658883e+00  -3.10061975e+00  -1.54437197e+00   2.50737960e-01
  -1.36123983e+00  -1.01126343e+00   1.91114822e+00   5.29980544e+00
   1.96975271e+00  -6.05687245e+00  -8.69716645e+00  -4.21435473e+00
   2.01819924e+00   3.25151217e+00   2.88323738e+00  -2.71657655e+00
  -1.05712464e+01  -1.59576666e+01  -1.05001334e+01  -1.32441853e+01
  -1.18828018e+01  -1.47157360e+01  -1.42382705e+01  -1.34600792e+01
  -2.12057431e+01  -2.38988215e+01  -2.49311089e+01  -2.14139461e+01
  -1.83006416e+01  -1.52074354e+01  -1.39502739e+01  -1.56774659e+01
  -1.62940581e+01  -1.42072290e+01  -1.63401805e+01  -1.22585958e+01
  -1.03797532e+01  -1.45655032e+01  -1.49004845e+01  -1.80672163e+01
  -1.50633530e+01  -1.32773298e+01  -1.49611276e+01  -1.17925507e+01
  -9.49679913e+00  -7.67520638e+00  -3.50151004e+00   5.50575325e+00
   2.53192454e+00   5.20517443e+00   2.70114532e+00  -4.92196934e+00
  -1.11941057e+01  -1.54258712e+01  -1.18170967e+01  -9.92738251e-01
  -8.02934654e-01  -5.05178528e+00  -9.08599856e+00  -7.55848222e+00
   7.54669385e-01  -2.25770600e-01  -8.87909995e-01   1.71503342e+00
   1.58507351e+00  -5.51708601e-01  -1.55965711e+01  -1.38189215e+01
  -1.06898489e+01  -1.50518084e+01  -1.76003820e+01  -1.73299404e+01
  -1.47162076e+01  -1.37160348e+01  -1.31856012e+01  -1.02807130e+01
  -6.17576635e+00  -1.58115626e+00  -3.15858611e+00  -1.12476847e+01
  -1.21141177e+01  -1.19547482e+01  -9.92488670e+00  -1.07874154e+01
  -1.24078143e+01  -1.16227321e+01  -1.44094238e+01  -1.23341317e+01
  -6.67482339e+00  -9.64398424e+00  -9.34185421e+00  -8.39180502e+00
  -3.55260992e+00],[  2.41928892   4.84769234   3.89475006  -2.45269742  -4.63859225
 -10.3492426  -12.79890882  -6.88233757  -8.75952733  -7.39153214
  -1.05111383   8.68457173  10.18143868  -0.31570982  -7.53050123
 -18.15700296 -17.88290935 -18.82785202 -16.18374853 -17.91154099
 -16.53448467 -11.10764925  -3.55824779   4.45067448  -1.95744583
  -0.49046751   3.1543281    7.07979751  11.02618632  10.0869703
  11.42729005   9.18661887   5.96448827   1.07694766  -5.84524417
  -4.34331213  -0.34036202   0.88837518   8.32756912   8.94780484
   6.31029362   7.20655972   9.11982562   6.32614635  11.0610673
  12.72599949  16.36610992  11.19106361   9.31569509   5.83524327
   1.19809062   0.16394532   0.64034593   1.7053051    2.54195636
   7.38753002   9.56372213   5.09584183   9.30531091  12.50667468
   8.68826402  10.7721107    9.83921717   9.44251294   3.90004541
   2.63344301  -3.6726454   -8.87384844 -11.95402943 -11.47677951
  -5.92372022 -10.03044991 -13.76730138  -5.05136464 -11.95227576
  -9.82316353  -7.86520443  -4.95843414  -4.19389318  -8.01519924
 -17.04087749 -17.18249548 -19.95973974 -20.26218909 -21.0400632
 -23.77827674 -18.11207104 -14.75424654 -17.17619451 -12.08404568
  -6.74671806  -4.50268134  -2.10744863  -6.8633298   -4.92069881
  -1.57385766  -5.71464256  -5.30936862  -9.6304716  -12.06427124
 -14.1226826  -16.35985933 -15.86081701 -14.42030956  -9.46233007
 -10.75814746 -10.07372183  -5.05272539  -4.44638961  -5.64359651
  -3.20135091  -4.26717432  -4.21548846 -11.72765045 -13.33713745
  -8.15930528  -4.84134907  -5.8930978  -23.20569031 -31.36718895
 -32.07106871 -33.54320596 -28.74676224 -23.71203352 -18.47308077
 -13.84239112 -12.01204184  -8.4607881   -9.73613917  -8.2932043
  -0.30696126   6.21759229   1.91852087  -0.22540041  -1.83480044
   0.97477047  -0.10035403   4.24840437   6.41831856   8.39988777
   6.59797775  -1.89616214 -11.65014782 -11.85027061 -11.3600553
  -8.32955963  -3.10587572  -2.84568265   1.96965819   2.78748628
   3.65817599   6.7530204    7.66681314   7.61965595   9.12066647
  12.34909386  11.50247349   5.55727382  -0.44413399 -10.07399978
 -10.91994482 -15.69443041 -24.25591167 -30.50004965 -21.06347646
 -16.84070322 -14.01836985  -8.76526623  -6.00685517  -5.13966201
  -0.29404371  -0.45010216   0.18963221   4.0801228    5.50160844
   7.38294189   5.98312243  -2.06389114  -6.16380826  -5.47803855
  -2.46270251   0.60684742  -2.57871272  -8.10202365 -12.5838687
 -13.65458387 -12.71009675 -14.97628524 -10.99765652  -9.61968903
  -5.81512069  -3.86906999  -7.0571885  -10.75976993 -14.47708863
 -12.84669159 -12.17939078  -8.3841026   -7.97846799 -13.05129775
 -14.37143911 -13.10631017 -10.71463412  -5.99458149  -3.65165634
  -3.00597727  -7.41062078 -12.79436634  -7.44960636  -8.61469877
  -5.84600444  -4.79650798  -4.21947333  -4.11359693  -4.60117452
  -1.66099354   1.75614074  -1.1270029   -2.55285079   4.20168938
   0.64911201  -4.8874809   -7.14266715  -0.83099336   1.99627787
  -4.7963711   -4.51561886  -1.89825228  -0.25902058  17.67364152
  18.05965244  14.40193309  12.73003227  18.64242426  14.53109244
   5.59594988   1.35608219   1.71990629   3.96415752   5.97896381
   5.67987383   5.42866895   0.49699423  -3.56793878   0.39848127
   6.22227454   3.53576292  -2.8424994   -3.91475005  -0.91715252
  -3.5817997   -6.32507161  -7.49079913  -2.73789689  -5.96827902
  -5.62771924   5.93169515   4.30831356   0.11177021  -3.50771319
  -1.01055861],[ -2.1464673    2.59513782   2.53558427  -4.42278306  -3.29425264
  -5.54327308  -8.23584786  -2.88712487  -4.2629612   -5.76605039
  -5.54852929  -2.31740487  -1.02947332  -3.06609058   2.00326003
  -0.45544822  -3.9240865   -8.9534604   -6.16959222  -8.71924056
  -6.85320415  -1.87439674   1.19548067   6.97195813   1.84659771
   1.44456259   4.71621833   5.68722552   4.20830352   3.20957245
  -4.31725106 -10.05569073 -16.49137483 -21.60598671 -19.1809901
 -13.56996893  -6.32548634  -5.07620497   1.00846648   1.37747865
  -2.59874089  -7.92160032  -8.58631856  -5.83059778  -3.82203224
  -2.35608508   0.81140018  -4.6428187   -1.4678857   -3.94834889
  -2.67585205   3.41900159   8.20128063   6.22555064   4.17614683
   4.46094058   9.31933333   5.56619402   5.32926982   8.90699623
   7.48991138   6.96659509   7.15629467   2.88559539  -1.15612835
  -1.48567732  -5.31150788  -9.36417122 -12.00154259  -9.9929644
  -6.15268706  -4.39820449 -10.18517171  -8.07046177  -6.8197607
  -5.0231573   -2.11981495   5.97329226   9.31325182   4.00971979
  -1.68941687   1.95781736   3.3133471    3.79430303   1.72623566
   3.03462073   1.21231411  -4.06386742  -4.13283597   1.08351852
   6.92701877   6.159486     5.1386032    4.57653822   7.31495852
   8.62048068   1.89049682  -0.64558289  -2.44317898  -3.94186015
  -2.90878745  -3.31605384  -3.2516906    0.60580914   4.7643688
   2.63523763  -1.98757679  -3.91987905  -9.02366383  -5.80881983
   3.41134055  -1.18375227  -1.01862044  -8.44507842  -2.75229275
   3.53304904   7.16047667   5.93193247  -8.67303289  -8.63290427
  -6.34841957  -7.94942623  -5.30852611  -3.4115649   -5.9466948
  -6.31098283  -5.41910996  -1.26386758  -4.49803462  -6.34074916
  -0.72986756   4.94338804   8.46858594   8.58357521   7.55717231
   1.51957616  -2.30465934  -1.59026401  -1.07624123   3.1942486
   3.78998266  -0.03721675  -6.90736668  -5.95025916  -9.63062098
  -5.43107904  -7.03025789 -10.79866491 -11.74906069 -16.13205882
 -17.51221437 -16.61227138 -14.51064181 -11.31164892  -9.06101943
  -9.50533884  -8.62804585  -6.03442887   6.11677663   5.50686109
   5.50453416   1.23316117   0.81838727  -1.27053521   1.15970673
  -0.72804613   3.12068221   6.62878968   1.00756131  -3.36188143
   0.93019062   0.46111075  -0.26216704   2.64270257   6.24803136
  10.11334202   8.73742483   2.05146822   1.49345351   4.96871881
   3.30535963  -0.10656813  -4.56729726  -8.30054217 -11.77300968
 -11.79028202  -8.58316119  -3.52086889   4.63617119   6.94270907
   1.28808656  -3.0478148   -3.62349328  -2.50198427  -2.75943766
  -1.96635631  -0.85231079   2.4901574    1.75738335   0.59866938
  -0.30451713  -5.01608486  -0.12188086   5.16709112   7.44117575
  10.97741634   7.12957667   4.05783777   5.22008655   1.13301299
   1.62735551  -5.49253339  -7.42213449  -3.23398477  -1.61671126
  -0.53261193   6.94928471   7.58922711   8.97459663  13.0420234
   7.66173489   1.92923738  -3.65927566  -5.50112089   0.7362997
  -0.92452613   1.43576875   2.07445896  -2.95103787   0.43296959
  -2.14638764  -1.92760036   1.15759563   4.61471199   4.71992678
  -7.9045438  -16.12902763 -15.1228663  -14.60246128 -14.76509037
 -16.30674993 -15.42226552 -15.41843225 -19.05714026 -14.44041262
 -11.67221468 -11.09692339 -11.74503576 -14.07943987  -9.12073068
 -12.95936503 -12.60792187 -12.94243236  -8.41786367 -11.81064122
 -15.11972983  -8.26783258 -10.77361273  -8.89562368  -9.99698805
  -8.37588256],[ -1.53712408e+00   4.02158549e+00   6.28474509e+00  -9.80159413e-01
  -4.75991412e-01   2.58610100e+00   4.64013196e+00   6.64549488e+00
   3.85712133e+00   7.79757940e-01   3.02462689e+00  -4.78473324e-01
  -4.26329591e+00  -6.76218432e+00  -4.10716785e-01   6.62221773e+00
   6.51775878e+00  -3.83915154e-01   3.14423764e+00   2.25687449e+00
  -3.49355480e+00  -9.66367183e-02  -1.32807957e+00  -4.46141051e+00
  -8.92720639e+00  -6.41826204e+00  -4.50207544e+00  -2.66767449e+00
  -3.08211033e+00  -8.92456226e+00  -1.34354219e+01  -1.45785638e+01
  -1.39826579e+01  -9.53138944e+00  -2.78115375e+00  -1.04096212e+00
   3.65293318e+00  -1.23731074e+00  -2.16269535e+00   2.94686589e+00
   2.23232074e+00  -2.32141910e-01  -4.33529187e+00   1.89717463e+00
   6.82220581e+00   1.24904299e+01   1.17129107e+01   6.95599320e+00
   7.73968561e+00   2.65172569e+00  -5.25178782e-02  -1.64283799e+00
  -5.64699816e+00  -5.55487265e+00  -5.19233957e+00  -4.51318169e+00
  -5.07290523e+00  -4.19957124e+00   2.89700673e+00   4.80842770e+00
   1.95695401e+00   1.64081574e+00   1.23325569e+01   1.03499939e+01
   2.54473149e+00   2.85268080e+00   9.22855438e-01   2.42476170e+00
   5.11618827e-01  -4.23448342e-01   3.26443141e+00   6.55504851e+00
  -2.85580754e+00  -7.25076533e+00  -1.76972595e+00  -8.19539602e-01
   2.56833145e+00   4.09694316e+00   5.71724057e+00   2.92239301e+00
   2.92776487e+00   8.17058565e+00   1.22608359e+01   1.41112698e+01
   1.88824004e+01   2.11517361e+01   1.29696347e+01   3.91163542e+00
   5.99420912e+00   6.70634443e+00   1.17011857e+00  -3.92986807e+00
   1.85253359e-01   2.94971173e+00  -9.27667713e-01  -5.06808811e+00
  -6.90808017e+00  -6.77835824e+00  -1.97935958e+00  -5.69431742e-01
   5.62292906e+00   7.72076836e+00   3.89422729e+00   2.31006915e+00
   1.40386288e+00   1.21989930e+00   6.24484228e+00   6.45479456e+00
  -5.27764496e-01  -3.88340538e-01   9.23199872e+00   6.25742487e-01
  -7.99992696e-01  -5.57165182e-01  -3.87382673e+00  -6.66973021e+00
  -3.30757946e+00   2.33705520e+00  -1.65823256e+00   2.54243196e+00
   7.23766727e+00   6.58256504e+00   6.67683492e+00   7.59570113e+00
   6.82475125e+00   4.28326783e+00   2.98244241e+00   5.91479395e+00
   5.46171187e+00   1.75200011e+00  -1.18811737e+01  -7.43649926e+00
   2.62599251e+00   4.62999125e+00   3.54693575e+00   6.87654965e-01
   2.99854463e+00   3.68973792e+00  -4.89933842e+00  -9.37287365e+00
  -8.90241249e+00  -3.19172405e+00  -2.63355083e+00  -2.13503655e+00
  -5.51743908e+00  -2.63982580e+00  -2.30089398e+00  -2.43631395e+00
  -6.88453265e-01  -4.18384892e+00  -3.02062819e-01  -4.94764745e-02
   3.60083764e+00   6.22327197e+00   6.17873428e+00   2.75232591e-01
  -2.99000762e+00  -4.43577026e+00   2.00675220e+00  -1.30716803e+00
  -3.39450171e+00   2.30974121e+00   1.20382583e+01   1.57328101e+01
   2.32449695e+01   1.84969848e+01   1.76257847e+01   1.63891260e+01
   6.34890684e+00   1.34750777e-01   2.20427180e+00   6.41817167e+00
   7.67946205e+00   5.68048828e+00   6.30550891e+00   1.15344053e+01
   1.17493064e+01   6.36077282e+00   1.99500060e+00   1.05623347e+00
  -5.17661635e+00  -1.16749726e+01  -1.41041802e+01  -1.48466563e+01
  -1.06629475e+01  -8.56468919e+00  -4.75570370e+00   2.28044139e+00
   3.07996515e-01  -1.78384750e+00  -4.29799628e+00   9.36751088e-03
   2.50253151e+00   5.81644769e+00   1.18054335e+01   1.03376261e+01
   8.95882941e+00   1.17531268e+01   1.07495045e+01   6.10180248e+00
   4.97448927e+00  -1.04676954e+00  -2.75038782e+00   2.48431907e+00
   4.55594769e+00   8.43998257e+00   1.14512908e+01   1.09639481e+01
   9.84209175e+00   9.86390823e+00   7.85710315e+00  -1.21140760e+00
  -3.73444917e+00  -8.12423269e-01  -7.52708194e-01   3.07371159e+00
  -4.59532199e+00  -6.74718988e+00   1.31690425e-01   3.20254632e+00
  -3.47690757e+00  -4.31485530e+00  -2.75790260e+00  -6.66474028e+00
  -6.85960294e+00  -3.92735261e+00   4.69253570e+00   7.70535730e+00
   1.68446367e+00   3.88592816e-01   2.39378619e+00   6.73722895e+00
   8.94283826e+00   8.12558101e+00   3.92951771e+00  -6.71653074e+00
  -8.86252569e+00  -1.08614922e+01  -1.27257478e+01  -1.56539745e+01
  -1.64974982e+01  -1.55750920e+01  -1.26253715e+01  -1.15236255e+01
  -6.41586453e+00  -3.57831725e+00  -8.21690547e+00  -1.15205101e+01
  -9.64985387e+00  -2.54355867e+00   7.89035823e-01   1.10542671e+00
  -4.79575025e+00  -7.73093799e+00  -8.84741664e+00  -6.60797420e+00
  -2.90043517e+00  -3.47201233e+00  -7.29242255e-01  -3.03798523e+00
  -5.46871525e+00]