[-704.23545878 -664.27510396 -626.41241842 -538.23239695 -469.54760436
 -449.18923425 -451.23345852 -447.14513482 -430.40287447 -416.08737098
 -402.5967054  -376.96648278 -327.37448967 -300.15199479 -295.92947827
 -304.34670367 -322.72473012 -338.90427301 -357.63970768 -384.89948849
 -410.61493767 -431.78186257 -451.2729344  -478.67348449 -498.3497672
 -504.187812   -522.69013054 -530.00140639 -513.2914497  -509.41169981
 -503.40463106 -475.01257864 -455.02486665 -449.90244375 -446.35733219
 -434.58970918 -420.68907425 -412.91926876 -403.82556306 -394.26334432
 -386.4132505  -379.67960313 -371.48510214 -364.0907455  -363.42768873
 -363.29952283 -366.59888586 -366.88110661 -377.01417476 -387.75388435
 -403.02191172 -411.47926286 -418.70799522 -411.3978877  -398.14061569
 -390.58681391 -384.01111757 -378.19956979 -367.49565731 -353.85312714
 -343.37094767 -333.45796846 -337.70128012 -353.85289978 -369.31374601
 -373.68797169 -370.36151144 -377.3101694  -366.47394316 -368.11782508
 -378.50680965 -399.59377897 -418.45754872 -425.20905818 -427.55222623
 -436.31402208 -441.09394436 -436.71185053 -429.41143933 -412.62256835
 -389.46526323 -363.26040094 -341.65058724 -333.88518751 -337.03182523
 -337.15169012 -341.65122607 -350.32176618 -357.32786779 -364.58682352
 -380.21334438 -395.38492539 -393.3872608  -386.03926229 -369.79801312
 -367.96252806 -391.6176804  -434.32233398 -454.73385941 -467.84763301
 -473.94735126 -464.48174575 -441.60287478 -427.24047332 -421.3950508
 -420.6792645  -422.0252022  -421.23674204 -421.74309865 -417.95406766
 -400.92755662 -387.71982652 -395.45331899 -410.70518665 -455.46948036
 -493.82236403 -507.30244358 -512.59782294 -499.88709048 -452.14049954
 -422.85219196 -426.6719145  -428.6043052  -420.18014574 -412.93982438
 -404.54386883 -402.08174541 -410.4304196  -408.90935536 -395.78816359
 -382.97144446 -370.83679495 -368.2742756  -366.88703802 -362.58630088
 -366.20681547 -380.52109217 -399.56174926 -442.27298785 -478.12629268
 -497.27513604 -510.70312591 -519.96155057 -527.13258977 -529.78634305
 -512.01752002 -446.76038604 -380.94793144 -351.64215733 -345.73878875
 -343.82722481 -347.6562395  -364.77092904 -379.63983233 -391.53069546
 -402.30810267 -405.93486343 -406.38733269 -421.32284569 -420.23725661
 -372.67872693 -331.54687348 -312.51604654 -320.02666766 -346.35449361
 -373.69965583 -404.07875277 -429.68078688 -448.66975125 -459.24503812
 -459.95265342 -452.29381775 -451.46036169 -417.7525956  -397.91290346
 -408.37259898 -417.47405408 -432.75195535 -437.46876051 -432.68521739
 -440.51368521 -449.24023485 -454.93433692 -469.34631572 -478.73713783
 -477.64138152 -481.84810474 -496.33919248 -503.59466571 -504.98156155
 -525.20141565 -540.40337273 -560.70012643 -578.44429425 -572.02590842
 -570.06961834 -553.79939374 -540.48511839 -529.50405278 -519.30306773
 -520.6569969  -510.37561935 -510.28880587 -515.24313348 -514.7716159
 -512.10738306 -506.55887107 -501.5097827  -506.14337328 -509.64401701
 -507.69321984 -510.29902533 -518.11656126 -510.43397451 -502.93305417
 -520.24415049 -534.35735815 -542.05381985 -553.97633721 -573.23540448
 -594.66997604 -606.25855713 -609.17914486 -597.30650154 -600.91979537
 -603.4235662  -587.42868416 -561.89018324 -550.6079776  -544.26639855
 -524.73495296 -523.55282483 -515.08622837 -503.23641454 -480.20059556
 -459.26379461 -442.30455889 -430.13702503 -404.53351781 -392.09567677
 -397.24072397 -416.89741763 -458.79966576 -470.49375222 -456.98479256
 -446.22923826 -440.78130429 -445.80410914 -463.73315182 -474.06725207
 -492.85019119 -510.56002363 -495.64603001 -413.41114549 -355.28676687
 -318.27670867 -317.38672093 -339.6136133  -348.37627529 -330.37374255
 -321.66118816],[   2.42117207    3.34343607    4.88488151    6.8606333    -3.0223223
   -1.02244354   -1.1895007    -3.57172612    4.08370505   10.63784213
   18.72440137   66.54700627  155.43808347  196.22853923  209.18160162
  219.8724547   230.26799272  230.23632478  223.51984956  219.25930081
  213.348953    206.45323848  202.55048283  189.86381019  180.37852515
  178.08440757  162.64431976  154.46853571  136.20231503  128.64667393
  139.98324153  143.39187081  140.09288718  138.56017345  139.15396835
  136.0415449   134.97409287  135.98207455  139.92909833  146.45010825
  147.1777092   149.85006458  159.590918    168.87209213  166.23979373
  168.05447161  172.32118144  180.86629211  178.58006938  172.6786671
  158.20484864  150.97325033  145.70631061  151.07109488  164.03680959
  170.1231096   168.45663354  168.53463863  175.31690997  176.54954923
  170.66844724  159.57443267  138.49816032  116.70039854   94.48633039
   79.49256776   72.93910205   74.03581785  108.61291616  142.54949754
  163.51285147  173.02548181  179.68315609  183.72082142  183.52101785
  177.12305088  161.87481259  154.77568122  158.23276808  175.00601743
  198.62425376  220.29455147  223.79174467  222.29425995  216.99559784
  218.2920288   217.18932396  214.20205504  211.28818273  204.46747519
  195.81680286  181.80423441  166.84430249  163.49405161  175.93521054
  184.22720003  182.05686727  172.80637162  177.6808734   182.75380796
  185.76129202  188.78241052  185.05499066  182.65708008  180.10557712
  182.88489768  189.56852021  194.23795471  196.91543297  197.37589796
  199.29801178  204.60624376  201.06078556  195.41728269  181.16071634
  165.90336031  157.32673902  138.81244289  120.4043171    95.02471366
   79.62039303   79.91065882  115.19844263  153.83104317  173.04431346
  184.71563817  184.6326786   180.61926681  179.92457141  187.11575035
  195.82542696  208.12913501  205.90421232  205.99287219  210.73535651
  209.06181531  204.45245019  211.16464701  203.08751586  193.78070622
  191.87396699  189.47609439  185.59202797  178.95153288  167.70643309
  154.74421336  175.79168942  206.08536694  222.02892609  230.50478926
  232.1092752   231.31123182  217.29939403  201.56500472  191.57973446
  187.42680112  192.2760458   188.98558721  174.5262673   162.03277549
  174.99253123  186.97692926  190.50889894  186.85860726  183.87843301
  188.39172528  191.90093737  195.32169512  192.61781242  181.05467332
  170.99769366  152.16296214  118.70031951   83.47533345   63.39012905
   59.86611373   92.06401838  125.26245047  147.28882292  170.5987353
  187.69841332  195.74364745  196.78081     184.91828601  174.53304394
  176.37307631  180.39593834  172.24015326  164.85929426  166.77511667
  156.31698455  147.31039051  130.65350241  119.22030557  124.07622794
  117.20282941  109.43215191  102.28346428  104.16978618  104.62305752
   94.22558586  102.65251684  102.84911728   99.16369414  100.43649016
  101.36919727  103.84286181  109.72724442  105.97920668  107.80337635
  111.11667636  105.31079742  103.93215323  118.09119378  131.73578144
  123.19312931  117.11473041  119.10368136  113.52080894  104.79547596
   98.68504905   92.57802613   92.19182748  102.00819118  102.5012423
   99.0233145   102.93718566  117.25352612  117.53268415  110.95108673
  112.17162289  109.57624753  111.16908107  115.80381847  132.11541537
  138.55883713  144.295048    138.89311744  148.94750914  150.19757136
  147.54291299  134.36681861  116.25156817   99.10832675   67.60526709
   31.81556635    2.40941348  -16.53921358  -30.64273093  -24.15183023
   -2.10599798   23.09679481   51.82560675   89.94394988  135.32630334
  183.93296905  195.64231138  191.07335013  182.16750107  199.52580591
  202.94021785],[ -3.58534582 -11.92541733 -18.05399781 -19.57283634 -27.33225221
 -30.63502592 -31.70293214 -35.26017287 -40.34066151 -49.51366691
 -62.86078428 -51.55983348 -30.33310044 -41.51783462 -53.13048078
 -53.45421245 -53.24502666 -46.87183471 -36.46942357 -16.34263865
   1.69302008  13.05776852  20.31526462  23.61687459  23.56211736
  25.94451915  21.85538045  23.71401299   8.23230431   7.2811175
  23.47407652  17.45746961   9.30371939   5.16883452   1.19135747
 -10.04681808 -22.58866555 -28.14169003 -39.57314729 -45.88016727
 -53.95282843 -57.93974121 -57.79015434 -58.42268954 -67.34011074
 -72.69278688 -76.8166372  -75.14955171 -73.54241138 -63.40893888
 -58.38012956 -51.70591185 -44.48421338 -42.31641056 -31.76697962
 -25.12655926 -26.98845049 -33.20622257 -38.92481616 -46.25666447
 -50.74991212 -46.66206248 -36.45882406 -27.2819987  -27.87395467
 -28.43522355 -33.60125716 -36.53543336 -35.27949775 -28.4994891
 -16.32566424  -1.25233878   5.51346784  14.01612153  21.58871113
  30.9740585   35.0412806   31.11088088  31.01640541  25.58636077
  18.47961857   7.83304477 -13.02203002 -25.70862653 -35.01662872
 -35.75275192 -36.87985044 -37.76357454 -33.20931579 -24.50919945
 -11.3974095   -0.89857946  -6.75475424 -15.74058486 -35.56194658
 -44.24558578 -39.46513386 -15.88084827   9.61536323  18.62146824
  26.75941359  32.8773353    4.28698519 -13.2335556  -20.32553176
 -17.30357457  -8.07978648  -1.62339141   5.39029759   2.74257872
  -5.33956083 -12.68917684 -12.47335361  -6.6871522   16.24443497
  33.4969217   31.78669018  23.99319862   8.90240698 -23.6136298
 -38.90992853 -38.21857416 -16.06336082   4.34749516   6.12460459
   1.41195622  -1.5218893   -1.71971903  -8.90201144 -14.99343638
 -21.82581535 -27.34345132 -33.69214011 -31.11110273 -36.18238171
 -41.98561087 -38.42191988 -13.58081715  12.53227482  21.05262457
  25.69122218  31.75521964  36.91281828  39.2894045   36.04161863
  18.56261862 -16.15171424 -36.55238974 -41.72426523 -34.4335977
 -27.63238203 -24.05326548 -24.72384369 -28.07918306 -27.26196578
 -14.9652042   -0.65675968  10.56420716  18.20019095  12.43791083
 -12.60413194 -39.32964202 -55.7767843  -63.88294965 -57.81059097
 -33.54217817  -9.67596155   8.10864888  12.10628873  19.29814181
  25.05968484  20.23212298  -1.03236878 -34.00025753 -51.37782961
 -61.77444998 -50.07166533 -29.12359421 -19.80981257  -8.78789432
   6.22962816  21.24575478  23.31039091  11.48667463   4.00919513
   7.30678056  14.32578522  15.43407409  14.64769615  21.39130022
  25.24610083  28.71291774  27.379673    28.89718717  28.19765423
  15.6557904  -12.20422933 -33.10517562 -37.35893266 -45.76274255
 -54.86121894 -49.20907783 -47.79669116 -49.27074469 -48.87676181
 -52.42752588 -55.74612501 -55.00123533 -56.84738134 -52.87636848
 -51.35065824 -55.7512457  -50.83386084 -44.02854459 -32.73903648
 -23.91398977 -20.94703162 -12.07874957  -5.10629984  -0.44514126
   9.9380215   16.14391585  16.17106589  15.38307555  20.36464012
  18.13344212   4.51099522  -6.29518361 -14.6518218  -27.06773717
 -34.83711455 -36.40652915 -45.18543496 -44.49464789 -40.60862321
 -48.51513462 -52.27968698 -52.62895949 -47.37962879 -42.84498374
 -35.31536571 -23.56314557  -4.34918073   2.90742095  -1.3106916
 -10.10921539 -19.03898443 -21.595379   -24.89672484 -28.29535984
 -25.14882203 -19.07804219 -21.68705224 -36.76583663 -25.40317271
 -18.52810728 -28.80372109 -40.76376395 -53.34605183 -38.50748714
 -33.14826733],[   3.26332882   14.2415085    22.65839806   80.29552161  110.78710588
  112.81502417  112.08749887  111.44219863  103.66513961   96.37397085
   89.28130448   80.13578922   51.51293524   23.54626662    7.930466
    3.36329004    1.89370977    3.31684111    8.52110484    9.97510612
   15.42705552   20.37179571   16.94318179   10.89217882    0.2133438
   -0.55965804   -6.71399135   -3.94883072   23.25420473   34.99260284
   39.76726963   50.76181332   65.77128063   70.8673453    74.00683151
   79.96112583   78.93047903   81.84904964   79.66457833   80.49796051
   82.14721658   82.70036241   80.82850136   77.27480002   73.84216144
   68.3776694    55.98704475   46.35984374   39.64319921   35.06755713
   27.00504624   24.78014389   18.09920268    4.63200873    1.20606661
   -3.72334166  -10.62025818  -12.46267605  -10.60080983   -3.93037236
   11.44410719   39.84080164   66.32629034   83.4297307    83.5674313
   91.98416725   99.65739221   99.76156065   76.01676425   50.29143618
   33.95628626   31.29257035   25.38951583   21.89043131   21.2274767
   26.49128281   35.26384908   42.10825037   46.70055925   36.95124091
   22.88382794    4.66656711   -6.53116806   -6.92944898   -8.37028542
   -5.18443041   -3.88464092   -0.18354996    7.57789584    2.34166477
    4.2589132     9.96887418   13.38511065   17.30920826   14.98361605
   22.48469153   31.02220425   38.41235028   39.49867503   30.91178154
   33.2667135    43.32159401   48.0969011    49.70174133   43.75329802
   35.9291868    32.47890551   29.85357331   29.94838636   27.2664135
   25.8070986    20.51444909   17.37116984   17.72749224   31.23568632
   42.91621358   39.68260516   39.67355088   49.41988445   72.79713904
   89.08440197   85.30622386   74.5006066    55.32679208   33.85876837
   19.36924614   17.29380336   17.20301398    8.80253467    0.96469384
   -9.24887202  -18.10775652  -21.88183815  -19.54750263  -23.52036804
  -24.02192876  -22.07132603  -13.76910259   -5.57904688  -11.94188544
  -15.97152437  -17.07783163  -14.48210712   -6.45636687    7.77033235
   22.48203495   17.79005633   15.69518647    7.89493944    2.65094583
    5.79667174    5.43797507   14.25592804   25.7338679    32.57840528
   38.62126687   41.54890514   42.74653198   40.04071423   36.74071357
   29.3393496    21.82349979   24.18884499   33.97394629   41.49481755
   40.39699073   35.74464465   33.87704744   30.62496179   35.3064612
   39.04881387   52.22372952   69.40729403  101.99694512  111.96728919
   94.40288903   63.15644944   37.94625158   30.53179263   25.51732146
   20.020076     23.74422428   21.46502525    8.72912726    5.10397238
    7.37211272    7.98341912    7.99444899    3.25916842    8.2381638
   10.70166431   13.83250341   17.44157675   20.11611676   18.65268114
   15.32330083    9.84215696    8.41298878   16.48488438   14.82153154
   16.01826791   23.5668398    26.59021555   25.34403176   24.70997035
   21.12570843   22.070386     20.28378513   17.61888175   18.02276709
   16.99291724   18.24892457   17.84275662   10.59421811   12.82065361
   19.14614412   14.41491139   13.71737164   17.80702165   15.17511206
   11.51307826   15.43354804   10.6900173    11.02088616   13.50614438
   14.06507488   10.94582447    2.4475101     2.66521354    3.03706569
   11.09976527   17.78674436   12.41358071   14.40438072   16.35582444
   15.94996496   21.91388709   33.23190349   42.56252042   49.88045814
   47.82741566   40.50756562   40.63820064   52.2926866    80.14843254
  104.20828839  115.07260992  121.86030166  121.39376987  103.34440386
   86.46031779   73.63653237   52.06710964   34.53296126   39.31740583
   29.78821927   19.08394332   -1.01088743   -8.66682446   13.80453559
   25.54297024],[  2.37078899e+00  -4.56380094e+00  -8.40605268e+00  -1.28862482e+01
  -2.35415879e+01  -3.22569982e+01  -3.88744934e+01  -4.75722217e+01
  -5.69617990e+01  -5.96226870e+01  -6.06683994e+01  -5.33874511e+01
  -5.78351198e+01  -5.05073983e+01  -4.23361323e+01  -3.46876432e+01
  -2.86601418e+01  -2.23377429e+01  -1.94293801e+01  -1.90741969e+01
  -1.81431725e+01  -1.43184318e+01  -9.38015925e+00  -6.20890767e+00
  -1.39776495e+01  -1.49206822e+01  -2.13337195e+01  -2.09934419e+01
  -1.00074815e+01  -1.06043289e+01  -1.03351327e+01  -1.63197355e+00
   6.84017219e+00   1.48007211e+01   2.08418658e+01   3.08384161e+01
   3.45551063e+01   4.05887495e+01   3.91819988e+01   3.72529189e+01
   3.75847686e+01   3.92631587e+01   4.09572136e+01   4.15956025e+01
   4.00290445e+01   4.44058162e+01   4.81278237e+01   5.06746453e+01
   5.16349021e+01   4.46538146e+01   3.24568337e+01   2.61950147e+01
   1.48831602e+01   3.74793034e+00   2.06574393e-01  -3.35425387e+00
  -1.25829962e+01  -1.95975258e+01  -1.73853766e+01  -1.46080160e+01
  -1.45993993e+01  -1.91849085e+01  -2.58989074e+01  -2.16127617e+01
  -2.47119849e+01  -2.94594975e+01  -3.27306377e+01  -2.29605477e+01
  -1.67154234e+01  -1.04162326e+01  -1.47732109e+01  -1.36949596e+01
  -1.71087350e+01  -2.26544662e+01  -2.19105276e+01  -2.02353520e+01
  -2.42809442e+01  -2.46582233e+01  -2.97099423e+01  -3.87004364e+01
  -4.10248328e+01  -4.71073729e+01  -4.87651844e+01  -4.37333411e+01
  -4.14255917e+01  -3.67994925e+01  -3.36761741e+01  -2.73196400e+01
  -2.12988657e+01  -1.43850773e+01  -9.99467045e+00  -1.38587570e+01
  -1.63067303e+01  -9.84463483e+00   4.44386284e+00   2.47918734e+01
   3.38606301e+01   3.06064660e+01   2.09501896e+01   1.50117565e+01
   1.43153248e+01   7.50311469e+00   2.77789654e+01   4.18836639e+01
   3.68846146e+01   2.82254583e+01   2.50684680e+01   1.48009468e+01
   3.46425673e+00   4.83699472e-01  -1.96397500e+00  -2.56289012e+00
   5.37900880e+00   1.17364828e+01   1.86896259e+01   1.91388601e+01
   1.56270927e+01   7.62051143e+00   1.97343793e+00  -1.19647182e+01
  -2.14629529e+01  -2.17882560e+01  -9.32476089e+00  -2.19110892e+01
  -2.92323042e+01  -2.54898868e+01  -2.20313246e+01  -1.76189828e+01
  -2.13740273e+01  -2.67237116e+01  -3.53054580e+01  -3.88148763e+01
  -4.55809748e+01  -4.76154543e+01  -4.16787503e+01  -3.33789438e+01
  -2.85248368e+01  -2.02290512e+01  -1.25760742e+01  -9.41243311e+00
  -4.23196860e-04   2.02584952e+00   4.07268254e+00   1.03487949e+01
   1.76212474e+01   1.28606587e+01   1.26608679e+01   8.45523670e+00
  -7.53824565e+00  -1.97280036e+01  -2.72268049e+01  -3.55526395e+01
  -3.51042987e+01  -2.97431560e+01  -2.36888337e+01  -2.71933246e+01
  -2.63603464e+01  -3.32351593e+01  -3.53008246e+01  -3.18152623e+01
  -3.20737148e+01  -2.55394500e+01  -1.35343475e+01   4.10388432e+00
   1.43963959e+01   1.51312072e+01   1.38687954e+01   1.70647284e+01
   1.97498741e+01   1.58649932e+01   6.12276162e+00  -5.14509698e+00
  -2.50794404e-01  -1.50355004e+00  -1.28516376e+01  -1.27213492e+01
  -1.38549897e+01  -1.63068212e+01  -1.51977083e+01  -1.56655592e+01
  -1.64418367e+01  -1.70509733e+01  -1.83938277e+01  -1.74823991e+01
  -1.90869827e+01  -1.91497139e+01  -1.33264509e+01  -7.20840695e+00
  -1.67007545e+01  -1.52094431e+01  -3.69502051e+00   1.53379136e+00
   2.01669232e+00   5.43499230e+00   4.03385298e+00   7.39585018e+00
   9.47187332e+00   1.26045176e+01   1.74843167e+01   1.35490513e+01
   1.27138287e+01   1.20999207e+01   1.20986363e+01   1.48422226e+01
   1.45376068e+01   1.21080971e+01   1.49503688e+01   1.49153798e+01
   1.44267712e+01   1.99624114e+01   2.21975034e+01   2.39721722e+01
   2.32433733e+01   1.55177731e+01   1.74213102e+01   1.99006488e+01
   1.80941481e+01   1.92079405e+01   1.81884038e+01   1.85986609e+01
   1.46611759e+01   1.37104617e+01   1.03573434e+01   1.72970639e+01
   2.24885000e+01   2.49648554e+01   3.19373024e+01   3.23718422e+01
   3.16240526e+01   3.50019843e+01   3.36243993e+01   3.97127396e+01
   3.89921858e+01   3.03470071e+01   2.12839140e+01   1.93021516e+01
   1.96738496e+01   9.06155040e+00   3.93937974e+00   9.46490363e-01
  -6.27409581e+00  -4.99037186e+00   3.31706805e+00   5.85594356e+00
  -1.47371189e+01  -2.84704749e+01  -2.97081107e+01  -2.93359810e+01
  -3.29228329e+01  -3.92697977e+01  -3.21906111e+01  -2.06958108e+01
  -3.07774661e+01  -5.23820017e+01  -5.98018526e+01  -6.80761127e+01
  -6.25742912e+01  -5.10241298e+01  -4.61890422e+01  -2.98364639e+01
  -2.50764803e+01],[  2.81998260e+00   5.78884917e+00   9.43902861e+00   2.35300691e+01
   2.95039709e+01   2.59091841e+01   1.89092843e+01   1.17878502e+01
   9.08932233e+00   1.02848215e+01   7.30214501e+00  -1.76082320e-01
  -9.29758918e+00  -4.02836145e+00  -1.04269040e+01  -1.37387909e+01
  -1.99025276e+01  -1.58090154e+01  -1.17741464e+01  -6.85531228e+00
  -8.98903248e+00  -1.07686964e+01  -8.70907676e+00  -5.08391315e+00
  -1.23799450e+01  -1.07712516e+01  -1.56157551e+01  -1.52871481e+01
  -2.09405453e+01  -2.21599131e+01  -4.89834883e+00   1.30849043e+01
   2.12642930e+01   2.50412308e+01   2.51565529e+01   2.81414904e+01
   2.93235122e+01   3.07475297e+01   2.42314310e+01   2.02692066e+01
   1.63318814e+01   1.47872525e+01   1.50319045e+01   1.15746001e+01
   2.34107188e+00   1.24463846e+00   2.17488067e+00   2.90417840e+00
   8.56630132e+00   1.74171341e+01   2.50532951e+01   3.34929861e+01
   3.89948044e+01   4.05683112e+01   4.61570348e+01   5.16362794e+01
   5.67904517e+01   5.42865044e+01   5.46831348e+01   4.96058431e+01
   4.00087429e+01   2.66499097e+01   2.15417898e+01   2.86300697e+01
   3.83008675e+01   3.71566598e+01   2.55618246e+01   2.32728846e+01
   2.02279990e+01   2.36677176e+01   2.18783219e+01   1.62437266e+01
   1.11723463e+01   9.69001478e+00   1.35246215e+01   2.17117794e+01
   2.62118622e+01   2.97623527e+01   2.05314975e+01   1.69036525e+01
   1.63149440e+01   1.81110764e+01   2.55390730e+01   2.91429432e+01
   2.74325744e+01   2.22073657e+01   1.77105296e+01   1.28036340e+01
   1.36787197e+01   2.87968712e+01   3.17274715e+01   2.61852010e+01
   3.25428467e+01   3.78843360e+01   3.75697072e+01   3.35244626e+01
   2.69352738e+01   2.43911279e+01   2.62299949e+01   2.32536746e+01
   1.93155239e+01   1.42628076e+01   7.36162171e+00   1.04575009e+01
   1.62603193e+01   2.51491652e+01   3.41480226e+01   2.93533088e+01
   2.33961172e+01   2.12445332e+01   2.59110372e+01   2.98881672e+01
   3.57884944e+01   3.81378600e+01   3.34553130e+01   2.25423388e+01
   1.67164237e+01   1.39572169e+01   1.33404585e+01   4.71506510e+00
   3.75875471e+00   1.00770608e+00   6.09495956e+00   5.49479491e+00
   9.56659173e+00   1.80239386e+01   2.20683481e+01   2.47046511e+01
   2.70675904e+01   2.67639506e+01   2.56831640e+01   2.17625543e+01
   1.93249302e+01   1.71755310e+01   1.63393833e+01   1.71644943e+01
   1.62977297e+01   1.93194687e+01   1.79779125e+01   1.33139657e+01
   1.50065024e+01   1.51785980e+01   1.99861631e+01   2.33396222e+01
   2.33017989e+01   2.07077944e+01   2.03252188e+01   2.17700257e+01
   1.90999713e+01   1.58306901e+01   1.04618792e+01  -5.32424058e+00
  -2.53683470e+01  -3.80428745e+01  -3.89216341e+01  -3.84013353e+01
  -3.36564940e+01  -2.78501488e+01  -1.42223012e+01   2.72620609e+00
   1.11965173e+01   2.28636176e+01   3.46733347e+01   3.64203917e+01
   3.10535117e+01   3.00116971e+01   2.75891330e+01   2.31868326e+01
   1.91634224e+01   2.21214243e+01   2.24775857e+01   1.59141248e+01
   1.47000568e+01   8.19056949e+00   9.85231184e+00   1.35579697e+01
   4.71975991e+00   4.87323204e+00   5.68966796e+00  -3.96284040e+00
  -1.30897811e+01  -2.57607520e+01  -2.88034805e+01  -2.22659547e+01
  -2.78971055e+01  -3.00230203e+01  -2.37969569e+01  -2.14005440e+01
  -2.36631108e+01  -1.87099279e+01  -3.97719605e+00   1.47184307e+00
  -3.60532812e+00  -6.61713640e+00  -8.30747408e+00  -4.28274811e+00
  -5.54337646e+00   1.06297848e+00   2.56513852e-03   1.26054114e+00
   3.45902938e+00  -2.11582543e+00  -7.67617411e+00  -6.21467502e+00
  -8.32725881e+00  -1.28145602e+01  -1.04038242e+01  -9.24607800e+00
  -9.54734972e+00  -6.73569981e+00  -5.23999808e-01   4.98671224e-01
  -3.12942232e-01  -5.88625890e+00  -3.83977747e+00  -7.56039249e+00
  -5.39361164e+00  -1.68586948e-01  -2.46262391e-01   2.07409225e+00
  -6.53013651e-01  -5.48787018e-01  -1.01927933e+00   2.60969052e+00
   7.86920289e+00   9.75478082e+00   1.62047588e+01   1.91696499e+01
   1.92807328e+01   2.17675169e+01   1.86055107e+01   1.71086793e+01
   1.53910766e+01   1.05029563e+01   4.67258557e+00   4.09336566e+00
   1.60063710e+00   1.67162689e+00   1.15051736e+01   2.29329589e+01
   2.87154116e+01   3.24123328e+01   2.82899027e+01   3.36372756e+01
   3.55889761e+01   2.88003059e+01   3.27634543e+01   3.52827220e+01
   3.13029719e+01   2.67671481e+01   2.28845269e+01   2.04670767e+01
   1.44112708e+01   1.06090237e+01  -6.40103563e-01  -1.58613328e+01
  -1.48295611e+01  -7.40182885e+00  -3.52989670e+00   8.61543042e+00
   9.01546480e+00],[ -2.89223117e+00  -3.56755450e+00  -6.36015917e+00   1.64358408e+00
  -3.58580315e-02  -1.61531073e-01  -5.70974556e+00  -1.01658438e+01
  -5.68518316e+00  -6.17898637e-01  -2.99474121e-01  -8.13574304e+00
  -1.66041199e+01  -1.96001183e+01  -2.73803213e+01  -2.29835080e+01
  -9.61722929e+00  -4.91403915e-01   5.67404944e+00   6.52261448e+00
   7.40232667e+00   8.76544625e+00   9.29447877e+00   8.59567033e+00
   3.01970784e+00   4.15846507e+00  -5.41366019e-01  -8.60804659e+00
  -1.42707443e+01  -1.23685061e+01   1.34931869e+00   5.52309531e+00
   8.75895317e+00   7.82859493e+00   4.84032272e+00   1.40744111e+00
  -2.37454963e+00  -8.44976741e+00  -2.41597580e+00   5.24690641e+00
   4.28236938e+00  -1.94449867e-01   1.13170947e+00  -2.17530787e+00
  -6.64053942e+00  -7.06731406e+00  -8.68391407e+00  -1.35604083e+01
  -1.27868298e+01  -1.61231283e+01  -1.93501943e+01  -1.91795836e+01
  -1.32649868e+01  -1.71940848e+01  -2.01847644e+01  -2.29138150e+01
  -2.59101668e+01  -2.19508922e+01  -1.25206570e+01  -1.40144534e+01
  -1.52259373e+01  -7.91354014e+00  -4.16498025e+00  -1.87655715e+00
   1.72077465e+00   4.98182694e+00   5.14214594e-02  -1.90882700e+00
  -8.88575324e+00  -9.23642112e+00  -5.75690974e+00  -3.31872975e+00
   2.77764845e+00   3.19655966e+00   1.85811757e+00   6.53424120e+00
   6.16308538e+00   4.25281661e+00  -3.86910705e+00  -2.31741472e+00
  -1.01847862e+00   6.35753756e+00   1.08298537e+01   1.12668109e+01
   4.51971420e+00  -2.25465894e+00  -3.74927954e+00  -3.56203561e+00
  -5.96631922e+00  -7.28696078e+00  -7.96501642e+00  -9.58282481e+00
  -1.33339661e+01  -1.08005850e+01  -1.63607842e+01  -1.70820218e+01
  -6.67229947e+00   3.15643562e+00   1.33547649e+01   2.01360162e+01
   2.01952093e+01   1.70449379e+01  -8.95630835e+00  -2.50277025e+01
  -2.52485148e+01  -1.58137942e+01  -5.59391190e+00  -9.20468990e-01
   2.97862833e+00   2.91581781e+00   1.07475523e+00   4.38588056e+00
  -6.39237333e-01  -6.18146208e+00  -1.52084305e+00   5.86564536e+00
   9.53888467e+00   4.07788462e+00   3.21096273e+00   3.95499898e+00
   5.20345445e+00   3.89390338e+00  -2.42043641e+00   3.78384156e+00
   3.40255404e+00  -4.84467283e-01  -6.36694857e+00  -6.06913656e+00
  -4.76917259e+00  -1.09424866e+01  -1.45399781e+01  -1.41554929e+01
  -1.19508036e+01  -1.28467950e+01  -1.23652906e+01  -1.23922596e+01
  -1.51871523e+01  -9.82752178e+00  -7.40968823e+00  -4.85570672e+00
  -1.85444981e+00   6.77733335e-01   6.32054229e+00   7.03692452e+00
   7.97320119e+00   1.58451476e+01   1.06144794e+01   8.57085767e+00
   9.65564072e+00   6.83232540e+00   3.48850730e+00  -3.22819218e+00
  -4.73778475e+00  -2.64225117e+00  -2.76725044e+00  -1.62115860e+00
  -5.54022747e+00  -6.39405793e+00  -4.79668812e+00  -4.58942246e+00
   1.84741101e+00   4.10783945e+00   3.24187128e+00  -2.37010078e+00
  -5.99657843e+00  -4.63588104e+00   4.31216147e-01   3.79038515e+00
   7.57889050e+00   7.92879758e+00   6.30504505e+00   9.52256878e+00
   8.07950355e+00   3.76166564e+00   4.91177943e-01   3.35188991e+00
  -6.75867539e+00  -7.36047496e+00  -1.48412696e+00  -3.60327865e+00
  -6.05533598e+00  -9.84974982e+00  -4.40245272e+00   8.32313935e-01
  -2.76229237e+00  -8.69484094e+00  -5.28805935e+00  -9.33895270e+00
  -1.15418768e+01  -4.12891337e+00   3.06668745e+00   5.70672992e+00
   8.90095040e+00   6.83334196e+00   4.37187845e+00   3.55767781e+00
   1.03098268e+00   3.88026318e+00  -5.89206931e-01   8.34300747e+00
   1.61040480e+01   1.35862344e+01   9.48678454e+00   7.31907370e+00
   3.27832655e+00  -2.44269371e+00   3.18133586e+00   6.66979889e+00
   6.39159862e+00   1.60147670e+00   6.64382726e+00   1.10529040e+01
   9.08630374e+00   5.22559225e+00   7.29638214e-02  -9.52083882e+00
  -9.45304049e+00  -9.62171643e+00  -7.61167271e+00  -5.55099455e+00
  -7.73001489e+00  -3.34832438e+00  -2.54224027e+00  -5.60945514e+00
  -9.77304931e+00  -1.02739402e+01  -1.12422297e+01  -1.44764998e+01
  -1.65727526e+01  -2.05958617e+01  -2.54355923e+01  -2.77470293e+01
  -2.87381956e+01  -2.96099197e+01  -3.44414211e+01  -4.17340237e+01
  -4.02520238e+01  -3.48512805e+01  -3.36225457e+01  -3.32550343e+01
  -3.25149491e+01  -3.10126232e+01  -2.97797377e+01  -2.41833635e+01
  -1.61366553e+01  -1.52811246e+01  -1.27985521e+01  -1.19974781e+01
  -9.40817995e+00  -2.75255303e+00   4.01012380e+00   6.80599698e+00
   5.21656141e+00  -1.66063536e+01  -3.05989103e+01  -3.18927025e+01
  -2.69134714e+01  -2.35090776e+01  -2.49182936e+01  -1.36688356e+01
  -1.25514678e+01],[ -0.1921649    4.26299322   7.90040745   1.55485173   7.70960356
   4.57826271  -8.13627924 -13.72455751  -4.52846469   1.19899322
   0.68357346   0.52487732 -13.27396035 -17.10199088 -16.5693154
 -16.48946724 -28.08215642 -29.38132653 -33.03678927 -36.97204488
 -30.02573893 -19.33786744 -11.39932661  -9.97000976 -11.38343239
 -10.76091512 -12.3621748  -13.18649047  -1.13862374   3.7991751
   1.34332443  -3.71161025  -3.33830554  -2.54703484  -3.91633408
  -3.16826402  -3.31715525  -9.29318127 -12.98133813 -17.24724824
 -21.77966378 -29.46018343 -31.66867764 -30.98237811 -33.68638916
 -30.82344052 -29.57571056 -32.13510767 -35.4458996  -36.44770259
 -40.66211001 -43.99255913 -40.08376667 -37.05849908 -31.31968096
 -25.99035911 -27.75414144 -30.6753346  -23.18924643 -17.37572289
 -16.00904394  -8.3084666   -9.97299676  -7.6221077   -1.38909384
   5.5792312    9.07162231  13.02492156   9.9483634    2.91128114
   2.07266892   2.5512182    1.96283399   2.75952135   4.8262465
   6.94229253   9.93368219   6.71250348   5.53538063   4.09446956
   1.90695006  -1.27515954 -11.408023   -21.58083301 -38.31218136
 -46.81633876 -49.12651079 -49.50838442 -56.28578016 -44.57236818
 -28.68434398 -15.62756385 -15.18166425 -15.21000913 -26.51815207
 -27.20887093 -19.12375992 -17.2465028  -18.06699174 -15.57571024
 -16.75524258 -24.92943341 -27.01883001 -38.93558628 -46.29873194
 -50.32997507 -51.13079016 -44.91281227 -41.93018882 -36.03646638
 -37.27256501 -38.71300473 -40.34154413 -36.25845722 -29.38957962
 -16.56683063  -9.10676525  -6.5932769   -9.40320716  -5.29147337
  -2.58920896  -1.24769108  -5.37757634  -9.39756098 -16.74551387
 -24.11571331 -23.71395566 -15.9687008  -20.91702704 -32.81376948
 -41.04879644 -48.25509185 -57.34101654 -57.34771189 -52.71222795
 -52.87780032 -54.94559814 -43.81061614 -36.68533422 -25.31951523
 -16.57505638 -12.90891725 -10.36277787  -9.81453222  -6.44148943
  -9.94936866 -28.65382979 -44.01823982 -51.07049103 -56.66789496
 -55.29089246 -42.57152215 -22.96685706  -7.4761969   -8.58382442
  -9.02678273 -10.76251263  -6.7849103   -7.92267598  -5.43516046
  -8.27215938 -18.34240559 -29.57851957 -44.72260829 -58.57706242
 -51.30726667 -39.70847862 -31.59638898 -27.24011471 -17.01384594
  -7.27790214   1.71200713   6.2493386   -0.88771611  -6.42518176
  -2.40410901  -1.77131194  -8.53627069 -13.74280196 -16.44280779
 -15.55683189  -9.14135711  -4.55626139  -2.99079778  -1.74418     -6.10651412
  -0.18225781  -0.30323517  -1.68180136   0.25437099  -4.34599819
  -4.37310939   5.74354791   8.90185629   5.06415254   1.04681216
  -1.34642475  -9.69695633 -24.13055378 -21.28088219 -13.26310975
 -15.67965118 -17.35826365 -16.66292279 -20.11602344 -25.28976145
 -26.59267448 -23.05608442 -17.48685517 -20.93812424 -17.6935398
 -11.53212951 -15.82903754 -15.08271023 -20.65210746 -22.19077475
 -20.69391129 -26.57288528 -26.55560734 -22.42359144 -17.12276925
 -11.67772339  -8.28846504  -9.67562592 -13.81899371 -14.52300946
 -21.85658201 -28.04047767 -33.58399224 -37.62617226 -42.32578583
 -37.98978478 -34.28083845 -35.22718327 -49.63721734 -56.32922725
 -56.38591155 -58.5813054  -65.66552609 -69.05364205 -69.64954584
 -49.11070847 -29.42693585 -19.35176643 -25.50751162 -24.57991434
 -13.34013684 -12.01818105 -10.46533566  -0.4475924    1.17856874
  -1.66502763   0.69868463  -5.68042676 -12.5406116  -15.31743741
 -14.49570418 -12.4114635  -20.17796006 -20.3809756  -16.96469841],[  1.28104729e+00   1.82676227e+00   3.91838791e-01   1.00524842e+01
   7.48845283e+00   6.55021506e-01  -6.04281691e+00  -1.04332939e+01
  -1.24817836e+01  -1.25785581e+01  -1.46087108e+01  -1.50121132e+01
  -2.08692143e+01  -7.51769055e+00  -3.67938385e+00   4.91401999e+00
   1.10274732e+01   1.42876376e+01   3.37026968e+00  -2.47999374e+00
  -3.35116528e-01   4.27245343e+00   4.97700647e+00   1.13604237e+00
  -4.90781206e+00  -2.94549341e-02  -1.26972041e+00  -5.71851875e-01
   1.21991190e+00   7.04179193e+00   7.57027428e+00   1.14344367e+01
   1.28681224e+01   1.15470740e+01   1.50265106e+01   1.98326102e+01
   1.92673517e+01   1.64769602e+01   1.17454684e+01   1.45286868e+01
   1.46934571e+01   1.11918269e+01   8.75755283e+00   9.84241072e+00
   6.21978381e+00   3.05770198e+00  -1.84998006e+00  -8.61728363e+00
  -1.67100143e+01  -1.40312706e+01  -1.56270021e+01  -2.21916863e+01
  -3.05870557e+01  -3.24166164e+01  -2.89587641e+01  -2.52546041e+01
  -1.99383615e+01  -1.60374472e+01  -9.46410651e+00  -6.55775287e+00
  -9.69093343e+00  -1.47705518e+01  -2.84128890e+01  -3.33804868e+01
  -3.22150287e+01  -2.77515178e+01  -2.60456113e+01  -2.33978401e+01
  -2.02167576e+01  -1.51365158e+01  -9.41342220e+00  -8.04306886e+00
  -1.02256649e+01  -5.81080308e+00  -1.72974464e+00  -1.64182071e+00
   1.74774679e+00   4.33690066e+00   9.76056853e+00   1.45103325e+01
   1.25220500e+01   5.32124608e+00  -4.21452592e+00  -9.57322957e+00
  -1.34326541e+01  -1.39890735e+01  -1.64688226e+01  -1.74916733e+01
  -1.73640129e+01  -1.79078001e+01  -2.18758259e+01  -2.03030905e+01
  -1.50311041e+01  -1.59721598e+01  -9.96280584e+00  -4.62934423e+00
   2.25020697e+00   2.17847301e+00   3.32050549e+00   2.37284559e+00
   6.18731135e+00   5.89211744e+00   2.06841444e+01   2.32589067e+01
   2.20362489e+01   1.11854783e+01   1.05547856e+00   1.93174246e+00
   7.51877280e+00   1.21882503e+01   1.53096720e+01   9.73465787e+00
   1.31085028e+00   4.84489053e+00   6.72214111e+00   7.99308106e+00
   6.52238660e+00   7.31353555e+00   1.18141585e+00  -4.80447318e+00
  -4.67427946e+00  -1.28678860e+01  -8.17989522e+00  -8.06286158e+00
  -1.29076623e+01  -9.72423008e+00   1.43432193e-01   9.91203900e+00
   8.29883161e+00   3.93829191e+00   6.73935327e+00   3.69591458e+00
   1.45400799e+00   3.78182601e+00   4.55191365e+00   3.08069414e+00
  -1.27664876e+00  -3.54669986e-01  -2.91675155e+00  -6.30969244e-01
  -2.25173522e+00  -7.59102903e+00  -8.51976953e+00  -5.02771246e+00
  -7.31910520e-02   1.97818762e+00  -2.40186115e+00   1.97870585e+00
   4.96033683e+00  -1.61255712e+00  -8.20599209e-01   1.00251435e+01
   1.74378125e+01   1.77373854e+01   6.64599768e+00   1.44639478e+00
   2.02038777e+00   4.37460265e+00  -4.02280626e+00  -6.00353362e+00
  -1.59651426e+01  -2.06084367e+01  -1.60216739e+01  -1.48741379e+01
  -9.05140794e+00  -1.58077643e+00  -2.98682811e+00  -4.46105371e+00
  -9.56641237e+00  -7.31456804e+00  -6.30056735e+00  -1.15763613e+01
  -1.11330515e+01  -2.38089851e+01  -2.44152414e+01  -2.46352281e+01
  -2.27314021e+01  -1.21616771e+01  -1.05633751e+00   6.96846714e-01
   5.65271757e+00   5.33560630e+00   3.94633621e+00   1.08315679e+01
   1.36963234e+01   1.03615142e+01   1.21691720e+01   1.44459893e+01
   1.69976524e+01   1.48532783e+01   8.74386204e+00   6.50950689e+00
   7.42602112e+00   4.89399248e+00   1.79169514e+00   1.86798397e+00
   1.48161815e-01  -3.98937796e+00  -1.06072629e+01  -6.46141927e+00
  -1.49700785e+00  -4.76952492e+00  -9.78390939e+00  -7.27697223e+00
  -7.07056982e+00  -1.17494094e+01  -1.58017445e+01  -1.30265218e+01
  -7.34988251e+00  -1.12410871e+01  -9.76981552e+00  -8.54771916e+00
  -1.60989783e+01  -8.87186826e+00  -9.06023388e+00  -3.84159970e+00
  -1.06849109e+00  -3.93661207e+00  -3.15478209e+00  -4.24297903e+00
  -8.53597865e+00  -1.03164162e+01  -7.33142744e+00  -4.75130339e+00
  -3.32564868e+00   1.61052245e+00   3.87599509e+00   2.33014618e+00
   1.25945074e+00   1.77755774e+00   2.62635429e+00   2.05321305e+00
   2.69290328e+00   3.16871248e+00  -8.11796808e+00  -3.59006693e+00
  -2.96016540e+00   4.04186522e-01   3.80152040e+00   8.16542868e+00
   9.72964930e+00   3.96572275e+00  -1.87297456e+00  -1.65344560e+00
  -6.78766914e+00  -1.24940004e+01  -1.85761742e+01  -2.57790434e+01
  -2.42811338e+01  -2.04121226e+01  -1.48699093e+01  -1.33498202e+01
  -8.75516111e+00  -1.09903055e+01  -1.18234580e+01  -1.05660972e+01
  -3.86680027e+00  -3.78428163e+00  -5.80839562e+00  -8.25328936e+00
  -8.05645250e+00],[ -2.74092817  -3.53009485  -2.70831562   6.44130474  11.35650584
  12.91050933  10.57249066  12.4223306    4.6109158    0.97860868
  -1.85509182  -7.17351    -19.80005245 -18.52331975 -15.02075452
  -9.8856503   -4.24771986   5.30375827   6.27803739   8.12521668
  10.38230971  11.29095832   6.51468393   5.33664143   3.60680853
   6.32304649   5.39289182  -1.92546682 -17.70908511 -17.0840527
 -12.23960609  -1.76454763  -2.84449825  -6.21235608  -4.06732767
   3.14400223   4.60781409   0.1732142   -2.09112594   4.38143363
   6.54266306   4.66349519   1.52321226  -1.94722809   0.75238778
  -0.25411039  -2.47493002  -2.80739439  -9.04117779 -10.10881054
 -11.51531055 -20.48477428 -33.9178426  -43.94734417 -43.30146182
 -41.75020505 -41.20758939 -35.11654745 -29.06192146 -28.50293128
 -29.19752268 -26.9213361  -23.36802106 -23.40872412 -17.69683183
 -10.71609136 -18.43762568 -25.84170214 -21.31099137 -16.90417532
 -16.93127908 -17.9357056  -25.61735897 -22.48170146 -14.50738173
 -15.47019136 -13.15394251 -12.32282698 -14.84663297 -14.97983484
 -22.75396282 -29.1482962  -36.34616567 -39.35570675 -34.59730884
 -22.422703   -20.86586942 -20.07851978 -20.37387982 -19.98310918
 -21.62538016 -15.27640999 -12.00108386 -13.73106065 -13.23266054
 -12.34432146 -11.53566485 -14.66175607  -9.43737398  -3.47504964
   2.68680167   6.04761299   5.74026235  12.14053157  13.2668183
   7.37660475   1.58847388  -0.21604929   4.75958139   7.15552939
   4.06799003   2.1605285    2.75048957   5.49624691   7.69204216
   9.51454783   7.7622436    6.84613076  -0.37455169  -5.67924321
  -9.75699387 -20.83269507 -15.62422428 -17.52185793 -18.12767341
 -12.83778264 -12.63509652 -12.16671309 -13.19230482 -17.34338351
 -19.43855781 -14.54828416  -7.33419859  -3.5885651   -1.41938344
  -0.09739705  -7.20293877 -14.66376875 -12.22341052  -5.20446695
  -8.83524476 -13.20673319 -12.00713094  -6.38364801  -7.84387911
  -9.12105061  -9.18983366  -7.37396717  -8.71217427 -14.21365476
 -17.89316256 -13.93780056 -12.87844869 -17.8242616  -22.3123502
 -19.84738691 -18.32722758  -7.59148037  -6.94647649  -6.02234007
 -10.09198688 -10.62257176  -9.4117361  -10.36288273  -6.26772838
  -1.93986197   1.73080868   6.43896811   2.56084863  -4.0288033
  -8.35878468  -5.94861835  -3.81752184 -14.45802729 -16.99292599
 -21.47153827 -26.43183862 -14.02706394  -7.76350076  -0.67152532
   4.15477648   3.09438532   4.16527922  12.08155136  14.44500992
   8.11409332   3.52421805   9.00335128   9.5406975    3.87938434
  11.52793602  14.24271512   9.05151655   4.0515228    0.63053202
   3.77345997  -1.522825    -3.96146508  -0.46211873   6.75577387
   8.28723926   5.75134976   3.05992057   7.23956904  10.08780106
   6.28123789   7.87975983  11.30575403  12.55527564   7.9458655
   6.04473592   1.38620293  -3.55732651   8.10293157   8.89355902
  10.99113736  14.29788457  17.09891543  19.69477939  18.4798033
   5.41765857   1.36244488   1.88232088   2.63657642  -0.38906155
   8.20846843  18.61447057  16.43134149  13.42681491   9.45384467
  -1.01747126  -9.99852701  -7.96796386 -10.89851559 -21.69204583
 -21.12948063 -16.85682511 -11.85687064 -17.69689671 -22.76161991
 -16.76627697  -5.17740426   5.20569893   5.59204437   6.49922107
  17.80146089  15.03945465  15.44765556  19.37791737  11.74146967
   8.80778688   3.92534977   0.8939681   -3.88917791  -7.1166081
 -13.89348116 -16.9163877  -17.24179066 -15.94085941 -16.47786212
 -22.63018942],[ -4.17615666e+00   1.45257052e+00   1.54102823e+00  -3.01835676e+00
  -3.65302092e-03  -1.40061748e+00  -4.40274746e+00  -4.10482196e-01
  -4.86761683e+00  -6.01191337e+00  -2.22303756e+00  -7.77546936e-02
  -1.46113729e+01  -2.42643334e+01  -2.26677289e+01  -2.22926381e+01
  -2.89890400e+01  -2.47870428e+01  -2.05112415e+01  -1.65287733e+01
  -1.71578171e+01  -1.64476532e+01  -2.09066373e+01  -1.55556160e+01
  -9.52343153e+00  -1.62845691e+01  -1.61133509e+01  -1.61225434e+01
  -1.02157607e+01  -9.84423741e+00  -1.45938657e+01  -1.15168103e+01
  -1.18881298e+01  -1.43147796e+01  -1.46973824e+01  -1.24793594e+01
  -8.49290448e+00  -6.97843285e+00  -1.63134910e+01  -2.42938280e+01
  -2.25327262e+01  -2.43205076e+01  -2.81052418e+01  -2.77658598e+01
  -2.40071527e+01  -2.47258430e+01  -2.63433736e+01  -1.59244761e+01
  -1.47313628e+01  -7.99730358e+00  -4.26997904e+00  -7.59041433e+00
  -1.59217015e+01  -2.52958471e+01  -1.96912444e+01  -1.25212074e+01
  -1.53390751e+01  -1.71059054e+01  -1.49408644e+01  -1.58413210e+01
  -1.72731051e+01  -9.72118808e+00  -3.58595074e-01   1.05313250e+00
   1.34374481e+01   2.01611799e+01   1.20590915e+01   6.82521304e+00
   2.63553380e+00  -3.95759177e+00  -1.05726712e+01  -9.99766080e+00
  -8.99128583e+00  -5.62025585e+00  -2.19444257e+00  -4.20572854e+00
   1.54480035e+00   2.66592128e+00   2.51816326e+00   3.04525068e+00
  -2.78423770e+00  -1.69290949e+01  -2.46028507e+01  -2.15381292e+01
  -1.62643697e+01  -1.53510967e+01  -1.82319673e+01  -2.18127483e+01
  -2.81274253e+01  -3.51134496e+01  -2.70767108e+01  -1.87111731e+01
  -1.72383418e+01  -1.77586783e+01  -1.99177434e+01  -2.18956398e+01
  -2.03073919e+01  -1.64107142e+01  -1.62950891e+01  -1.42237748e+01
  -1.96465873e+01  -1.91249310e+01  -2.27927930e+01  -2.04643728e+01
  -2.48294934e+01  -2.20263253e+01  -1.75088845e+01  -2.04854887e+01
  -2.55564908e+01  -2.62163772e+01  -2.81989063e+01  -2.68760030e+01
  -1.47163451e+01  -5.07473176e+00  -1.30944045e+00   2.01170150e+00
   2.19279565e+00   5.29108657e+00   5.60216295e+00   7.85689806e+00
   4.74617806e+00  -1.43899122e+00  -6.57720000e-01  -9.35400478e+00
  -1.39396334e+01  -1.93466711e+01  -2.58111104e+01  -2.81750335e+01
  -2.94650925e+01  -3.18423471e+01  -3.26395904e+01  -2.84344838e+01
  -2.79804579e+01  -2.81494750e+01  -3.11875638e+01  -2.74383210e+01
  -2.94610831e+01  -3.60096855e+01  -2.69487713e+01  -1.42926014e+01
  -1.76080930e+01  -1.77560838e+01  -1.76874706e+01  -1.16164510e+01
  -1.34461056e+01  -1.86204990e+01  -2.22897641e+01  -3.19708899e+01
  -4.16534452e+01  -4.50352407e+01  -4.43916192e+01  -3.97814321e+01
  -4.30234476e+01  -4.19128844e+01  -3.63049945e+01  -2.15319978e+01
  -1.91234577e+01  -1.73967649e+01  -2.05877594e+01  -1.74527043e+01
  -1.78255370e+01  -2.24925656e+01  -1.78940033e+01  -1.28481856e+01
  -1.55078777e+01  -1.70223119e+01  -5.36371499e+00   2.73723847e+00
   5.22369343e+00   5.06897589e+00   6.75073548e+00   1.36288156e+01
   1.62663811e+01   1.13469947e+01   1.39902996e+01   1.28749949e+01
   2.86949935e+00   2.26743004e+00   5.58663822e+00   1.56538538e+00
  -3.91768686e+00  -3.16341186e+00  -1.07063750e+00  -5.51373420e+00
  -5.69586586e+00  -5.44020030e+00  -7.08033873e+00  -2.83358688e+00
  -8.92484447e-01  -9.47588753e+00  -1.78346844e+00   6.49391549e+00
   4.99501101e+00   1.97836336e+00  -8.83938032e-01   1.39111039e+00
  -6.31751856e-01  -3.29626728e+00  -6.35548932e+00  -4.55901846e+00
  -3.47084938e+00  -2.78640427e+00   1.06199180e+00   4.33980323e+00
   3.93634305e+00   2.89255418e+00   1.45251076e+00   4.55880171e+00
   6.85010959e+00   3.24894419e+00   2.69562815e-01  -6.33039568e+00
  -1.01125131e+01  -2.83575896e+00  -4.08780896e+00  -5.98258350e+00
  -1.02364742e+00  -4.55549840e-02  -2.91473328e+00   4.51075371e-01
  -4.59588168e+00  -1.37795090e+00  -1.32810960e+00  -4.45692858e+00
  -9.68858419e+00  -5.51433521e+00  -3.35005083e+00  -9.73984466e+00
  -1.46433938e+01  -1.99295328e+01  -2.76175923e+01  -3.12228663e+01
  -2.41055627e+01  -2.39163817e+01  -3.66562167e+01  -4.23303444e+01
  -4.25420961e+01  -3.73205015e+01  -3.87917057e+01  -3.64459649e+01
  -2.31904472e+01  -1.27066092e+01  -1.22437803e+01  -1.53300740e+01
  -8.22565050e+00   6.57766825e-01  -1.04196185e+00   1.09722312e+00
   6.95679873e+00  -4.68714009e+00  -1.25004056e+01  -9.66173322e+00
  -7.80783282e+00  -5.55264088e-02  -4.36952802e+00  -1.42253054e+01
  -1.49900838e+01  -1.39319724e+01  -1.44462449e+01  -1.94771998e+01
  -2.26822205e+01],[ -3.27768833   0.78834326   0.19640847  -2.28630743  -4.93069643
 -10.63568975 -15.94778971 -13.56197483 -15.58740417 -18.54730897
 -16.05881852 -14.15304125 -24.33882347 -26.44643623 -23.09484194
 -18.70230777 -17.24626904 -12.80326026 -12.53182537 -12.833791
 -18.07688772 -17.60077989 -16.87167631 -10.93584709  -4.61999207
  -9.32931785 -14.77324261 -14.79997811  -2.88893019  -3.03325422
 -11.36699146 -11.92990511 -11.58008471 -14.46701227 -14.7649998
 -18.06756363 -16.41900209 -15.81846434 -16.96989894 -22.98136277
 -23.00016783 -24.65379924 -25.59668556 -22.5730439  -21.68279014
 -25.76830947 -27.01350362 -20.69291523 -19.88426593 -13.60948547
  -8.52491791 -11.41441387  -8.86860791  -7.95735857  -2.129756
   2.68842622  -3.34967752  -5.79036462 -10.93718514 -16.94682874
 -18.38170035 -11.58001532 -12.49156064 -15.30287409  -8.73633329
  -8.1834898  -10.51119216  -7.8611118  -11.10009993 -11.48200073
 -17.17836912 -18.52875803 -21.28443763 -19.40016613 -15.48178544
 -16.39076101 -11.24662826 -11.55022662 -10.84066976 -13.30277864
 -15.90308629 -18.43372331 -16.55048897  -5.72236537  -1.56594346
  -6.53522342  -7.44343442  -4.68819187  -6.59580624 -13.27720419
  -9.74630324  -4.92230131  -8.70512854 -11.18399266 -10.5370262
 -10.28844562  -7.0692426   -1.36553609   2.76489354   8.20909643
  10.32144255   9.14733224  11.82678974   8.05436812  -1.86541765
  -5.98979413  -0.62972585  -2.0927037  -10.3986632  -17.80053473
 -16.35057039 -12.28624076  -7.62269811  -4.06667489   0.43628078
   2.13791608   1.58415469  -2.97276762  -1.40218641  -6.63227885
  -9.19290644  -8.8114947  -10.57471229 -11.10319703 -15.05762781
 -16.30253242 -16.29061034 -22.93710855 -25.03303578 -21.94379215
 -18.04851607  -9.10422072  -5.54015631  -3.61126651  -5.23305604
  -3.53676457  -4.829327   -11.30869812  -8.6939849   -2.84444871
  -0.09709665  -0.12281446  -4.41908172  -2.50898348  -1.73785685
   2.79854606   3.63610171   5.59449173   2.67562155  -2.46089627
  -2.67666302  -8.43445891 -17.33481254 -11.46038423  -8.21193353
  -2.2122236   -1.22767838 -12.13146348 -21.60040001 -26.9739609
 -24.29909867 -20.81234972  -9.99986737  -4.03787838  -1.87664816
  -1.73372306   0.70004582   0.39461686   3.91971954   1.20430043
   0.1835208   -4.42220117  -6.97511947  -5.33309292  -7.21471     -6.21967297
  -8.8972304   -6.2888678   -3.53521185  -9.67027275  -7.26743186
  -5.36035136  -1.4525321   -4.92216293  -0.45669298   5.43971426
   5.93969083   5.01619516   2.2708769   -4.28048543  -4.50834181
  -0.2380294   -0.89350326  -3.30351111  -1.4022438    4.17721599
   6.28865197   5.56803302   5.62496302   6.11188544  -1.8409899
   0.6197874    6.46981263   5.20591572   2.41094794   3.76832179
   4.75511703   6.86425906   7.91177218   2.35786116  -1.27092879
  -7.0008782   -8.77662864  -2.48090083  -5.90048194 -10.28229604
  -5.68428491  -6.74690324  -8.44110241  -4.7388842   -7.67864539
  -5.51289586  -6.7679273   -8.13134264 -10.99744939  -9.83689151
  -8.17504751 -15.98634428 -19.13622794 -20.09371619 -19.66703419
 -20.5549805  -18.30327563 -19.40505119 -25.79350167 -30.08674295
 -33.64382851 -31.24803161 -23.63321217 -23.96755828 -19.94426498
 -17.90078152 -17.75491259 -18.02530439 -16.02480891 -17.81253308
 -15.78701298 -13.188149   -10.1836043  -16.78578102 -19.92575784
 -14.39650025 -17.54098153 -18.58964301 -21.13166265 -17.63482326
 -18.32523976 -16.59402996 -12.65768189 -19.34013999 -16.21308004],[  2.01245102   5.27942152   4.69792586  -0.56364009  -1.88656988
  -5.20936467 -11.2060808  -10.37290209  -6.60493977  -7.58090413
   1.13287548   4.27285692  -0.07855971  -1.82427355   5.13772243
   6.53706523  -3.20040989 -10.23863351 -13.63033809 -14.40345649
 -14.50314287  -9.71899571  -2.64651762   2.49217327   6.05875995
   2.76896665  -5.92485318  -6.84286002  -0.83062719  -2.45970541
  -4.98767401  -1.45504504  -1.23305522  -0.41876937   2.04448383
   4.55989398   6.40068667   3.65420869  10.99824891  11.7701068
  10.03700404   4.38411544   0.45048416  -2.59579279  -1.34813752
  -5.47912151  -7.9355492  -13.17729799 -17.41936091 -17.38185495
 -13.66704598 -16.143777   -11.85470341  -8.66540365  -3.95556904
  -4.67515869 -13.50892182 -12.70179488 -11.94887364  -7.19827421
  -3.24806589  -2.7897632   -4.94714693  -5.42246305  -0.62608579
   0.37563158   1.64661534   3.6156337    6.14258353   5.24880305
  -1.65413955  -8.01218531 -13.08433627 -14.08315777 -15.99803712
 -19.08090888 -17.18950428 -13.6166176   -9.00670679  -4.98267711
 -10.65287425  -5.55788911  -1.5940266   -1.78256347  -2.14594966
   3.2275256    8.68929764   9.60860869   2.85581898   2.51625162
   6.26163788  10.31656201   3.81035689  -1.46846297   1.1303658
   0.45939518  -3.54281179  -5.52188992  -4.78516464  -3.36223747
  -1.09863745  -0.08697597  -0.15752032  -0.45994457  -2.23093563
  -5.81266485  -0.65820111   5.41702808   4.4677458    1.62514646
   8.7380574   15.6052886   19.27848361  14.93739337   3.98147316
  -2.24935227  -1.77594719   0.88931696  -0.50591761  -9.59524866
  -9.28765981  -5.8400494   -4.82055928   1.54848466   0.4890321
   2.28531545   7.2633841    3.44358064  -3.27574112   1.20755145
   7.67821801  16.8442754   18.76197089  17.69730583  19.48898732
  20.09076834  15.83430275   7.41019598   5.20714358   7.49954545
  11.41268969   9.97453244   9.47296992   7.47813124   5.87737297
  11.42315576   0.40910608  -3.7328527   -4.10270192   1.49430721
   1.49617761  -8.88428993 -21.63616225 -23.73842198 -25.38845978
 -22.8989917  -14.38796517 -11.79988131 -10.22827905 -12.00167883
  -8.50315712   1.45926421   2.44564077  -5.27503066 -11.41951168
 -12.79159415 -16.63314029 -19.675659   -13.64019511  -8.09269889
  -5.68717334  -7.66275667  -8.32738887   1.17671835   1.59676012
   3.57993515  -0.77910496  -0.84722634  -1.51793986  -4.12780658
   3.41811044   5.17868449  -0.55055903  -1.84523307   6.36134411
   3.00527272  -0.32480513   0.60113648  -2.4733356   -3.01471008
  -3.34569865  -7.0330039   -8.25331906  -9.13802839  -7.35633286
   2.15270114   1.36151868  -3.228005     0.71121501  -1.10139486
 -12.17981294 -13.20915729  -6.93741062  -3.68547086  -5.55514507
  -8.0328006   -3.41141163  -2.40358388  -2.85028527  -4.9182415
  -9.19846108  -9.6363501   -4.59108638   1.57063601  -2.21914151
  -2.28070586  -0.41097909  -2.29505868   2.07450169   5.20445515
   1.62525276  -1.18483959  -5.55842374  -1.40591873  -4.48761752
  -3.44823402   7.32383452   4.31642678   1.52366679   3.87250504
  -3.02216872  -4.78882414  -1.76964682  -4.63756208  -6.88540262
 -10.73553406 -11.63469802 -13.64433718 -10.30157652 -12.51940753
  -6.91466507  -3.17243342  -0.53481629  -0.89658342  -4.43417984
  -7.98919065  -2.59022493   1.10502818  -1.12078838  -1.23376358
   0.56755566   0.62384301  -2.45439793  -1.27191816  -0.68771636
  10.26771035  11.39610767   8.8245093   13.58885594  10.65759989
  10.82249911],[ -9.60790154e-01   4.65348040e-01  -8.54764958e-01  -8.85742712e+00
  -1.36517812e+01  -1.45394893e+01  -1.82554953e+01  -2.50095210e+01
  -1.81426764e+01  -1.47139155e+01  -9.78836705e+00  -7.39674167e+00
  -7.32030241e+00  -3.81044840e+00   5.88652430e+00   9.40649076e+00
   1.14423600e+01   6.68932591e+00  -4.18592456e-01   1.00186372e+00
   5.24798432e-01   2.86246775e-01   4.92200187e+00   7.65649361e+00
   6.58338671e+00  -3.65769788e+00  -9.06041005e+00  -1.97293534e+00
  -1.03282265e-01  -2.35398481e+00   2.31376135e+00  -4.07721465e+00
  -8.83632938e+00  -9.05903805e+00  -6.80970784e+00  -5.92961736e+00
  -6.49767016e+00  -8.12382597e+00  -3.28804249e+00  -4.07980708e+00
  -9.34225913e-01  -2.76742652e+00  -1.66925391e+00  -1.58799807e+00
  -1.41798954e-01  -3.80976380e+00  -1.13815176e+01  -1.89266783e+01
  -1.92100614e+01  -1.71537666e+01  -1.63687855e+01  -2.42276953e+01
  -3.12685357e+01  -3.25682990e+01  -2.94192232e+01  -2.78027501e+01
  -3.13663181e+01  -3.08598577e+01  -2.86554095e+01  -2.61072622e+01
  -2.70876250e+01  -2.67694531e+01  -2.55689404e+01  -2.28730537e+01
  -1.66882821e+01  -1.51431355e+01  -1.55196578e+01  -1.69435812e+01
  -1.03861296e+01  -9.01087958e+00  -9.18646393e+00  -1.08423946e+01
  -1.47295280e+01  -1.33713471e+01  -1.07215881e+01  -5.88117123e+00
  -9.29278003e+00  -9.97279163e+00  -8.15710640e+00  -5.13222072e+00
  -1.07027184e+01  -9.38787388e+00  -7.25379674e+00  -6.22541626e+00
   2.12945671e-01   3.72928958e+00   3.99923448e+00  -1.07382342e+00
  -8.61324036e+00  -1.07162896e+01  -1.69317209e+00   2.37136737e+00
  -2.18397259e+00  -8.53979047e+00  -1.10181953e+01  -1.38197575e+01
  -1.49647005e+01  -1.16330878e+01  -1.28209029e+01  -1.52088628e+01
  -2.18995535e+01  -2.07240851e+01  -2.98439684e+01  -3.42999422e+01
  -3.23034645e+01  -2.33243527e+01  -1.73386301e+01  -1.29600210e+01
  -3.48222604e+00  -1.67647271e+00   6.79668495e-01  -1.88058052e+00
  -8.13124300e+00  -1.23282021e+01  -1.71619633e+01  -1.59706745e+01
  -1.02381068e+01  -4.53381447e+00  -7.46939604e+00  -1.52021422e+01
  -1.66125772e+01  -1.60458007e+01  -8.56148832e+00  -1.18222740e+00
  -2.88122658e+00  -7.86965193e-01  -4.49703615e-01  -5.12406696e+00
  -6.89376218e+00   2.71537142e-01   7.52956947e+00   1.57985486e+01
   1.47379852e+01   1.29537771e+01   1.21904541e+01   1.20259411e+01
   8.77999323e+00   3.10747371e+00   3.63002400e+00   1.21381410e+01
   7.50400714e+00   3.24244782e+00   6.32756421e+00   7.35087648e+00
   9.03521801e+00   1.28707864e+01  -7.65541185e+00  -1.48315055e+01
  -1.25960418e+01  -1.41414366e+00   2.45315705e+00   4.48133241e+00
  -1.21038519e+01  -2.85162250e+01  -3.93575814e+01  -3.68696380e+01
  -3.04007141e+01  -3.00304934e+01  -2.77209847e+01  -2.17210598e+01
  -2.22407130e+01  -2.73873810e+01  -2.95556677e+01  -2.83157694e+01
  -2.30753399e+01  -2.47927263e+01  -2.77914387e+01  -2.62774952e+01
  -1.42081737e+01  -9.80670042e+00  -1.06494957e+01  -1.46095679e+01
  -1.87796119e+01  -1.59865242e+01  -1.08998421e+01  -9.48984302e+00
  -1.07135135e+01  -6.70302887e+00   4.24734609e+00   1.15049287e+01
   1.46777200e+01   1.37722499e+01   4.54544802e+00   2.27344200e+00
   1.03216495e+00  -8.73121592e+00  -1.05307525e+01  -9.39904137e+00
  -3.22707959e+00  -2.48588091e-01  -1.49908868e+00  -6.49920824e+00
  -3.79710318e+00  -2.99368730e+00  -3.88666877e+00   1.33133754e-01
  -3.91996129e+00  -5.38242876e+00  -6.69967740e+00  -1.07303353e+01
  -1.22175336e+01  -1.29551484e+01  -8.24256030e+00  -3.99461915e+00
  -6.10351160e+00  -1.08199029e+01  -7.93191429e+00  -6.40918347e+00
  -3.76706655e+00   2.48340376e-01   1.21337058e+00   2.73746909e+00
   4.81593218e+00   1.28570001e+00  -3.81076360e+00  -2.95917798e-01
   8.21618023e-01   3.46407788e-02   1.25402993e+00   5.31582931e-01
   3.66372850e-01   8.12090288e-01  -3.85095511e+00   9.38231356e-01
   4.24934646e-01  -1.33476275e+00   5.92495706e+00   6.75741501e+00
   6.62450710e+00   5.62845177e+00   2.15011987e+00   2.54927327e+00
   4.59916573e+00   7.42591317e+00   6.43455087e+00   7.31475030e-01
  -2.58386840e+00  -5.40538563e+00  -4.56609036e+00   4.09592504e-01
   5.94633403e+00   2.90632968e+00  -2.39056201e+00  -4.57013219e+00
  -6.41488519e+00  -1.10174226e+01  -1.16582356e+01  -1.39809824e+01
  -2.06705124e+01  -1.98854338e+01  -1.73895594e+01  -1.11923641e+01
  -1.48866232e+01  -1.63211285e+01  -1.76282800e+01  -1.39518032e+01
  -8.48347656e+00  -4.19965118e+00  -1.72766468e+00  -2.27281595e+00
  -1.40990894e+00],[ -1.19197441e+00   3.48619342e+00   5.91836622e+00  -8.15783504e-01
  -7.59640402e+00  -6.65417295e+00  -7.43175433e+00  -1.11317656e+01
  -5.44760113e+00  -1.03515412e+00   2.35187385e-01  -2.11165730e+00
  -2.43594725e+00   6.55611092e+00   1.32386473e+01   6.19760064e+00
  -1.36214859e+00  -1.78826870e+00  -1.20588780e+00   3.87046845e+00
   7.97124476e-01  -6.66238382e+00  -3.37836764e+00  -3.47408278e-01
   1.08414195e-01  -3.85839050e+00  -5.60711207e+00   2.63286520e+00
   6.34657545e+00   3.46926619e-01  -6.47576401e-01  -6.88450944e+00
  -1.19841989e+01  -1.19929387e+01  -9.78637037e+00  -7.45126347e+00
  -7.72763642e+00  -1.36427753e+01  -1.68468051e+01  -2.14451004e+01
  -2.07444557e+01  -2.42670923e+01  -2.06918488e+01  -2.09585816e+01
  -2.22306998e+01  -2.03038541e+01  -1.96965551e+01  -1.81599918e+01
  -1.10340369e+01  -6.72576125e+00  -6.93079641e+00  -1.05047720e+01
  -1.88528992e+01  -2.14477653e+01  -1.45847485e+01  -1.23631299e+01
  -1.31739017e+01  -1.45684494e+01  -1.91702521e+01  -2.33698868e+01
  -2.44510423e+01  -2.33808365e+01  -1.64308796e+01  -1.28673545e+01
  -1.01246098e+01  -5.78432133e+00  -3.36234294e-01  -3.53612433e+00
  -1.22684513e+00  -5.18652791e+00  -6.27781468e+00  -6.44891858e+00
  -9.00063928e+00  -9.05606064e+00  -5.01802958e+00   9.82592844e-01
  -5.33091509e+00  -7.97920204e+00  -1.01623911e+01  -1.01079552e+01
  -1.45123321e+01  -8.38363945e+00  -1.73592675e+00   3.96115118e+00
   3.88413908e+00  -2.14965341e-02  -6.42476272e+00  -1.00021379e+01
  -1.33016856e+01  -1.02051954e+01  -4.72435000e+00  -3.06512499e+00
  -4.46145386e-01  -1.08967267e+00  -9.36429474e+00  -1.41350516e+01
  -1.53276292e+01  -1.72322943e+01  -1.83938436e+01  -1.46093624e+01
  -1.14678920e+01  -1.13812169e+01  -1.80861325e+01  -2.39909972e+01
  -2.44550770e+01  -2.02820925e+01  -2.01394879e+01  -2.30140007e+01
  -1.43227528e+01  -1.32921509e+01  -1.47303250e+01  -1.92158090e+01
  -2.85259740e+01  -2.80475249e+01  -2.75043229e+01  -2.56477547e+01
  -1.60932450e+01  -1.22128724e+01  -1.78015064e+01  -1.03308564e+01
  -5.88529103e+00  -9.82381549e+00  -8.10597587e+00  -8.13580551e+00
  -5.04214031e+00   3.11464912e+00   8.06528779e+00   3.78321292e+00
  -3.54533618e-01   1.11363664e+00  -2.47192117e+00  -4.81447577e+00
  -9.19183809e+00  -1.14992657e+01  -8.15886034e+00  -8.04026801e+00
  -7.16828653e+00  -6.96439087e+00  -4.41869205e+00   4.25599570e+00
  -1.37967250e-01  -4.63172848e+00  -1.63686691e+00   2.01492045e-01
  -1.08156312e-02   3.75944349e-01  -1.30528155e+01  -1.28739613e+01
  -1.12162601e+01  -1.12940662e+01  -7.12147193e+00   2.90953970e+00
   2.37117325e+00   7.07521685e-01  -9.29118864e+00  -1.51167547e+01
  -1.89632580e+01  -2.04271559e+01  -1.84310893e+01  -1.00941700e+01
   4.59359767e-01  -1.55413394e+00  -6.34019805e+00  -7.86570196e+00
  -5.36149649e+00  -4.28711699e+00  -6.24548505e+00  -1.36023708e+01
  -1.79208271e+01  -1.60360215e+01  -1.00217059e+01  -6.04643019e+00
  -1.03078088e+01  -5.99208373e+00  -5.89234876e-01  -6.81662810e+00
  -4.62974021e+00  -1.72816668e+00   1.67437012e+00   1.21872815e+01
   1.29415144e+01   9.24957150e+00   1.01834967e+01   1.30979592e+01
   5.94758312e+00   3.93538497e+00   2.66132163e+00   7.25389199e-01
  -6.49991520e-01  -3.89037503e+00  -3.01259264e+00  -3.92970367e-01
   2.34229456e+00   2.23005222e+00   2.35264555e+00   2.99286773e+00
  -7.09730741e+00  -2.00273859e+00   8.63560004e-01  -1.12600475e-01
  -2.72172877e+00  -3.09015332e+00  -3.17482149e+00  -5.60177202e+00
  -7.14868353e+00  -6.79904009e+00  -1.02266397e+00  -1.94185136e+00
   3.28762948e+00   1.14027085e+01   1.48551518e+01   1.04162541e+01
   7.00228143e+00   1.34551412e+00  -6.57465592e+00  -9.36941603e+00
  -6.41234668e+00  -1.84652778e+00  -6.21034963e-01  -3.56240044e+00
  -3.50554966e+00   1.33394400e-01  -2.96069782e-01   1.54900236e+00
   1.15206040e+00  -4.55491506e-01  -2.03595300e+00  -7.02727310e+00
  -9.68083395e+00  -1.45574404e+01  -1.04416657e+01  -9.80066936e+00
  -1.15622554e+01  -1.28916436e+01  -1.51304480e+01  -1.45951633e+01
  -1.32376725e+01  -1.19620725e+01  -1.48268637e+01  -2.04283936e+01
  -2.50585299e+01  -2.34910106e+01  -9.76707653e+00  -4.02121708e+00
  -2.20908445e+00   2.77956191e+00   1.82369512e+00  -1.89601882e-01
  -2.61544840e+00  -4.04007944e+00  -9.32524287e+00  -7.06229489e+00
  -4.27291001e+00   1.56044626e+00  -4.05774640e+00  -8.30531322e+00
  -8.40868145e+00  -1.11194649e+01  -1.45975615e+01  -1.60118316e+01
  -1.68791027e+01],[  3.16022825   3.62498134   2.58231688  -9.01620705 -12.68950052
  -8.09091978 -11.29269582 -12.6150203  -12.1311229   -8.15574673
  -5.17107414 -10.54919666 -17.23621381 -14.11118308  -8.27045025
 -10.39234693 -10.25905307 -10.67447145 -11.1810156  -10.28704285
 -12.01586697 -14.28322974 -13.00313982 -11.12710491  -9.10168114
  -6.73909094  -4.03936622  -1.089718     6.12409426   0.03721161
  -8.5582212   -5.14644379  -5.09172612  -3.99343412  -2.30484452
  -1.43583537  -1.16214688  -2.72948391  -4.52359162  -1.22705291
  -1.5776195   -9.42452341  -8.02979055  -9.25791632 -10.15395095
  -7.53682861  -6.82496657  -3.02688685   1.83707029   5.48105095
   7.37961391  13.28063598   9.14881419  -0.92667703  -0.19701685
  -4.51595461  -8.47283338 -12.08318073 -12.81278355 -16.26677557
 -19.29672457 -24.40001769 -23.29016744 -16.61220865 -19.98563465
 -17.79458229 -11.38664971 -16.24597763 -17.65400915 -19.64489332
 -15.4103022   -9.02162537  -4.54073959  -3.39418764  -2.73944845
  -0.14577397  -3.9836461   -5.34949616 -10.14588357  -5.85171029
  -3.91682138  -3.21320829   0.77254557   4.33052112  -0.8311366
  -9.37679078 -10.57411478  -9.03822924  -7.82767489  -9.64165917
 -11.37468278 -15.94414013 -14.29687471 -13.71268795  -9.78169134
  -7.21066535  -8.35121818 -12.70543594 -18.37235769 -23.53706046
 -22.44625353 -16.11517257  -7.39383846   1.01506924   2.51883198
   3.84584803   4.01253736  -1.01453859   0.5882589    1.23745776
   5.69508449   4.55061674  -0.74147387  -0.5785651  -11.1211272
 -20.43902157 -17.74076992 -10.39310614 -12.88752087  -8.0176342
  -3.96115292  -7.35567884  -8.36687993 -12.85692905 -14.22755983
 -11.6168013   -3.52994434   3.47792959   2.25815009   6.14733884
  11.57747821  10.54538302   3.97155387  -7.61316268  -8.75215671
  -4.58731768   0.79504977   2.16717589  -1.52646779  -4.18467016
  -9.46974647 -12.70211144  -7.86667245  -9.14923085 -14.87377226
 -13.69518219 -13.81075729 -14.52067394 -13.16359    -16.48439709
 -18.21237429 -16.72751577  -9.8468148    0.5653871   -3.54773416
  -7.64828135 -16.35810411 -19.37718586 -20.0455531  -19.96986545
 -16.06691648  -9.41203105  -7.30106794  -4.35155167  -2.83110075
  -4.92180299  -3.28486141 -12.77637521 -20.81707121 -16.35423001
 -11.06806535 -13.81741644 -13.66357604  -4.9133864   -0.26923479
  -5.5753945   -6.93596995 -11.37535561  -8.96133905  -0.92838153
   4.69633419   2.36180728   0.46665319   3.74588638   4.72900382
   9.45665745   4.84770846   1.73973342  -0.77898636  -1.07305651
  -2.27245445   3.38754202   3.81449302  -3.01387888  -3.44257087
   1.52708608  -9.41832541  -5.84952512   0.06703859   1.52579848
  -0.45940432  -5.23304502  -9.06057221  -9.44713025 -11.00687862
  -9.56957212  -6.41264385  -9.3556361   -1.97876151   7.9878997
   6.04830332   1.54567362   2.30016704  -1.25243673  -8.07063222
 -14.46033837 -11.21257812  -7.92332058  -5.73337586  -9.02876131
  -9.36982689  -4.71877858  -0.60416044   1.26225135  -3.1562204
  -3.42993427  -5.59009177  -8.53111549 -10.94653652 -15.54246345
 -11.26912048  -8.70547985  -7.63768385 -12.36780219 -14.46295102
  -8.81135645  -3.43787736  -1.13926715  -1.96718775  -2.86784464
  -2.27899372  -9.75743152  -9.87080978 -13.56705796 -14.56790275
  -2.64665453   5.47837512   8.99275895  11.73326486   5.67408299
  -4.27286029  -7.12767637  -1.21230465  -2.00580064 -13.91124695
 -20.38677001 -18.36313827 -25.45413028 -21.93480433  -9.75182997
  -6.00343109],[  1.19246835e+00  -1.19408059e+00  -2.54739339e+00  -4.83742133e+00
  -2.81647232e+00  -1.26378577e+00  -7.23090745e+00  -6.13957539e+00
  -6.07982553e+00   2.17787464e+00   4.31540671e+00  -6.33753254e-01
  -1.14988823e+01  -1.55604301e+01  -1.27978323e+01  -1.21079720e+01
  -3.86450302e+00  -1.17190909e+00  -1.05444880e+01  -1.49390868e+01
  -1.74248797e+01  -1.21527696e+01  -9.12349009e+00  -7.39850282e+00
  -6.73267591e+00  -1.00311406e+01  -7.13682460e+00  -8.80916917e+00
  -1.12512270e+01  -1.33467574e+01  -1.72143704e+01  -1.41493251e+01
  -1.28308745e+01  -1.21002404e+01  -1.34536443e+01  -1.41389276e+01
  -8.65805725e+00  -7.27204718e+00  -9.92659695e+00  -9.12782120e+00
  -8.14201892e+00  -9.44161227e+00  -5.56635428e+00  -6.83627839e+00
  -1.04525761e+01  -1.35723355e+01  -1.77831939e+01  -1.87808314e+01
  -2.00516999e+01  -1.93897997e+01  -1.40658812e+01  -1.07676624e+01
  -7.19221723e+00  -4.30731349e+00   1.48530249e+00   2.16715586e+00
   5.21712444e+00   1.93577451e+00   5.47090627e+00   4.50793109e+00
  -3.28096289e+00  -7.37783838e+00  -9.52260613e+00   5.66217873e-01
   9.01627806e-01   2.42687699e+00   2.07057333e+00  -4.68924121e+00
  -1.26342074e+01  -1.31265348e+01  -7.27206021e+00  -2.82883318e+00
  -9.88988996e+00  -7.23342727e+00  -1.55982574e+00   2.26875366e-01
  -3.03191076e+00  -4.92282689e+00  -6.34808106e+00  -6.74815489e+00
  -5.15826006e+00  -9.00327313e+00  -5.62192640e+00  -4.73789359e+00
  -1.17323540e+01  -2.13239681e+01  -2.28484959e+01  -1.78386829e+01
  -1.27859841e+01  -1.00061417e+01  -9.65751869e+00  -8.96907749e+00
  -6.26244659e+00  -5.30830451e+00  -3.75806289e+00  -3.67130008e+00
  -5.09470784e+00  -6.56632664e+00  -6.45007092e+00  -1.19697648e+01
  -1.69745186e+01  -1.35325647e+01  -9.75830447e+00  -5.29172433e+00
  -9.75794855e+00  -4.64777239e+00  -9.62987665e-02  -7.59947367e+00
  -6.71971724e+00  -7.62586623e+00  -8.64284900e+00  -8.16762346e+00
  -7.21446755e+00  -8.50304343e+00  -1.27297565e+01  -1.22558274e+01
  -1.43467633e+01  -8.18930795e+00  -6.04218913e+00  -7.22766577e+00
  -6.55989579e+00  -3.79200409e+00  -3.97179457e+00  -6.67525565e+00
  -1.15927527e+01  -1.43642933e+01  -1.77416320e+01  -1.93660773e+01
  -1.09551421e+01  -2.37654863e+00   1.66430619e+00   4.94979808e+00
   4.48399881e+00  -4.35787673e-01  -1.40035626e+00  -4.48999259e-01
   1.15945776e+00   4.92096210e-01  -8.75941349e+00  -1.58000502e+01
  -2.06095131e+01  -1.79201849e+01  -1.46691599e+01  -1.75261923e+01
  -1.92923228e+01  -1.43110773e+01  -6.92325902e+00  -5.04820509e+00
   9.74972683e-01  -9.34299949e-01  -8.32764822e+00  -1.26163961e+01
  -1.29209878e+01  -1.36496414e+01  -2.01141502e+01  -2.20392703e+01
  -2.99846928e+01  -2.67603832e+01  -2.38005483e+01  -1.16497891e+01
  -1.82483368e+01  -1.86808608e+01  -1.21530999e+01  -7.25964494e+00
  -9.16368990e+00  -1.40151722e+01  -1.27839558e+01  -1.13288934e+01
  -1.56403463e+01  -1.44809495e+01  -1.25039924e+01  -1.81489327e+01
  -9.49128829e+00  -2.99885922e-02   2.16513630e-01  -1.37983032e+00
  -6.28809272e-02  -7.20996994e+00  -1.26094346e+01  -7.16814244e+00
  -7.00596651e+00  -9.09406082e+00  -1.44797592e+01  -1.34433893e+01
  -8.47687206e+00  -5.30399428e+00  -8.64861661e+00  -1.11732902e+01
  -3.01794608e+00   5.63292062e+00  -4.19273478e-01   7.35686120e-01
   3.03186562e+00  -1.71127810e+00  -1.78271257e+00   1.94472520e+00
  -6.48083596e-01  -1.49437161e+00  -6.22950784e-01   2.74736562e-01
   2.54125544e+00   5.74268200e-01   1.57314541e-01   7.19218011e-01
  -1.96490467e+00  -2.79976929e+00  -4.99425587e-01  -1.14553906e+00
   9.37737869e-01   3.18192008e+00   3.45392717e+00   2.30986484e+00
   4.15448963e+00  -1.12718883e+00  -3.50990080e+00  -7.90196731e+00
  -3.53047150e+00  -1.25464920e+00  -7.20362051e+00  -1.30211404e+01
  -1.42031583e+01  -1.02967838e+01  -4.47465751e+00  -1.90901607e+00
  -7.18928678e+00  -9.60009835e+00  -8.49808383e+00  -2.10403844e-02
   4.05641717e+00  -9.28091590e-01  -8.88509785e-01  -1.18716165e+00
  -4.27467645e+00  -7.71202237e+00  -1.09939935e+01  -9.28848757e+00
  -1.19676439e+01  -9.74861754e+00  -1.78162636e+00   3.56526584e+00
   4.94411147e+00   3.73593747e+00   1.54626649e+00  -2.65141973e+00
  -4.40275015e+00   1.84801643e+00   5.42285670e+00   9.07676710e+00
   1.37127746e+01   1.37863758e+01   7.05351431e+00   4.18769834e-01
   2.70768786e+00  -5.17784943e+00  -1.32589551e+01  -2.18903569e+01
  -2.55770054e+01  -2.51347378e+01  -1.53798278e+01   3.47008783e+00
   1.21476656e+01],[ -1.37071609  -6.52473976 -10.16502143 -12.60487963 -18.19901456
 -21.82376762 -21.76155696 -17.46139624 -20.99077489 -14.16936443
 -10.96989878  -7.9045004   -9.56141614  -8.7712342   -6.32899435
 -11.02325271 -14.14677112 -15.76340242 -18.20153871 -19.17107544
 -21.06998284 -18.15688546 -10.4163451   -4.80229645  -3.25170572
  -6.16936238  -8.0181812  -10.73876067 -15.54833432 -17.91797302
 -16.82114111 -22.28392834 -24.47892368 -21.61227741 -17.21774512
 -13.63236744  -8.82522149  -9.61444723 -14.14536268 -15.64266282
 -13.07168474 -13.54349248 -10.70987809 -11.98716114 -15.85696796
 -16.3617534  -14.79869035 -17.30646929 -18.71791588 -21.96172527
 -25.86373007 -25.65981093 -20.8147854  -18.93996761 -12.26399453
  -7.11203129  -6.06502669  -7.13829386  -2.2816975    3.07762553
   1.97957171   8.05205708   5.88728139   0.17866278  -4.11636363
   2.35675921   4.93380955   2.46754865  -4.89948134  -6.28523818
  -6.46124048 -10.22687353 -12.35640637 -11.52344244  -9.33391038
  -5.55211958  -8.58454619  -6.61438131   1.66378287   2.24781575
   2.29752706   5.66192385  12.13285387   9.94600953   2.13243876
   3.00318481  -1.39270743  -0.45501964   3.04812457  -0.33694714
  -8.47252147 -12.58443362 -14.55723853 -10.2934757   -8.20920274
 -11.06265472  -8.52224253  -1.33027637  -0.44279489  -3.24685262
  -3.1136086   -1.79629363  -5.54422786  -8.88374981 -15.72626335
 -17.71931703 -14.05755249 -14.08863724 -16.04640495 -17.87747939
 -19.11236833 -12.07261146  -4.30406252  -2.90522263  -1.55796488
   1.3328787    1.65468621   7.03461955   1.69022211  -3.20890525
  -3.98558652  -0.87148821   0.08108925   1.05278603  -1.49214884
  -6.03169968  -8.75374382 -11.02461522 -11.17268906  -8.45009567
  -9.52664082 -16.09106369 -18.05916833 -21.03991665 -18.71236002
 -21.64354408 -18.66373974 -16.12678205 -16.40675082 -15.91350395
 -16.57304039  -8.47460448  -6.61363324 -11.21561522 -10.67057211
 -11.84512856  -7.70391643  -8.8347432   -7.56554036 -10.74821707
 -10.4160166   -8.16849097  -2.75330819   2.22527166   5.63966108
   7.08630362   2.40546074   2.35545339  -5.13032059  -5.70908379
  -7.71894763  -7.23069311  -6.82461921  -9.64225985 -13.96268506
 -15.2884059  -13.47829277  -5.92496266 -15.63561907 -12.57895286
  -7.47764253  -6.63561364   1.1359978    0.97604144  -5.37416301
  -5.3921801    0.58913722  -0.53046142  -1.65039942   1.82253973
  -0.8585102   -2.82671519  -4.5502902   -5.59152165  -7.55419663
  -7.35818764 -11.55027265 -13.36130819 -12.78139976 -11.07353557
  -8.89088091  -5.54990821  -4.0711291    2.0814373    3.68615835
   0.05484796   0.13988715   3.93086093   4.91695396   1.24129687
  -3.85667618   0.07298682   4.5850408    3.19462614   2.13755242
   1.69487932   7.14457922   3.42383405  -2.33038683  -5.81407979
   2.95532157   0.63451151  -1.0051752   -1.57265699  -0.39103185
  -3.45400879   2.5972544    7.53708583  -1.09270767  -4.804097
  -6.55563588  -4.62886589  -0.85430253  -0.64602313  -6.69651718
  -6.80655338  -4.00438543   3.82798553   5.08250479   2.76583015
   0.96646011  -3.14519486  -5.64553486  -7.56439566 -15.58027298
 -12.0841362  -15.67573967 -16.10308004 -12.90966365 -16.12782497
 -24.09501101 -27.13354622 -14.33449436  -9.46389086 -12.03930836
 -14.0629249  -16.6057576  -16.2535135   -9.71230291  -1.7364685
   1.34925261  -6.42260227  -6.34251372  -7.79979678  -9.12589023
  -9.01961305  -3.30018868  -2.11855088  -9.51568092  -7.13571655
  -2.97713954],[ -1.06144533e+00  -4.84972152e+00  -4.35424677e+00  -4.70491251e+00
  -6.71190337e+00  -1.07863297e+01  -9.73186888e+00  -7.32094542e+00
  -7.19119652e+00  -4.86490591e+00  -5.58055264e+00  -6.21464264e+00
  -8.37998005e+00  -8.15311625e+00  -9.43723687e+00  -1.31827626e+01
  -1.33287757e+01  -1.05999938e+01  -5.10572796e+00  -3.47132151e+00
  -3.13696888e+00  -6.58685562e+00  -4.79748354e+00  -7.44737382e-01
  -3.79728884e+00  -4.23222247e+00  -5.85130080e+00  -8.76489296e+00
  -1.05460884e+01  -1.25930722e+01  -6.21326310e+00  -5.63181144e+00
  -4.44739681e+00  -5.02306277e+00  -5.61138074e+00  -1.05790486e+01
  -1.51618193e+01  -1.35743487e+01  -1.25114246e+01  -1.25800591e+01
  -1.63320967e+01  -1.80023701e+01  -1.42608349e+01  -1.05212122e+01
  -8.34126975e+00  -2.96595641e+00  -2.47127588e+00  -4.28348735e+00
  -4.74973515e+00  -4.42183612e+00  -1.19131816e+01  -1.00739758e+01
  -1.12290934e+01  -1.72784398e+01  -1.56785142e+01  -1.19909090e+01
  -1.56804621e+01  -1.56898970e+01  -1.03390348e+01  -9.34589170e+00
  -9.50278031e+00  -9.77149108e-01   9.40778925e-01  -3.03662583e+00
  -3.37164880e+00   8.87028622e-01   2.19057058e+00   1.38086405e-01
   2.50314698e-03  -1.29744526e+00  -2.46493661e+00  -6.94426733e+00
  -1.70289163e+01  -1.93793581e+01  -1.29706780e+01  -8.91624501e+00
  -5.27817304e+00  -1.34340585e+00  -3.75632589e+00  -8.98010274e+00
  -8.55302631e+00  -7.43712699e+00  -4.77090498e+00  -4.33929725e+00
  -5.18037053e+00  -1.36428652e+00  -4.47528672e-01   2.19136065e+00
   4.17434935e+00   3.37071473e+00   2.15092563e+00   3.16343262e+00
   1.50705188e+00   3.19716408e+00  -2.39864437e+00  -7.44326088e+00
  -8.58376733e+00  -2.12058551e+00  -2.08150903e+00  -8.35737555e+00
  -6.06257227e+00   2.92627981e+00   7.74010845e+00   9.31621605e+00
   6.90262731e+00   2.03703231e+00   2.38205147e+00   1.11907971e+01
   8.76767421e+00   6.73110938e+00   1.23825310e+01   1.35824207e+01
   5.23812873e+00   3.83258452e+00   5.55767573e+00   2.24597373e+00
   1.67939975e+00   7.42794654e+00   7.30722364e+00   9.55288099e-01
  -1.38110532e-01   1.50769525e+00  -4.68225731e-01   2.93288184e+00
   5.61402408e+00   3.99774226e+00   5.83496834e+00   8.25823860e+00
   9.58163188e+00   1.36047803e+01   1.81496168e+01   1.24643864e+01
   1.03766493e+01   7.43955129e+00   5.56502571e+00   4.48077590e+00
   5.72875600e+00   8.13962883e+00   7.73621189e+00   4.60198876e+00
   9.18954851e-01   6.63077769e+00   9.36351815e+00   7.44970739e+00
   7.30144252e+00  -1.02389792e+00   4.66587886e+00   4.07939898e+00
   3.36625348e+00  -2.00925747e+00  -1.71428927e-01  -2.91956889e+00
  -2.11710864e+00   7.32457703e+00   2.16089717e+01   3.08594993e+01
   2.74041032e+01   2.43888134e+01   1.29687067e+01  -3.19929402e-01
   3.17513211e+00   5.25932382e+00   2.95906692e+00  -1.75730557e+00
  -3.01994540e+00  -4.02820748e-01   1.70185692e+00   1.07154643e+01
   1.31451394e+01   6.93058965e+00   2.11044525e+00  -2.03087911e+00
   1.24170764e+00  -7.29178813e-01  -1.01294558e+01  -8.47506917e+00
  -5.69473883e+00  -8.86332637e+00  -1.00335252e+01  -1.02961928e+01
  -1.03585619e+01  -7.14899488e+00  -2.75422436e+00  -2.41855422e+00
  -7.38055050e+00  -1.23984352e+01  -1.74296211e+01  -1.50404509e+01
  -1.52246338e+01  -1.55410041e+01  -8.36355800e+00  -4.12545929e+00
  -8.52988682e+00  -2.83538050e+00  -8.13907922e-01  -7.36768952e+00
  -7.13857558e+00   1.83165668e+00   1.50665456e+00  -1.71786683e+00
  -1.12353240e+01  -7.20102178e+00  -3.01524350e+00  -1.30600681e+00
  -8.86968342e-01  -5.10598201e-02   3.21464270e-01  -3.81095633e+00
  -5.25980789e+00  -6.14950156e+00   2.67156313e+00   4.26205708e+00
   3.60658579e+00   2.89586245e+00   1.14767101e+00  -1.48726252e+00
   3.78381017e+00   5.99317369e+00   2.77576876e+00   3.86858517e-01
  -1.30605595e+00   3.80519630e+00   2.68532721e+00   1.18235052e+00
  -3.06304017e+00   2.95600226e-01  -8.50518570e-01   1.59895399e-01
  -2.49254808e-01  -1.75639653e+00   1.06917110e+00   3.51625036e-02
   2.54537597e+00   4.32225535e+00  -7.13542983e-01   1.31349367e+00
   2.72770694e+00  -4.29836197e+00  -7.93045244e+00  -5.04884633e+00
  -1.52758860e+01  -1.94954530e+01  -1.14595446e+01  -8.42615511e+00
  -5.03814501e+00  -5.25540768e+00  -4.31117243e+00  -7.18551280e+00
  -2.37889917e+00   1.07411466e+00   9.55615608e-01   1.50776799e+00
  -5.37450074e-01  -6.21114573e+00  -9.45883602e+00  -1.18521222e+01
  -7.78604356e+00  -6.33984155e+00  -1.94043686e+01  -1.88098042e+01
  -1.32844252e+01],[  2.90423569   5.20154956   6.45993477   6.00741889   2.62325983
  -9.22436438 -14.20454094 -14.67789832  -8.74932969  -2.50424979
  -3.30364286  -5.69140577  -5.62746319  -7.49767424  -9.7258024
  -9.7693976   -7.47105312  -4.3226948   -1.2006918    0.78748724
   2.70356663  -0.29074222  -1.29291815  -0.82857958  -5.03384933
  -4.29839734  -1.79320209  -7.01694705  -3.52970193  -5.16060537
  -6.66042774   0.15001009   9.22311436  10.92994586   9.9370279
   8.3306687    3.95939047   4.37182089   6.25685858   6.12521648
  -0.73372628   1.56259617   1.8574486    0.35459431  -0.99718507
   2.58343587   3.10607329   3.16381979  -0.43085066   0.78826303
  -3.42952297  -3.58920724  -8.1218934  -10.43543939  -5.63522857
  -3.13428151  -1.68150652  -0.92779873   2.2513805    1.68526951
  -1.18741582  -8.30194014 -14.43980843 -11.40071967  -2.26860911
  -2.33055725   3.36886607   3.19635803  -0.29810767  -2.25241027
   1.43241787   2.74781331  -6.05248663  -6.33526087  -8.04103436
 -17.40959207 -16.46627697 -10.55464543 -10.81443049 -10.25010642
 -10.04549827 -10.39163419 -10.6775816  -11.38900808 -13.34340753
 -13.45059306 -12.64792109  -8.56827793 -10.30211354  -8.18127683
  -8.6227497   -7.60287603  -7.69422226  -4.31530991  -8.11619144
  -7.97051447  -9.58780235 -11.80730464  -4.92750142   0.33166341
   2.90022479   5.66627231   6.81135007   6.63803495   9.53672034
   8.93295889   5.27624295   8.61888127  11.63783616  11.82819209
  13.47069531  10.56957381   4.96536022   5.12977746   1.31311535
  -4.97540692  -5.75088694  -0.69563172  -1.30923769  -4.71093346
  -5.11333806  -3.41538341  -3.01974486   1.09779489   8.3952742
  10.58052324  13.51550906  15.49829187  24.14952274  27.59717858
  26.19494374  13.7895293   10.23968934  10.88248868  13.14831798
  13.80282966  14.36414425  18.03538384  13.64297444   6.24655873
  -1.34800997  -1.29002403  -0.48189679   4.44709066   5.80980241
  -4.17434484   2.5265651    6.51777805   9.18904253   5.6537069
   5.01310136  -1.51612523  -9.87910084  -9.63949501  -0.60707931
   4.68779769   2.87380102   4.3666102    2.29222906   7.69043241
  13.72124488  16.74175121  16.13042186  15.89295887  19.87491729
  24.04410105  17.50622499  17.81154348  23.06520955  18.46152199
   8.74878766   4.44630396   7.04404831   8.81577735   1.41013218
   0.11525742   1.42179898   2.29041459  -0.14772834  -8.21133826
 -17.59065312 -15.65032027 -10.67534476  -9.67510982 -12.55117965
 -19.5780801  -23.70091276 -16.16995838  -8.31296989  -6.09039554
  -4.88703395  -7.62791753 -12.3175131   -8.85098568  -6.06832724
  -6.86032762  -0.32620728   2.74216757  -3.88316187  -3.45340495
 -10.82210797  -8.26132029  -1.65852832  -1.22443407  -1.89422484
   1.16695847  -0.91357657   1.14021246   3.20484854   1.38705961
   5.4924087   11.58864265  10.95107522   3.86578719  -1.25864456
  -3.53202088   0.73266888   3.25358475   2.8980818   -0.3370485
  -3.24833447   2.56409034  -0.90499652  -1.30650179  -1.82413154
  -2.32099526  -7.95208684  -6.90008165  -2.45687291  -4.29267314
  -3.78669561  -5.74710585  -7.19149144  -6.4942082   -7.32710114
 -11.53802114  -7.77036691  -7.70677568  -5.0545906    3.75879547
   3.7655877   -1.97112933  -9.9521564   -9.64787264  -8.94552266
 -10.74110607 -10.70684311  -8.05963443  -1.72171715   0.39032178
  -3.6591503   -4.95413521  -2.75857095  -1.97969493  -5.39955735
 -10.88501534 -11.772941   -10.77588708 -12.17463821  -3.04111945
  -2.56107654]