[-684.22350824 -638.21866965 -604.32590568 -402.07836012 -335.66674822
 -344.49770311 -367.26435075 -379.18597283 -390.53037913 -392.88489083
 -391.33859551 -383.44990376 -373.09749721 -353.60169418 -337.01097271
 -324.56994968 -313.82526024 -305.16748276 -301.90678786 -301.95346087
 -297.62941231 -297.29445285 -307.01725688 -310.62184243 -324.05782933
 -346.54758561 -370.79760604 -390.15393178 -406.25348518 -407.39965761
 -417.88271811 -438.62902634 -456.94691768 -465.55394419 -461.95700927
 -464.10269454 -389.50529006 -339.63929902 -318.55527028 -321.01685032
 -328.42376532 -329.38834403 -331.49796354 -344.28376093 -368.40383022
 -390.08753279 -410.83002909 -428.47789916 -439.36566566 -437.37388618
 -425.61904864 -405.4024741  -388.56513928 -379.99908175 -389.50110562
 -415.17009015 -403.30350443 -381.71928648 -381.56661623 -406.80956152
 -427.8373013  -434.10963439 -444.85634968 -460.19843214 -462.00469801
 -459.67679472 -453.12746863 -452.95041606 -459.09264483 -453.51238457
 -438.05936467 -431.94847254 -420.47574953 -404.39808708 -396.34288293
 -398.10077107 -402.26422193 -405.1911602  -406.97426432 -419.01535705
 -426.67298208 -426.86467728 -430.39621327 -436.24137585 -428.92321516
 -394.7308556  -364.52355786 -352.92298769 -363.47491961 -360.38988884
 -327.98273337 -316.14358845 -320.24085815 -318.57271756 -312.09089887
 -313.31866353 -317.54365284 -309.79331228 -311.62146911 -313.72725127
 -320.40029305 -344.01509538 -367.0114207  -377.51142365 -371.94667466
 -354.43917172 -347.96422569 -357.67115897 -367.39032096 -378.66722779
 -393.94409394 -416.48000111 -427.93614347 -404.47835353 -396.89762471
 -389.53551207 -385.9468018  -389.58700313 -401.39481854 -412.12038559
 -417.72110509 -432.83822542 -447.16166824 -458.25175445 -462.48818721
 -458.35801587 -453.41773964 -447.95393047 -447.51840087 -452.37540876
 -454.85072361 -454.63109174 -454.37390623 -463.2460332  -460.89991622
 -451.31800075 -450.86687708 -449.49817733 -435.20768244 -418.8489703
 -416.58723636 -416.11799747 -414.6165194  -417.58410272 -411.56668123
 -395.41172142 -378.83503028 -370.60114484 -382.30414926 -405.59997356
 -443.58534094 -462.42377836 -467.27817004 -451.59287854 -435.13262788
 -424.79473419 -427.21191056 -439.44691107 -458.2534371  -470.02347766
 -474.74071522 -478.09052247 -482.8534985  -485.17932479 -467.16622336
 -429.19280314 -399.57002964 -394.24723703 -405.33324689 -424.02760223
 -437.85300095 -455.57357421 -474.84004674 -482.75934921 -472.32032472
 -455.80017877 -444.25696395 -432.88881474 -432.75923998 -444.47492821
 -455.68592153 -467.53439953 -470.69708369 -478.68506674 -480.96700085
 -475.90425017 -459.72539105 -446.80949577 -439.07961873 -432.43560301
 -427.86627613 -425.66578369 -442.11304337 -464.77416723 -476.00049829
 -478.08129594 -484.15925982 -473.02623893 -453.64085966 -438.55352103
 -443.07963856 -450.52539206 -445.31036526 -449.86249525 -451.97011391
 -444.82154533 -443.75485837 -466.69783229 -491.00430677 -466.33754535
 -451.38272867 -442.21720627 -432.56461151 -423.87199103 -415.98818152
 -419.8327994  -420.12020705 -421.63906685 -426.54131978 -419.45647916
 -411.96322193 -410.66463776 -404.02553188 -406.69119721 -418.73940606
 -430.08519976 -439.17636202 -460.49698178 -479.94194158 -491.46121067
 -493.43723729 -492.35231557 -496.38403151 -490.83972997 -487.8778315
 -483.10111455 -486.20612383 -502.19521536 -511.80257537 -510.48409186
 -505.65041614 -491.22655323 -447.15241844 -424.68891272 -415.94697403
 -408.73939352 -403.87616792 -416.76921447 -411.78279271 -409.86088086
 -415.76087294 -444.26782654 -466.98924854 -468.95172766 -470.75192418
 -480.19979883 -497.37653546 -522.16161521 -543.49643951 -565.3583171
 -586.00839487],[   7.4090749    23.94930452   33.51766906  195.6196107   235.19730207
  239.88954372  240.15541382  243.49950577  246.75643717  243.85559949
  240.95713951  240.17781165  239.60553874  243.41353051  243.09266585
  243.25149747  238.82304681  230.3723868   224.56637743  221.91891758
  226.23576214  218.08672348  208.86669847  207.36881272  201.57118544
  199.14824903  198.41348794  206.01935796  206.39104914  195.89368368
  184.98503749  182.74177076  187.66951962  176.65134689  176.44931248
  173.51989728  195.23106177  195.96939895  202.44875569  196.00210393
  190.6463827   196.04564067  207.59364748  218.03462424  220.78834589
  215.23558753  213.90029052  210.44492508  215.93928189  216.94317411
  219.23538802  226.89971491  232.41380505  231.23501396  228.13905709
  214.50646278  215.1537049   216.62479242  214.89951587  206.79709491
  201.78865998  197.15691086  191.92509961  186.46546492  190.92063312
  191.57040123  197.90053894  201.60744112  196.64312484  181.57949578
  169.51277718  152.24326082  124.59373953   91.3838559    69.9371058
   63.83930974   66.76129166   62.06711691   48.57721485   41.6525298
   49.96343351   65.63801693   73.27759875   69.23926169   78.53210969
  126.92559874  171.42639069  188.98520576  198.15810222  201.35783269
  213.59035363  218.65857503  219.93895872  217.4415383   216.04899421
  216.32177897  212.9566348   210.19263165  206.05107721  204.9841551
  200.03949463  185.98666241  175.19436239  162.30386901  127.9207079
  106.30491202   93.45306081   78.6499759    66.05096012   60.10208745
   61.61528641   76.13766402   84.13038792   69.65509129   61.912389
   60.12880581   65.37806753   71.68760384   72.3451295    73.28551373
   84.22558086   94.95140346  106.60347773  125.2781305   141.34777448
  151.83410815  162.83228992  168.91806097  174.8321448   178.03597146
  181.77904031  188.11387089  186.35791997  182.85003403  187.41566473
  184.28881139  174.1306588   168.99750099  169.29256131  172.2804031
  169.4569268   171.31654125  174.79737544  177.94159752  188.42261364
  200.13787162  208.31142571  216.87756136  212.9007563   202.50190322
  183.57877422  170.50147353  143.94622672  127.9215633   117.23712711
  120.33440514  131.60224468  141.17965289  144.19141211  153.49799175
  160.30996856  164.49888201  168.47420872  171.93699538  169.47454829
  167.39884027  164.36905851  154.30139451  151.11110874  144.5776107
  137.95609733  134.32477076  130.21069375  131.69648963  141.81888934
  162.67142827  180.28638865  182.25752739  180.27689633  181.01236494
  181.92374902  178.77731268  185.32154842  194.06607056  200.0669367
  200.61759825  205.20516854  207.95463384  201.52551434  193.85215903
  185.05447867  180.22277542  172.5868326   166.45878318  155.07991232
  135.24574552  125.81138711  120.32223276  114.18959369  118.84350278
  127.96379888  141.10003969  156.88283493  163.39774611  163.99542555
  163.38855666  162.10316602  157.00567155  146.75815721  130.688789
  138.34381356  153.31882469  161.90476329  149.47816205  113.9480101
   68.04309038   44.11530686   35.81422254   32.62746236   34.80756292
   49.005917     83.06838531  130.73759052  157.77296206  173.31013194
  181.47653353  184.28892672  179.36199749  169.89002345  154.25263609
  140.17062741  122.75917256  117.03564021  137.43748507  166.20250266
  187.18496643  189.3908536   172.66281081  167.20454257  171.06098611
  169.01141233  169.03340121  194.33272147  205.54479224  203.52000796
  201.21144062  205.02370571  199.77212162  192.71440682  190.36064375
  188.56018472  177.7014644   167.42585985  162.18044248  148.52643394
  132.47238605  123.92589466  119.08175286  116.62128785  108.14364813
   96.20104147],[ -7.70652362 -23.18600476 -34.72179805 -12.53188284 -17.30915405
   0.08641706  19.26751466  30.82834576  36.66989005  39.23483626
  42.0768346   40.50664553  29.9413608   20.01814142   5.06277296
 -10.18881955 -27.1462157  -40.63712277 -47.61499769 -52.98217752
 -55.88179022 -60.34992987 -56.8057742  -53.35823646 -54.72614211
 -42.13816498 -23.40229489  -7.50032253  -3.88999833 -18.17800595
 -19.19735838  -7.70739555   0.83748947  -0.87780824   5.35532815
  11.05764632 -27.45832914 -55.59425248 -54.36311488 -42.78439372
 -32.60076224 -28.10571145 -17.74563771  -8.54408402  -1.00651195
   6.13298415  14.73334854  16.16068137  21.20518411  23.05972817
  20.64759766  13.16368816   2.52208842  -6.66026492   1.93032331
  14.23256344   2.11071348 -12.7163153  -13.19520349   2.25232321
  16.46876282  20.85339601  24.94368227  27.15414134  33.22784952
  40.50087615  46.50333781  53.27932784  58.15740201  54.11069546
  55.22329768  54.97018358  49.94488601  33.44318986  22.24926633
  20.18858973  28.12363531  30.5406898   36.21658486  40.06128164
  39.48418154  38.89510643  33.97636515  26.99944593  18.46496226
  11.77504725  -6.58210211 -19.8041396  -25.82595506 -33.56513821
 -50.21830812 -55.97520679 -56.33845963 -64.78353027 -79.85353524
 -86.38216398 -85.63127282 -76.45990712 -68.21980487 -61.93001598
 -56.21987351 -43.75475258 -26.02599947 -27.74623766 -43.90392478
 -56.68865213 -62.68188929 -62.35527146 -63.90450265 -57.21079834
 -39.0303495  -21.43347017 -18.40481407 -35.08144973 -44.66127413
 -62.2458181  -76.88897342 -84.43043091 -86.16247495 -85.0600226
 -76.32612167 -54.98788314 -40.84873976 -19.06437136  -3.83122334
  -3.92028982  -3.14097525  -5.90560315  -6.3986601   -5.49550445
  -4.21429913   4.15958084   9.40369778  12.40651642  14.37233452
   1.54552884 -11.36104133 -17.13661919 -29.46095752 -38.56587023
 -47.55825631 -44.7450213  -40.89378005 -31.38053357 -24.55625456
 -32.20718404 -41.64091062 -42.7375345  -37.64938099 -17.69965308
   9.23415768  24.25649895  24.80245714  19.78272879   4.22264962
   0.69667152   6.16417292  18.75038927  27.67837345  39.85454309
  41.89860034  45.65736999  46.43077398  36.69112733  13.13454366
 -12.8259547  -31.68765604 -36.90015094 -28.24197709 -17.05832569
  -6.15908621   3.32480967   3.81555876  10.28043995  18.09049162
  22.00832738  28.92818297  28.51195871  26.44164359  32.51733804
  34.4106174   36.5658858   43.01491632  53.52449114  61.62951281
  58.48252662  46.06980164  33.34905044  17.13131606   4.30049732
  -4.60665966  -8.31926783  -2.13957901  13.83153955  21.31928469
  25.85166518  23.42035104  -0.69885482 -27.36297098 -38.65606304
 -29.231822   -19.31482062 -11.97940002  -3.83616063   0.51971404
  -1.90236749   0.53635727  13.19326382  22.50990533  -6.79809618
  -7.95133292  -2.9368937   -3.7224913   -0.62141172  -6.88631068
 -13.29285108 -23.19949581 -26.33071703 -28.43099271 -35.64573368
 -37.37776308 -26.92264961  -7.66109389   5.52454196  10.70752175
  21.83410606  31.55867601  43.32883773  42.88687502  38.84749209
  36.51129075  28.96141287  24.00739663  33.37410721  42.87012392
  43.80125642  46.31378541  44.8249924   42.69324192  45.72775949
  37.89634745  28.67067508   8.40061536  -4.25590558 -14.22804439
 -27.51571229 -32.5095712  -29.44039143 -41.85498237 -47.62146454
 -44.1358482  -28.01169912 -16.51701983 -12.05597339 -17.60530913
 -18.00014485  -3.88736538  15.02914809  21.61093901  29.17972535
  33.27327007],[   6.26457746   11.14134618   16.83985339   29.35017574   43.47995501
   46.74976303   38.36407488   33.88312528   24.39938266   20.15511255
   18.96404454   18.75379832   14.76311478   17.34543589   19.4703277
   19.56614344   20.51553148   24.84442214   31.53798636   37.65752161
   35.86395536   39.82531626   47.4544562    48.6714309    43.99296071
   41.5367408    41.22431898   32.90807003   27.11207691   30.84460497
   37.43411512   33.96408966   16.92191206   14.39124784   28.29423467
   42.55346115   25.41992219   19.86573446   21.41124898   29.27936538
   38.07860562   38.06258199   36.66429998   36.66690436   42.40109073
   44.16575152   36.50666984   32.34352302   26.48335342   29.94158605
   38.80649059   39.57582418   36.25086157   26.86223587   23.25833877
   31.25581913   26.47792424   23.47419329   25.3065543    34.57349349
   41.70875511   41.29975287   40.16840385   33.67744805   31.76163396
   40.22422084   44.0848199    48.67058975   54.49635303   56.93914382
   64.66196691   72.36052241   77.29617919   78.31575518   80.16453941
   73.68186716   73.48645703   75.22379343   76.0013232    75.78826079
   77.8635391    76.79800783   73.50055665   80.23061849   78.11350041
   50.74224083   24.39954778   22.22385875   25.10553382   21.0087858
    8.04974457    6.11411661    4.70870556    6.45788277    5.90566697
    5.79643485    6.0339332     8.9466615    14.02920835   18.60458133
   24.14082701   29.731816     44.28580036   54.6628001    86.80537006
  104.58134634  115.74029229  121.04142382  121.57882803  123.4224473
  128.3417993   111.69567943  106.13377443  130.99742177  139.26893778
  139.29060907  134.76434228  119.9278751   108.65545373  100.55192886
   94.08406616   93.1038826    85.98461467   83.9448517    78.11867111
   65.44576054   48.39638845   37.69261301   26.38470366   14.83077884
    4.51258679   -2.37398631    0.86433346    3.21288415    8.28829773
   15.33048425   12.92455615   11.48879264    9.71367663   11.06084
    8.63833397   14.1806313    15.09648802   19.64773395   19.54072077
    6.6267924     1.3314631     3.06746942    8.22187611   18.20194627
   26.34638601   32.33820323   49.16351234   62.77620879   65.55122712
   67.20427501   65.26211152   70.7472615    74.29394716   81.02155487
   78.4892481    73.63873311   65.92512415   52.0696189    47.08562383
   60.57556973   75.98650704   90.15757614   92.74036565   89.89697159
   86.65597548   85.57452319   73.65103938   68.1604438    72.37719643
   68.03407173   68.78083613   78.95589293   82.44516024   79.12923509
   69.9102055    65.89878979   57.22668494   42.91078011   33.24015745
   26.29453493   15.63097714    7.40449678    8.29440002   15.87003237
   30.42660246   40.34044969   44.22815364   43.52788065   45.90746081
   58.54757778   65.38788555   77.75791683   88.22418994   88.46537869
   82.85991141   66.7818112    58.41373024   55.6718293    59.60788571
   63.15237902   68.98973385   68.09821126   68.69733838   74.99770292
   68.84062848   62.0858094    55.46273996   65.91114689   97.10569646
  128.6211732   132.20560847  127.70942312  123.5278909   116.1835097
  113.46358776   97.53040392   78.3498089    64.71047124   57.90880613
   54.97833455   57.53729669   57.76510655   52.5810332    57.32876374
   61.62961531   64.28183869   61.07567406   55.8721123    38.20001226
   21.20926907   19.92391861   31.292217     37.15223538   41.64382799
   41.88541258   40.63658177   14.42332006    6.38762861    6.12968025
   -2.90527588   -9.02184038   -8.2194514     2.39173743    7.66460474
   11.32687275   17.63925054   22.89794263   34.11708718   43.69715977
   49.4512327    52.957496     50.57864368   42.46192416   42.13876859
   45.28954856],[ -3.22436336e+00  -1.07509572e+00  -2.99299505e+00  -1.40831741e+01
  -5.84174051e+00  -2.99793031e+00  -5.71818805e+00  -3.24135970e+00
   4.68978492e+00  -1.02787432e+00  -1.27114583e+01  -1.86794163e+01
  -2.08770116e+01  -2.13043995e+01  -1.96498384e+01  -1.35231909e+01
  -8.49660781e+00  -7.01432333e+00   5.65472906e-01   1.16464662e+01
   1.57135804e+01   1.67761945e+01   2.04437194e+01   2.11678129e+01
   2.59632785e+01   2.88314957e+01   2.99862314e+01   2.56365932e+01
   2.91310117e+01   2.98782358e+01   2.62688555e+01   2.66764172e+01
   2.69551633e+01   1.34927271e+01   1.83151279e+01   2.54004214e+01
  -2.95580776e+00  -1.43419800e+01  -1.48738788e+01  -2.03000193e+01
  -2.48304367e+01  -2.78148641e+01  -2.69954441e+01  -1.28082388e+01
   7.72843930e+00   1.79391305e+01   2.51622348e+01   3.37198069e+01
   3.67958414e+01   3.57246904e+01   3.68569419e+01   2.93220454e+01
   2.52799772e+01   1.67002777e+01   1.04118493e+01   1.49995603e+01
   1.17338809e+01   6.45439680e+00   8.58501956e+00   1.63693337e+01
   2.30568519e+01   1.42771951e+01   1.20703247e+01   1.40830918e+01
   1.17813295e+01   8.63844627e+00   7.44991912e+00   1.00341334e+01
   8.63900069e+00   9.05235151e+00   3.23996319e+00  -1.14201395e+00
  -9.49714321e-02  -3.70488410e+00  -1.72306016e+00  -7.04327565e+00
  -1.07059020e+01  -1.27981035e+01  -1.85583143e+01  -1.85364591e+01
  -1.92174038e+01  -2.62880049e+01  -2.16456046e+01  -8.04401391e+00
  -3.98376026e+00  -1.59653911e+01  -1.60223366e+01  -1.28787173e+01
  -3.60264251e+00  -3.72512247e+00  -6.28842195e+00  -4.14622570e+00
  -7.67854115e-01   1.40545823e+00   2.86072526e+00   4.17853167e+00
   3.17643275e-01  -1.13144667e+01  -1.32400436e+01  -1.03219378e+01
  -1.30851172e+01  -1.97216055e+01  -2.24321193e+01  -1.93112122e+01
  -3.08931222e+01  -4.07141454e+01  -3.80244141e+01  -3.84994399e+01
  -4.13289091e+01  -4.25576309e+01  -3.88719901e+01  -4.05555222e+01
  -3.16231410e+01  -2.93826685e+01  -2.77113374e+01  -1.60408760e+01
   4.60474124e+00   1.90131739e+01   2.51470313e+01   3.14611196e+01
   3.35738292e+01   3.09704862e+01   3.42955016e+01   4.71832246e+01
   4.98397641e+01   5.58481778e+01   4.51863687e+01   3.72397650e+01
   3.12116325e+01   2.41591294e+01   1.62842252e+01   6.60239149e+00
  -2.69323747e-02  -2.42846492e+00  -2.67491816e-01   6.91286340e+00
   6.18401934e+00   2.55195129e+00   4.50728472e+00   3.43614332e+00
   7.17296455e+00   1.30225106e+01   1.11068832e+01   8.55271181e+00
   2.38840560e+00  -4.34585753e+00  -3.34580356e+00   5.56760465e+00
   1.43393921e+01   1.32042200e+01   5.05596969e+00  -1.67985573e+00
  -8.66096432e+00  -2.10147642e+01  -2.19556056e+01  -2.69261951e+01
  -2.65622573e+01  -2.01212250e+01  -1.35255581e+01  -5.84999602e-02
   4.47995064e+00   6.54759117e+00   1.16870815e+01   2.06261248e+01
   2.56408133e+01   3.91218109e+01   4.81045815e+01   5.04120213e+01
   5.00226798e+01   4.41871892e+01   3.09060910e+01   2.92556289e+01
   3.14511182e+01   2.43731734e+01   8.82771769e+00   1.74061885e+00
   3.13765726e+00   2.09543856e+00   6.57900103e+00   1.29676717e+01
   1.72682847e+01   2.21311739e+01   1.90728576e+01   1.14851707e+01
   4.15168207e+00  -2.78334845e+00  -7.11846158e+00  -1.85142835e+00
   1.39394396e+01   2.80715358e+01   3.93841980e+01   4.51671546e+01
   4.77949813e+01   3.51508934e+01   1.92915320e+01   7.22734095e+00
   1.23738824e+01   2.85048616e+01   3.83394178e+01   4.33532776e+01
   5.08657653e+01   5.70454804e+01   5.17287813e+01   4.74350337e+01
   4.58821980e+01   3.92611286e+01   3.88760146e+01   3.92027762e+01
   3.93303366e+01   3.73024345e+01   2.75436834e+01   2.75236473e+01
   2.68362061e+01   1.94382125e+01   8.89820875e+00  -7.18125985e+00
  -1.62656712e+01  -2.21303444e+01  -2.13688678e+01  -2.38901877e+01
  -1.72041218e+01  -1.32016712e+01  -1.08414195e+01  -1.49309101e+01
  -1.45189346e+01  -1.46736402e+01  -1.19513483e+01  -1.02879731e+01
  -4.25086970e+00   1.17838666e+00  -1.27416942e+00  -6.17257098e+00
  -5.99930460e+00  -7.21326640e+00  -9.08642013e+00  -7.52012451e+00
  -1.99729320e+00   7.51289178e+00   2.48475363e+01   3.15828639e+01
   3.70054254e+01   3.14732761e+01   1.66188592e+01   1.28416858e+01
   7.68560967e+00   5.80761545e+00   8.09270593e+00   7.61604003e+00
   2.42007966e+01   3.45453817e+01   3.74554394e+01   3.79947015e+01
   3.39312581e+01   3.66595592e+01   3.90502061e+01   3.59645369e+01
   2.48406494e+01   1.63012466e+01   1.74304149e+01   1.46387951e+01
   1.74345483e+01],[ -1.19487120e+00   4.20493679e+00   4.62898636e+00  -3.03029061e+01
  -3.16906775e+01  -2.80622624e+01  -1.95883843e+01  -9.74108551e+00
  -9.53675922e-01   3.97819927e+00   5.98585848e+00   9.21879003e+00
   7.99806443e+00   4.43658094e+00  -5.61611557e+00  -1.01517666e+01
  -1.18129165e+01  -9.76758449e+00  -3.87338831e+00  -8.05328447e-01
  -8.21428398e-01   4.11965404e+00   6.70609621e+00   5.75263528e+00
   6.20247515e+00   9.78947225e+00   1.70537368e+01   1.51983559e+01
   1.59668594e+01   6.73270900e+00  -3.73205449e+00  -4.47141853e+00
   2.35984053e+00   1.11298198e+00   5.75392124e+00   4.85969290e+00
  -9.43136801e+00  -1.50593150e+01  -1.31804903e+01  -4.05510490e+00
  -6.07002467e+00  -1.12409539e+01  -1.06886440e+01  -1.27211492e+01
  -1.49453316e+01  -4.25910985e+00   8.59513005e+00   1.21094871e+01
   1.65247180e+00   5.42922293e-01  -3.19184075e+00  -1.90949242e+01
  -2.78819518e+01  -1.76388526e+01  -1.39326232e+00   8.33456611e+00
   1.24423710e+01   1.82898060e+01   1.99684649e+01   1.91238455e+01
   1.78606603e+01   1.68641877e+01   1.94121200e+01   2.88318515e+01
   3.02834564e+01   3.15585080e+01   3.03344728e+01   2.95777809e+01
   2.78294567e+01   2.73163904e+01   2.53339817e+01   3.12557868e+01
   3.70361889e+01   3.74595573e+01   3.88321091e+01   3.53379911e+01
   4.16237596e+01   4.72484598e+01   5.41128009e+01   5.77074676e+01
   5.26355129e+01   4.96117693e+01   5.28800635e+01   5.70369694e+01
   4.96382245e+01   4.07112580e+01   3.01435701e+01   2.59342317e+01
   1.56158277e+01   5.17937473e-01   4.80751398e+00   5.63355257e+00
   2.78969717e+00  -3.90310538e+00  -1.34828932e+01  -2.16183125e+01
  -2.22830188e+01  -1.66442362e+01  -1.09779674e+01  -3.18903984e+00
   1.96836190e-02   3.66163355e+00   5.72277131e+00   7.22762395e+00
   1.00837549e+00  -2.29804723e+00   1.18968490e+00   1.51439453e+00
   5.06539295e+00   1.12328499e+01   2.20704237e+01   1.38824727e+01
   2.13124910e+00   4.57375568e-01  -1.31925608e+00   1.44328324e+00
   4.27396625e+00   1.04617542e+01   1.22427481e+01   1.91055764e+01
   1.56694018e+01   7.29417422e+00   5.16717461e+00   1.15076075e+01
   1.07202514e+01   2.22190648e+01   2.84817637e+01   3.21602105e+01
   3.35064258e+01   3.02000216e+01   2.94831179e+01   3.37806734e+01
   3.50470162e+01   2.76363367e+01   1.61374123e+01   7.26615365e+00
   1.15056801e+01   1.39570570e+01   1.75283799e+01   1.16956963e+01
   1.06024181e+01   8.04003056e+00   5.00010881e+00   2.07455876e+00
  -6.34149326e+00  -1.00329300e+01  -1.22559695e+01  -1.51163901e+01
  -1.52592942e+01  -9.97790936e+00   1.14005794e+00   1.08717541e+01
   2.44768014e+01   2.74384347e+01   3.48556990e+01   3.05226044e+01
   2.00963910e+01   1.00523867e+01  -2.85629007e+00  -1.07993377e+01
  -1.32490064e+01  -1.00953385e+01  -6.30004436e+00   3.34940622e+00
   1.62962050e+01   3.03219615e+01   2.80650814e+01   2.40805368e+01
   1.94081182e+01   2.22488621e+01   3.11213856e+01   3.09674408e+01
   3.20945251e+01   3.19169027e+01   1.51723889e+01  -4.29638097e+00
  -1.84797035e+01  -2.46137872e+01  -2.77203223e+01  -2.62237870e+01
  -2.40069795e+01  -1.98482286e+01  -1.15447849e+01  -3.24585392e+00
   3.39877688e+00   9.97079124e+00   2.04215563e+01   3.90688696e+01
   5.85830767e+01   6.28777591e+01   5.36120669e+01   4.74477304e+01
   4.54274354e+01   3.60542229e+01   3.37532091e+01   4.42430944e+01
   4.56118769e+01   3.23491801e+01   1.95804747e+01   1.65201710e+01
   2.71601538e+01   4.34153802e+01   4.03138613e+01   3.48408118e+01
   2.88415023e+01   2.34245402e+01   2.44148001e+01   2.40880489e+01
   2.44128193e+01   2.83482351e+01   3.22051963e+01   3.31858660e+01
   3.35142767e+01   3.90834046e+01   4.02554151e+01   3.76552374e+01
   4.39608616e+01   4.44498446e+01   4.22391704e+01   4.08129423e+01
   3.47887923e+01   2.55335135e+01   1.62722134e+01   2.44817223e+00
  -1.42056150e+01  -2.42521145e+01  -2.85904346e+01  -2.75652613e+01
  -2.17786076e+01  -7.88042418e+00   2.69773360e+00   1.33495557e+01
   1.89522563e+01   1.45898465e+01   7.60475130e+00   4.47987345e+00
   1.21430872e+01   1.50592997e+01   1.85436832e+01   1.51913042e+01
   1.93686982e+01   2.17526133e+01   1.64554163e+01   2.51979063e+00
  -9.36327851e+00  -5.00697928e+00   1.61512739e+00  -1.69266810e+00
  -6.23365606e+00  -1.01527498e+01  -1.07390551e+01  -5.55219129e+00
  -6.99989843e+00   3.08358947e-01  -8.94970811e-02   6.14844168e+00
   9.76412708e+00   1.76801436e+01   1.45749079e+01   7.60111811e+00
   8.50888338e+00],[  8.22689412  13.90733373  15.95933975 -10.60350958  -8.10065917
 -16.22413433 -16.06635264  -7.39701968 -12.12888179 -12.53037992
  -8.08627265  -8.32802409 -10.04065965 -13.08433045 -24.75629873
 -26.29589725 -20.39569201 -17.51483219 -17.55008789 -15.05510123
 -14.57774965 -16.06463097 -17.26853196 -23.93596697 -26.98152921
 -23.67742136 -17.01411385  -7.52569963  -0.796398     3.47849821
   7.01391558   4.0612679    4.57385787  12.60432476  16.38051136
  14.91233284  33.60064925  20.79465899   6.05678965   5.82675585
   4.95862751   4.34643078   1.78502312  -5.00437495  -4.30051558
  -0.7766957    2.27622198   6.90179832   0.04091941   1.35668072
  -2.7343738  -11.71851023 -14.3614874   -4.34632594   7.52231653
  12.24735222  24.00702483  26.97829665  23.75900083  20.87088674
  17.56799395  15.57618752  16.13113781  23.84965684  27.28118959
  27.73710526  19.91226758  15.93728872  16.99760438   8.74296884
   7.29601277  14.26697899  11.66107497   8.57223284   2.14387704
  -0.81226837   1.22453142   1.25326917   3.1096706    2.98156354
   4.83239332   7.87019661   8.01227039   6.13648412  -3.94927332
  -1.87702727  -0.37861851  -0.52037434  -3.03309683  -7.30698025
  -1.35210854   1.76461955   4.98788744  10.53799134  15.59997946
  16.68679149  15.16704068   8.83951211   5.02954353   5.86616032
   9.05470818   4.35876593   4.99324135  13.20462378  35.86708235
  34.48066857  29.3906871   20.91723123  22.541364    29.77417601
  40.73419348  40.88518087  35.1204579   34.02324303  27.31993532
  25.93063565  21.6358297   18.33741206  13.25249432  13.04516091
   8.62142365   6.37669983   4.28719215   2.56789599  -4.44947544
 -10.32299599  -4.68481879   2.10285817   9.56086776  11.58074511
  12.77014579  15.41412234  20.12188071  24.38675811  21.37133962
  18.21574794  22.90631904  20.23170114  17.17070147  10.1594346
   6.63283956   4.91864306   7.30888833  12.78838152  11.46382616
   9.25606932   8.25272035   5.60952734   2.90885456   0.48195878
   2.74972277   1.30763468   3.07799118   2.3819123    6.81587359
  10.02696562  12.15175321  17.92678014  17.985034     7.72008897
  11.87463114   9.86467716   6.01395592  13.02144639  26.38594749
  22.34195976  15.38315028  13.33902136   5.0241541    1.95817373
  11.02274268  14.40408131  16.26085755  23.10890376  25.83627484
  22.6512927   13.37267844   7.12744573  -4.06230034 -12.72795077
 -13.94436407 -15.065385    -8.33888213   2.54313257   2.24265804
   5.64984218  13.9339601   23.73032603  26.32264285  13.28636939
   0.90156244   2.45512854   4.3109056    5.15255744   9.09100818
  10.67098761  14.37433718  21.66916437  18.63513818  13.17898981
   5.72379415   7.39088374  13.84334798  16.04583408  16.20068376
  20.21554637  25.81306699  26.20326171  26.49815348  26.35674608
  28.19905483  26.45865221  16.29328194  13.30300804  18.52425466
  22.15670995  27.91296136  28.05150958  26.43364453  23.22611326
  16.29821512  17.12939408  12.41275892   7.67694741   2.73883402
 -10.03204645 -13.8273708  -10.82200984  -7.19994432   8.58079092
  12.46891257  13.88800315  16.90412682  17.95512489  20.93797966
  25.50220738  29.20289631  26.25779953  25.11606742  16.16198985
  13.23741815  16.96005395   8.33588429  -1.27818228  -2.75095892
  -1.41315464   4.24696661   6.16560767  -8.57989937 -18.62645938
 -17.20323199  -7.92528977  -1.35993599   3.24360516  -5.34706556
  -2.0778127    8.08540326  19.89911068  17.95311649  16.36130763
  18.69497518],[  1.46115589e+00   4.29202352e-01  -2.26629555e+00  -2.65615643e+01
  -2.37590698e+01  -1.94290425e+01  -6.67610898e+00   1.95008568e+00
   7.06736602e+00   9.98568410e+00   8.89436623e+00   5.15539340e+00
   4.61129219e+00   5.75324393e+00   9.00286826e+00   1.31979142e+01
   2.04383998e+01   1.55076482e+01   4.00646644e+00  -4.51251828e+00
  -2.19117239e+00  -6.16529844e+00  -7.02381812e+00  -7.48409574e+00
  -6.46368838e+00  -3.01451423e+00  -1.49161890e+00   1.31317769e+00
   5.15716170e+00   2.74218434e+00   2.95558451e+00   2.73736498e+00
   1.85383566e+00   3.04521317e+00   1.99886462e+00  -1.08454466e+00
   1.38264369e+01   2.17469654e+01   2.33307195e+01   2.12107902e+01
   2.24190770e+01   2.59759218e+01   2.08841291e+01   1.64202770e+01
   1.64728806e+01   8.66669818e+00   8.54658256e+00   1.09334387e+01
   1.42349960e+01   1.25967491e+01  -1.31072012e+00   2.96627031e-01
   8.05903368e+00   6.70305553e+00  -1.38787355e+00  -7.34495968e+00
  -1.05508871e+01  -2.08620026e+01  -1.78019967e+01  -8.60098169e+00
  -4.07908591e+00  -1.04462225e+01  -1.16244227e+01  -8.83532476e+00
  -7.20686464e+00  -1.28669094e+01  -2.46623743e+01  -2.84171795e+01
  -2.72549990e+01  -1.94460972e+01  -9.98743615e+00  -3.84941553e-02
   8.62662279e+00   1.48780411e+01   1.53864831e+01   2.44780329e+01
   2.80717063e+01   3.37144649e+01   3.77972037e+01   3.52486111e+01
   2.80446963e+01   2.03757057e+01   1.99284853e+01   1.65500285e+01
   1.26753374e+01   7.80297213e+00  -2.99841221e+00  -7.44247359e+00
  -1.23036266e+01  -1.10116921e+01  -1.05031347e-02   1.71918126e+00
   4.29537176e+00   1.04016122e+01   1.52108833e+01   1.50960465e+01
   1.45382910e+01   1.45713787e+01   1.30357247e+01   1.27399051e+01
   1.04694622e+01  -1.05462761e-01  -1.14278518e+01  -1.28170616e+01
  -6.25382809e+00  -4.23948119e+00  -6.74765563e+00  -1.08272338e+01
  -1.16506248e+01  -5.12319259e+00  -5.33026004e-02   6.56513441e+00
   1.05713147e+01   2.09554718e+00  -5.03678745e+00  -6.42300627e+00
  -5.23083967e+00   2.76340009e+00   5.70950638e+00   5.58830485e+00
   5.23161215e+00   7.97982139e+00   5.64014723e+00   1.04965879e-02
  -4.80685306e+00  -1.01439051e+01  -1.70524332e+01  -2.56848947e+01
  -2.83142607e+01  -2.53967302e+01  -2.59640239e+01  -2.65710225e+01
  -2.15519417e+01  -1.35502134e+01  -7.04385031e+00  -2.89805821e+00
  -3.42072280e+00  -1.79000088e+01  -2.25160176e+01  -2.66596387e+01
  -2.60352493e+01  -1.91794300e+01  -1.32536567e+01  -9.63645677e+00
  -1.50383541e+01  -1.27533011e+01  -8.45438103e+00  -2.26368507e+00
   2.53676477e+00   3.76172241e+00   2.35252717e+00  -2.82173562e+00
  -1.19024474e+01  -9.10477703e+00   1.16734596e+00   1.59726118e+00
  -1.51498456e-01   1.96497571e+00   5.99511543e+00  -2.27792350e+00
  -2.09582170e-01   2.34786640e+00   6.99539969e+00   8.89695212e+00
  -3.45118502e+00  -2.80020433e+01  -2.85725778e+01  -2.36813827e+01
  -2.21186831e+01  -2.28509266e+01  -2.23579972e+01  -2.13880236e+01
  -2.09222470e+01  -1.94859386e+01  -1.40087598e+01  -7.33801065e-02
   8.39112272e+00   2.37485116e+00  -8.24051769e+00  -1.19937035e+01
  -4.30170655e+00  -3.12518514e+00  -5.24824120e+00  -4.03707285e+00
  -3.61390707e+00  -3.03980457e+00  -5.70926403e+00  -8.49954794e+00
  -1.87730883e+01  -2.91059405e+01  -2.72725248e+01  -1.66062786e+01
  -1.28957466e+01  -7.73520296e+00  -8.22801553e+00  -7.44274413e+00
  -5.91026579e+00  -1.98405907e-01   2.26141045e+00  -1.65180405e+00
  -1.15187272e+01  -1.54216000e+01  -1.21103808e+01  -9.37858448e+00
  -4.90676597e+00  -3.90939863e+00  -2.35406817e+00   1.18884095e+00
   6.50488582e-01  -3.98174100e+00  -5.66944763e+00  -2.56923149e+00
  -4.55893758e+00  -5.00130322e+00  -2.16409710e+00  -1.49138306e+00
  -2.13545698e+00  -1.31336632e+00   3.18296802e+00   4.45625591e+00
   1.27693433e+00   4.16677979e+00   4.44877793e+00   6.42271680e+00
  -1.93177553e-01  -1.14441869e+01  -1.26568525e+01  -7.17046077e+00
  -3.99797234e+00   1.59750298e-01   1.55511650e+00  -1.11488348e+00
  -5.88299225e+00  -3.96452113e+00   4.58894395e+00   9.13438146e+00
   8.61385658e+00   2.53835259e+00   8.18875168e+00   1.64029544e+00
  -4.03904015e+00  -5.11253649e+00  -1.04570631e+01  -4.11490333e+00
   4.84863362e+00   3.92071554e+00   4.08915017e+00   5.80501080e+00
  -1.37878630e+00  -5.30672490e+00  -3.33535430e+00  -5.07554518e+00
  -6.31989663e+00  -1.25317397e+01  -1.52677045e+01  -8.79665290e+00
  -3.58954415e+00  -1.75027342e+00   3.69581767e+00   8.52315456e+00
   1.08845290e+01],[  2.39215943   2.93703486   4.34319824 -10.60973964  -2.10960182
   9.99556137  19.55214968  16.77042274  19.44100873  21.00109146
  15.43147552  10.48671115   7.13612856  11.11407227  23.75109457
  19.00425696  13.13413431   7.94807674  -1.30441098 -13.1464458
 -11.32328192  -6.09752867  -3.79521748   1.26988415   3.76471897
   7.02816639   9.92070612   6.87942087  11.50939008   6.54531672
  -2.19309913  -2.63867291  -6.46938239   2.47057359   5.38102581
   0.87492811  -8.21237613  -4.10741268   1.43608133  -0.30610469
  -1.86791312   6.38374297   6.87266421   9.97057299   9.93110415
   6.11708155   8.05759133   6.35829278   7.92652463   7.15307429
  -3.49241042   6.63856136  20.34471898  24.54363104  19.03079204
  10.29464856  -1.42285359   0.5638826   12.57672761  21.67534062
  21.8696907   21.73796616  23.7332721   22.91569736  26.84891262
  31.39300905  24.94189482  19.31889875  17.2586211   13.98707068
  15.53156359  10.03345706   5.23414712   6.90004306   6.41633157
  16.47114555  20.99427884  18.35471218  15.94918074  17.11098344
  13.25895867  15.23846785  17.9262604   16.79036087  14.42857105
   1.28438567  -9.29074242  -5.27910748   1.10192982   0.33677514
   2.83788157  -0.21363935  -2.77134944  -1.5377569   -2.01848759
  -2.30161367   0.46753562  -1.98001203  -5.43858145  -4.41766993
   0.32642597   7.50885581   9.98469528  10.31399079  16.22779576
  15.90158173  15.39360325  14.58238235  13.03727857  18.31351798
  23.79278398  22.99174442  19.91418434  16.61142448  17.52029596
  23.12018798  26.02546938  31.90942778  37.57407146  41.62412221
  40.48058653  38.17283629  34.67082971  20.19852011  17.64079494
  18.6401148   15.15501462   3.9688861  -13.08580868 -19.14730444
 -17.20651943 -14.23724553 -13.10335518 -12.56739782  -6.88592614
  -2.66909518   4.21904023   4.60806495   7.90603539   5.83297225
  11.01255154  15.33391871  12.36238471   7.03898347  -1.54501706
  -1.26099885  -4.8010524   -9.19248973 -11.04315745  -5.58071693
   1.6895753    8.306109     7.26303135  13.91037213  20.45928742
  21.52105602  13.70506686   9.18800251   7.12373545   4.76130718
   5.15752582  12.01918118  25.13305792  25.71451362   8.25278893
   1.69243216  11.52530873  19.49767536  21.54648386  23.14439422
  26.64841159  20.95637987   7.83624452  -0.32369588   4.64182796
  12.9701822   17.15013334  21.88293612  17.06560856  14.28078775
  18.14097564  17.20476225  16.51937908   7.41216912   9.15049463
  14.56677164  14.05123097  13.17148053   9.37126101  15.16684962
  18.56645856  16.37575402  11.83862514  14.5191499   14.56847095
  18.37244383  14.68822448  16.38719386  24.62072296  26.73077875
  25.05307117  15.68469404   3.95427399   4.66514752   6.84011152
   3.38619705  -0.60668738  -3.28748978  -4.49829674   1.99704836
   0.54859985  -4.52102854  -1.85395472   1.26552696   1.93526435
   7.71282333   6.01338663   4.99828596   7.02363782   9.68574391
   8.08316722  -1.0798808   -1.49233154   4.98087009  12.3483546
  10.94772725   9.51076939   9.88092343   3.91337712   4.55027415
   9.83706914  11.52050765   8.63595671  10.29796707   6.91080904
   0.04192592  -0.74917772  -1.00998383  -0.08848602  -5.12201809
  -1.19954176   1.45606121   3.25243163   6.46605346  10.80477059
  10.9852045    7.42728328  10.44329002   7.43611007   4.34308581
   4.95159114  -6.33524089 -11.23232888 -11.23371393  -1.74999783
   6.93796603   9.330198     7.54004824  11.66269858  13.26940682
  11.63019838],[ -2.78637086e-01  -4.08837582e+00  -6.03426990e+00  -1.49428868e+01
  -6.95983114e+00  -5.74228476e+00  -7.01683307e+00  -1.15504856e+01
  -1.64036211e+01  -1.96327107e+01  -2.35380047e+01  -3.01874516e+01
  -3.55672947e+01  -3.56898566e+01  -3.50004846e+01  -4.72077520e+01
  -4.87911924e+01  -4.25224618e+01  -4.19815712e+01  -4.18551143e+01
  -3.74088293e+01  -3.71868323e+01  -3.55258185e+01  -3.14067649e+01
  -2.54485565e+01  -1.61484743e+01  -1.24649042e+01  -9.68371443e+00
  -3.07920783e+00   9.54430955e-01   4.12857644e+00   4.48601932e+00
   5.23262418e-01   1.28203896e+01   1.41401359e+01   1.16798157e+01
   1.39908228e+01   1.55173655e+01   1.74285869e+01   1.33330973e+01
   4.78020377e+00  -3.54098660e-01  -8.81467548e+00  -8.28830387e+00
  -1.26678150e+01  -1.77679427e+01  -1.61268504e+01  -1.26884566e+01
  -5.55882085e+00  -8.06010100e+00  -1.00744105e+01  -2.72357988e+00
   2.68373978e+00   2.09194735e+00   1.90420822e+00   2.49144624e+00
  -3.44710860e+00  -8.85897189e-01   2.60537072e+00   4.78683625e+00
   7.17950310e+00   6.75162747e+00   6.90385884e+00   9.09236884e+00
   1.74189403e+01   2.22881612e+01   1.92332586e+01   1.85711998e+01
   2.25935769e+01   1.92222780e+01   1.89598722e+01   1.50840809e+01
   1.83390346e+01   2.51068627e+01   2.54877967e+01   3.33274171e+01
   3.51462755e+01   2.66197245e+01   2.82372100e+01   3.35365295e+01
   2.66151489e+01   1.99037305e+01   1.53119844e+01   1.57587656e+01
   1.28833550e+01  -2.01045612e+00  -4.41934117e+00  -9.94803867e+00
  -9.35756072e+00   3.17821468e+00   5.39681028e+00   4.99044362e+00
   7.96996904e+00   1.48956221e+01   1.99464707e+01   2.28186014e+01
   1.88112422e+01   1.01132034e+01   5.34442490e+00   3.26252252e+00
   2.79798442e+00  -8.95987515e-01  -6.22653570e-01   5.78830795e+00
   1.20643140e+01   7.39933734e+00   5.71573462e+00   9.46677483e+00
   8.83578314e+00   8.07365271e+00   9.06325714e+00   1.54184056e+01
   1.74369811e+01   8.30275636e+00   7.51672156e+00   8.25943436e+00
   7.51373441e+00   1.02185608e+01   7.44524118e+00   1.02577582e+01
   1.00293687e+01   7.55295505e+00   6.13061237e+00   1.61815023e+00
   8.01685263e+00   7.53432969e+00   8.22634130e+00   5.51361908e+00
  -3.48365023e+00  -7.56446201e+00  -7.83881184e+00  -8.71949480e+00
  -1.28137021e+01  -1.38923324e+01  -8.43310919e+00  -3.88737610e+00
   6.81996813e+00   2.07274311e+01   2.24587157e+01   2.12001644e+01
   3.05173097e+01   3.52982686e+01   2.93406342e+01   2.91009475e+01
   3.12182739e+01   2.28168614e+01   1.49437564e+01   7.57714012e+00
   7.35881996e-01  -5.36195425e+00  -2.26598267e+00  -1.29312949e+00
  -5.17570442e+00  -3.92199753e+00   6.28109285e-02  -6.91902750e-01
  -1.99588793e+00   2.05400599e+00   1.65136364e+00   5.32465347e+00
   5.00989433e+00   5.81955008e+00   5.90402687e+00   8.77813471e+00
   1.04088001e+01   1.06809453e+01   1.31300026e+01   1.22635643e+01
   1.05914381e+01   6.09081306e+00   3.22372968e+00   5.04106132e+00
   7.25469223e+00  -6.15367058e-01  -3.65539925e+00   1.48057859e+00
   2.91071034e+00   1.85810209e+00  -1.95864947e+00  -3.56383013e+00
  -3.99959949e+00  -2.92008071e+00   9.55853420e+00   1.02311019e+01
   8.05267483e-01  -6.10541545e+00  -1.41989196e+01  -2.23747720e+01
  -2.55411909e+01  -1.74147320e+01  -1.43728057e+01  -1.74190677e+01
  -1.49861175e+01  -5.20064611e+00  -4.05616156e+00  -1.93512288e+01
  -1.77635087e+01  -9.06230687e+00  -6.01227607e+00  -4.04719014e+00
  -5.62855829e+00  -9.15884098e+00  -1.23231719e+01  -1.21817452e+01
  -1.18642876e+01  -1.38282205e+01  -1.54529963e+01  -1.52156074e+01
  -7.57312977e+00  -4.89061125e+00  -1.41035899e+01  -2.37720503e+01
  -3.08046975e+01  -2.57082776e+01  -2.41131132e+01  -1.60217685e+01
  -9.35402806e+00  -1.17757338e-01   5.79992542e+00   4.94125625e+00
  -4.47963217e+00  -2.33500673e+01  -3.09545387e+01  -2.22042885e+01
  -9.66065761e+00  -5.32492971e+00  -2.25973391e+00   2.91549207e+00
  -2.11763491e+00   3.53406408e+00   7.95963114e+00   9.11092550e+00
   1.02078028e+01   7.93271332e+00  -4.92532738e+00  -7.29692979e+00
  -8.14838762e+00  -1.08377676e+01  -8.45653010e+00  -5.43288883e+00
   5.82927665e-01   2.07861293e+00   2.01514959e+00  -2.63391688e+00
  -3.25225348e+00  -2.56872086e+00  -2.30368381e+00   5.41261316e+00
   6.12166815e+00   6.25280159e+00   8.81784724e+00   7.98475229e+00
   6.93828944e+00   5.22518903e+00   5.60428359e+00   4.37721470e-02
  -3.68122416e-01   6.36324557e+00   1.54439151e+01   1.67719697e+01
   1.29254442e+01],[ -5.04428546e+00  -3.33228936e+00  -3.33975560e+00  -1.31042876e+01
  -7.06762690e+00  -4.27251109e+00   2.61620478e-01   4.08085334e+00
   4.17272558e+00   6.51370101e+00   1.03693380e+01   1.20958487e+01
   1.02570459e+01   1.33927657e+01   1.51603555e+01   1.65436551e+01
   2.37757792e+01   3.48131058e+01   4.24841155e+01   4.12197546e+01
   4.14821420e+01   3.42426956e+01   2.77586592e+01   2.70365695e+01
   2.64677689e+01   2.98622839e+01   2.84444704e+01   2.02968334e+01
   1.83623123e+01   1.55342753e+01   2.09489799e+01   1.59507954e+01
   1.04002560e+01   1.23542401e+01   7.86853488e+00   7.24560379e+00
   1.05265887e+01   1.91279142e+01   2.45988759e+01   2.76729979e+01
   3.01836675e+01   1.92119360e+01   7.91165762e+00   3.65801050e+00
   1.32239484e+00   3.72420999e-01  -1.58571414e+00  -5.51190373e+00
  -5.28415654e+00  -9.07725316e+00  -6.34576439e+00   1.17107629e-01
  -5.02620978e+00  -1.47541358e+01  -1.96634369e+01  -1.50631903e+01
  -2.13171292e+01  -2.71350385e+01  -2.75072546e+01  -2.70742972e+01
  -1.69472121e+01  -1.47383588e+01  -2.02651404e+01  -1.93820703e+01
  -1.51991642e+01  -1.48954203e+01  -1.34637777e+01  -6.64029059e+00
  -9.50784051e-01   2.16193106e+00  -5.93105420e-01  -1.52851242e+00
  -3.77390099e+00  -3.60101862e+00  -6.13523217e+00  -3.48943200e+00
  -9.04181937e-01   3.78555152e+00   6.01259405e+00   3.24905949e+00
   4.45477199e+00   3.69132033e+00   4.88809893e+00   8.76786463e+00
   1.21607909e+01   8.09535914e+00   1.88940978e+01   2.82922119e+01
   3.96599972e+01   4.45782691e+01   4.14565317e+01   3.42772446e+01
   3.03799852e+01   3.37262614e+01   3.94832113e+01   4.08509723e+01
   4.06284698e+01   4.05958718e+01   4.12059848e+01   4.05658088e+01
   3.61981585e+01   2.75286946e+01   2.34304024e+01   2.53793764e+01
   2.68651213e+01   2.58696905e+01   2.55891657e+01   3.30910605e+01
   3.33477999e+01   3.39300806e+01   2.71598007e+01   2.65179839e+01
   2.88791327e+01   2.11107897e+01   2.44575619e+01   2.84736362e+01
   2.55865563e+01   2.23689307e+01   1.61056788e+01   1.38916023e+01
   1.35040653e+01   6.67200755e+00  -2.21484365e+00  -5.10137082e-01
   3.95110620e+00   1.41706227e+00  -2.21286507e+00  -3.60562873e+00
  -1.58165000e+00  -7.99673926e-02  -3.66671054e+00  -5.85415993e+00
  -5.14074576e+00  -4.91669768e+00  -2.97873343e+00  -1.88377978e+00
   3.46495438e+00   1.10469905e+01   1.30502160e+01   1.73418353e+01
   2.42607780e+01   2.76267540e+01   1.99911819e+01   1.89671160e+01
   2.03673259e+01   1.75169593e+01   1.99506554e+01   2.37943239e+01
   2.27913328e+01   1.42125356e+01   1.53757796e+01   1.29277315e+01
   1.30043237e+01   1.72189024e+01   2.81286350e+01   2.37514638e+01
   1.86583460e+01   1.62306275e+01   1.42252250e+01   1.56144999e+01
   1.30550699e+01   9.01910276e+00  -5.38322727e+00  -1.68294478e+01
  -8.49345187e+00  -8.09790993e+00  -1.33340243e+01  -1.82273036e+01
  -1.86503569e+01  -1.67003780e+01  -1.62910130e+01  -8.67884238e+00
   6.23132674e+00  -1.83433694e-01  -1.33674366e+01  -1.35735029e+01
  -7.64024871e+00  -7.49628778e+00  -3.03561032e+00  -1.22183890e+00
  -7.24823008e+00  -8.82410452e+00  -2.67935635e+00   7.79780191e+00
   7.70844948e+00  -1.53492031e+00  -9.84892408e+00  -1.68991318e+01
  -1.68431732e+01  -6.09776815e+00   4.30316046e+00   6.86555781e+00
   9.81405580e+00   1.30396027e+01   1.14637033e+01   7.99433886e+00
   8.06339476e+00   1.88070585e-01  -5.80497868e+00  -5.46427113e+00
  -8.33010928e+00  -2.93788875e+00   6.08711870e+00   4.64164012e-01
  -1.46710697e+00  -1.61006236e+00  -1.62208224e+00  -1.81165234e+00
   1.08087107e+00   2.79001711e+00  -2.10909283e+00  -1.73148261e+00
   2.42964993e-01   2.14475723e+00   6.71727877e+00   5.18623329e+00
   3.32622011e+00   4.77826796e+00   8.00521016e+00   9.78519488e+00
   1.84497598e+00  -1.16558654e+01  -1.98400159e+01  -1.70836614e+01
  -9.32679832e+00  -7.75524581e+00  -6.08738469e+00   2.51514061e-02
  -9.58392612e-01  -1.73908839e+00  -1.72105447e+00  -1.09370206e+00
  -1.16850517e+00  -3.93595761e+00  -1.05499564e+01  -1.42571733e+01
  -1.67692483e+01  -2.08547368e+01  -1.74861720e+01  -1.31665778e+01
  -1.34341248e+01  -1.12393435e+01  -1.32036405e+01  -1.21046357e+01
  -8.41260057e+00  -3.18714182e+00   2.46334705e+00   5.28758557e+00
   9.85243547e+00   1.30361128e+01   1.37535070e+01   1.59082563e+01
   4.73933624e+00  -3.93564087e+00  -6.08967422e+00  -7.96604595e+00
  -6.35060416e-01   1.26508758e+01   1.66290895e+01   1.68144062e+01
   1.42815200e+01],[  6.20800868e-01   5.47191204e+00   7.69602197e+00   5.26085252e+00
   1.37096850e+01   1.26117685e+01   7.59978332e+00   1.06601771e+01
   9.53308111e+00   6.48371021e+00   2.95801390e+00   1.17079144e+00
  -4.62319934e+00  -6.56766057e+00  -2.82880401e+00   4.37748297e+00
   2.53297682e+00   7.68902256e+00   1.50004522e+01   8.25822521e+00
   3.42569042e+00   1.96005211e+00  -5.87814944e+00  -1.19143965e+01
  -1.14058119e+01  -3.86083753e+00   1.31868196e+00   2.23745918e-01
   3.27665616e+00   2.80035456e+00  -5.42338676e-01  -5.58473628e+00
   5.16803562e-01   2.76225605e+00   8.49511261e-01   2.95532661e+00
  -3.92249914e+00  -5.77678411e+00  -6.94140625e+00  -8.28296209e+00
  -4.21819797e+00  -1.01703136e+01  -1.44794887e+01  -1.22538621e+01
  -7.06718292e+00   1.41609231e+00  -7.40773217e-01  -5.73166830e+00
  -1.05699430e+01  -6.23258490e+00   5.66285723e+00   1.17460047e+01
   4.23252627e+00  -2.59328525e+00  -8.22825038e+00  -1.02280034e+01
  -9.95269684e+00  -1.23346389e+01  -9.99742886e+00  -7.99613075e+00
  -3.55277960e+00   1.16856455e+00  -4.83905554e+00  -3.76238674e+00
   1.55049386e+00   6.70482067e+00   8.78239270e+00   7.22726537e+00
  -1.55796170e+00  -1.14980183e+00   3.95038150e+00   2.11761409e+00
   3.88015652e+00   7.17901054e+00   1.27302146e+01   1.70665768e+01
   2.00928353e+01   2.27924383e+01   2.83692853e+01   2.47043724e+01
   2.71934991e+01   2.42499383e+01   2.32978713e+01   2.01759833e+01
   1.69817724e+01   1.94617202e+01   2.34150921e+01   2.48450987e+01
   2.56851581e+01   2.03034465e+01   1.28887102e+01   7.08805373e+00
   5.24883080e+00   9.28817833e+00   1.33057519e+01   1.59473452e+01
   1.68875610e+01   6.54429067e+00   3.24884484e-01   1.86647034e-02
   3.61576608e+00   1.02323767e+01   1.47407885e+01   1.55315357e+01
   1.57474780e+01   1.35786674e+01   1.02800854e+01   6.04276325e+00
   8.38990594e+00   1.57950206e+01   1.91092882e+01   2.14339688e+01
   2.42463083e+01   1.64240368e+01   1.36123714e+01   1.81947007e+01
   1.57533855e+01   1.14430717e+01   1.25767418e+01   1.36868395e+01
   2.22279789e+01   1.57554915e+01   5.19334059e+00   5.72657095e-01
  -3.16111169e+00  -9.75739692e+00  -1.16908412e+01  -8.16526778e+00
  -1.57269463e+00  -5.02995669e-01   2.10481779e+00   4.34397702e+00
   6.14127410e+00   1.07372834e+01   1.51062684e+01   1.65654382e+01
   2.15581984e+01   2.87469076e+01   2.96420995e+01   2.82247719e+01
   2.60791475e+01   1.84259284e+01   6.48862510e+00  -4.81325640e-01
  -3.13837240e+00   4.57988431e+00   5.78180259e+00   6.00315619e+00
   5.51126450e+00   1.95369834e-01   3.66292856e+00   3.64550446e+00
  -1.18629788e+00  -6.40531898e+00   1.04846156e+00   2.48622111e+00
  -1.33974591e+00  -4.81945517e+00  -2.94195409e+00   2.70664873e+00
   7.48175836e+00   6.84845239e+00  -3.39222956e-01  -1.10312566e+01
  -6.30891387e+00  -5.94324054e+00  -1.13526885e+01  -1.27491004e+01
  -1.49543613e+01  -1.09127803e+01  -7.44438906e+00  -6.78980555e+00
  -2.11542279e+00  -5.77506213e+00  -1.20374774e+01  -1.85448562e+01
  -1.61295390e+01  -3.45752913e+00   1.08718492e+01   1.36771833e+01
   4.67797096e+00  -4.97208539e+00  -8.56495067e+00  -1.41255502e+00
   8.63774567e+00   5.89781339e+00   9.42563930e+00   1.30693451e+01
   1.51652675e+01   1.90011220e+01   1.58658526e+01   5.97458467e+00
   4.91754575e+00   5.30607795e+00   2.19369068e-01  -5.11211149e-01
   8.82625665e-01   5.87759925e+00   5.02399277e+00   2.97698046e+00
  -3.29974511e+00  -3.94791011e+00   1.99303512e+00   5.47737322e+00
   4.19195680e+00  -6.89823789e-02  -2.10005845e+00  -1.54762046e+00
   3.97431194e+00   1.30585546e+00  -1.76561652e+00  -5.12779723e+00
   2.97539636e+00   9.08600090e+00   8.96786080e+00  -2.47810157e+00
  -6.46625393e+00  -6.92609250e+00  -6.83615297e+00   1.52202273e+00
   3.51955043e+00   1.14428100e+00  -7.06046328e+00  -1.63197715e+01
  -1.53422962e+01  -1.09283222e+01  -5.97467362e+00  -2.78312900e-01
   2.82249236e+00   4.11756485e+00   2.85168226e+00   3.65274693e+00
   2.54748253e+00  -4.49177910e+00  -7.05774025e+00  -7.86246595e+00
  -5.20524695e+00   5.95265664e-01  -2.47753544e+00  -5.68938936e+00
  -5.03443688e+00  -3.70396697e+00  -1.41722566e-01   1.04315133e+01
   1.54391705e+01   1.45174900e+01   1.83761551e+01   1.78009992e+01
   1.45037339e+01   8.67673259e+00   6.70325167e+00   6.25384548e+00
  -7.85477471e-01   2.85517977e-01  -4.09954438e+00  -5.94815441e+00
   4.17611170e+00   1.32975024e+01   1.18574165e+01   1.34883439e+01
   1.15105770e+01],[ -1.74137048e+00  -9.72172629e-01  -1.17641502e+00  -7.71127164e-01
   4.41309985e+00  -1.61350747e+00  -9.50077313e+00  -5.24025933e+00
  -6.41122011e+00  -5.59424120e+00  -9.35746115e+00  -1.26937965e+01
  -1.61395286e+01  -1.78581791e+01  -1.64438160e+01  -1.60817151e+01
  -1.46500885e+01  -5.76266418e+00  -5.84244086e+00  -1.24485609e+01
  -1.40160165e+01  -1.05773858e+01  -1.04402113e+01  -1.14868032e+01
  -5.22102374e+00   7.17812319e+00   7.47904357e+00   6.25062658e+00
   3.91115676e+00   6.49540029e+00   2.93956704e+00  -4.38464698e-01
   5.01413595e+00   6.53697207e+00   7.21072073e+00   1.20039268e+01
   3.24553336e+01   4.31807085e+01   4.66646425e+01   4.56861237e+01
   4.00306432e+01   3.75680458e+01   3.71041199e+01   3.13192865e+01
   1.82510528e+01   1.09063630e+01   3.76532599e+00   1.03425830e+00
  -2.96973393e+00  -3.27078110e+00   5.35072623e+00  -1.37886177e+00
  -1.19536609e+01  -8.65186424e+00  -3.73614568e+00  -5.75632886e+00
  -1.81832198e+00   3.14366603e-01   7.05447691e-01   1.45537890e+00
  -2.13546656e+00  -5.06395966e+00  -6.87981762e+00  -1.84624528e+00
   5.69945892e+00   9.37422322e+00   8.67472478e+00   2.15328809e+00
  -3.36478959e+00  -1.19090556e+00  -8.88705832e-01   3.20579703e+00
   1.87568483e+00  -3.18110770e+00   1.84034854e+00   8.69875090e+00
   7.81877119e+00   1.08016198e+01   9.41769248e+00   8.52632669e+00
   1.31770691e+01   9.42418603e+00   1.01892365e+01   9.62208016e+00
   8.21285309e+00   2.13398099e+01   1.93467889e+01   1.67783973e+01
   1.59556768e+01   1.39117643e+01   8.33670891e+00   7.43794790e+00
   1.14620160e+01   1.68856927e+01   1.85340609e+01   2.13905703e+01
   2.27312001e+01   2.05419384e+01   2.03143659e+01   2.43231718e+01
   2.89932827e+01   3.04867254e+01   2.52741222e+01   2.37781199e+01
   1.73743773e+01   1.71968700e+01   1.15910681e+01   6.58951329e+00
   1.21737902e+01   1.80673054e+01   2.30623748e+01   2.65653278e+01
   2.49930917e+01   1.78061266e+01   1.10757975e+01   1.38190370e+01
   1.20052050e+01   1.17317606e+01   1.10875323e+01   1.21123429e+01
   2.48270624e+01   1.97695944e+01   8.56094768e+00   2.99564109e+00
   1.72519382e+00  -2.00429159e+00  -5.26445108e+00  -3.89338637e+00
  -2.02610465e-01  -3.79352032e-02   1.58627375e+00   7.90217367e+00
   1.58268083e+01   1.80949882e+01   1.86109022e+01   1.78421942e+01
   1.97422331e+01   2.76558962e+01   2.61510294e+01   1.86003822e+01
   1.28696569e+01   1.28315185e+01   1.41205369e+01   1.41386848e+01
   1.09587082e+01   1.73110843e+01   1.84570252e+01   1.49381853e+01
   1.52835841e+01   1.48601698e+01   1.43972478e+01   1.47708655e+01
   8.35658397e+00   4.38022881e+00   1.07006140e+01   1.42027302e+01
   5.65579523e+00  -2.01221115e+00  -5.24995956e+00  -3.91464446e+00
  -2.41220160e+00  -3.86132393e+00  -8.01792971e+00  -7.42043651e+00
  -1.05003329e+01  -1.40574467e+01  -1.61337418e+01  -1.22428299e+01
  -9.42389753e+00  -6.24102691e+00  -5.87584972e+00  -2.84318124e+00
  -5.53872557e+00  -7.51489589e+00  -1.11627539e+01  -1.97215535e+01
  -2.36498929e+01  -2.93353395e+01  -2.77721717e+01  -2.45125096e+01
  -2.48511849e+01  -2.39148052e+01  -1.67168543e+01  -1.78523836e+01
  -1.33029765e+01  -1.79542669e+01  -2.02370776e+01  -1.95958458e+01
  -2.09229109e+01  -2.84759280e+01  -3.92335636e+01  -4.51851241e+01
  -3.67916857e+01  -2.44898541e+01  -2.37189339e+01  -2.15752452e+01
  -9.95831358e+00  -1.11511937e+00  -2.80035999e+00  -1.00276774e+01
  -1.83484912e+01  -2.40841845e+01  -2.47798396e+01  -1.99662624e+01
  -1.93368327e+01  -2.33920299e+01  -2.18244593e+01  -1.26393243e+01
   7.37007320e-01  -2.33594901e+00  -3.65308949e+00  -8.00610185e+00
  -6.86775919e+00  -1.19201788e+00  -3.05351166e+00  -5.01897515e+00
  -4.52322858e+00  -3.98820383e+00  -9.21401262e+00  -4.17156027e+00
   8.74186477e-01   5.02259866e+00   1.25081271e+00  -5.66638468e+00
  -1.06276982e+01  -8.83496581e+00  -5.22509177e+00  -4.89971554e+00
  -4.93418716e+00  -3.44801973e-01   1.68396432e+00   1.05259225e+01
   1.26130543e+01   2.12842020e+00  -1.58266714e+00   1.61840316e+00
   4.41160921e+00   1.16248362e+01   9.87626108e+00   1.07874720e+01
   1.13803221e+01   1.37234418e+01   2.48571893e+01   3.10269451e+01
   3.25162915e+01   2.71979636e+01   2.82324299e+01   2.78031668e+01
   2.07299638e+01   1.06113937e+01   7.07586206e+00   9.49604716e+00
   1.31860137e+01   2.07838016e+01   1.28802810e+01   5.84179344e+00
   1.00930039e+01   9.13643400e+00   6.67671477e+00   1.03455131e+01
   5.76442087e+00],[ -1.77084722e+00  -8.67304474e-01  -1.85623916e-01  -2.99827186e-01
   2.86922571e+00   4.15549052e+00   1.21750519e+00   2.41248298e+00
   3.24913294e+00   6.28342921e+00   1.01987739e+01   1.15879502e+01
   1.83359220e+01   3.28968784e+01   4.40465306e+01   4.99494129e+01
   5.13619134e+01   5.11939395e+01   4.62678885e+01   4.76691569e+01
   4.88772288e+01   4.89510685e+01   4.45187442e+01   4.39838892e+01
   3.76096339e+01   3.30552009e+01   2.55530879e+01   2.10755682e+01
   2.45400056e+01   2.86729667e+01   2.96390169e+01   2.59855849e+01
   2.00499736e+01   1.62739318e+01   1.03115513e+01   9.72411202e+00
   1.55584427e+01   1.83130089e+01   2.02560099e+01   1.87296586e+01
   1.71680729e+01   2.75709643e+01   3.64064441e+01   3.34900666e+01
   2.63232855e+01   2.29875412e+01   1.95103815e+01   1.78685858e+01
   1.51961370e+01   9.66156299e+00   1.06521549e+01   5.43789607e+00
   1.38877005e+00   1.15068513e+01   1.68356130e+01   1.20473107e+01
   4.47333848e+00   1.00332068e+01   1.36071195e+01   1.36718989e+01
   1.03008480e+01   9.28392272e+00   9.50978484e+00   1.22164416e+01
   1.33812782e+01   1.66180145e+01   1.74360109e+01   1.64445416e+01
   1.95222567e+01   1.39263392e+01   8.93253574e+00   9.06315959e+00
   4.10003743e+00  -3.89912684e-01   7.92560616e+00   2.16944137e+01
   2.00138853e+01   2.07335303e+01   2.42137057e+01   2.71176935e+01
   2.60453501e+01   1.75366058e+01   1.77067251e+01   1.75088168e+01
   1.75238027e+01   2.93551701e+01   4.17230201e+01   4.86635502e+01
   5.21331787e+01   4.44445661e+01   3.13551601e+01   2.35949234e+01
   2.20634695e+01   2.35187308e+01   2.65066935e+01   2.55908764e+01
   2.59968479e+01   2.43776219e+01   2.41343774e+01   2.68556050e+01
   3.06914147e+01   2.87223079e+01   1.93743004e+01   1.90547752e+01
   1.43032248e+01   9.50013053e+00   5.89105890e+00   5.49522874e+00
   5.55695772e+00   1.20872408e+01   1.56898101e+01   1.57970278e+01
   1.72338070e+01   1.35960087e+01   1.24156502e+01   1.96771957e+01
   1.92595115e+01   1.38447872e+01   1.21854174e+01   1.49107245e+01
   2.28097869e+01   1.49544563e+01   1.04846668e+01   9.07828728e+00
   7.93612191e+00   1.16979190e+01   1.12199380e+01   8.23161512e+00
   3.69697832e+00   6.67812857e-01  -1.28224206e+00   1.63519268e+00
   1.02474877e+01   1.19163220e+01   9.67904817e+00   8.12850195e+00
   5.90526689e+00   7.12977525e+00   1.05309450e+01   8.18240532e+00
   5.31219861e+00   7.76293483e+00   1.31804967e+01   1.38786941e+01
   8.53732922e+00   1.24485600e+01   2.09644105e+01   2.97435034e+01
   3.99343157e+01   4.35030825e+01   3.01571240e+01   2.12906726e+01
   1.48600236e+01   1.10291425e+01   6.70031910e+00   1.00111089e+01
   7.73375982e+00   8.52593857e+00   5.52915331e-01  -7.14295117e-01
  -1.11763491e+00  -4.71340505e+00  -6.23632477e+00  -1.55819113e+00
  -1.32791981e-01   3.44900734e+00   1.33471441e+00   3.42172387e+00
   7.12689703e+00   1.05719747e+01   1.31838118e+01   2.18773085e+01
   1.30247594e+01   1.00682658e+01   1.24067157e+01   9.16804654e+00
   3.48733856e+00  -9.96373241e+00  -2.10547127e+01  -2.12852919e+01
  -1.88328439e+01  -7.98820734e+00  -3.46578766e+00  -1.17337892e+01
  -8.59588634e+00  -1.03804844e+01  -1.00200502e+01  -2.03197503e+00
   5.18973705e+00   5.29659568e-01  -6.70374190e-02   3.73194738e+00
   5.23994469e+00   3.35697028e+00  -8.51571282e-01   2.01512544e+00
   5.76369931e+00   4.96146805e+00   8.64017614e+00   6.31422698e+00
   4.62757257e+00   6.84300184e+00   9.33327997e+00   4.52525250e+00
   4.20861293e+00   7.33393954e+00   8.95815710e+00   1.21988344e+01
   6.41528299e+00   4.30126928e+00   7.70859536e+00   1.03452912e+01
   1.00944235e+01   6.52982518e+00   8.48017018e-02   2.89453958e+00
  -1.04253495e+00  -6.77936659e+00  -1.33456219e+01  -1.47404046e+01
  -1.16527896e+01  -2.57812836e+00   4.95378431e+00   1.16203322e+01
   1.71986481e+01   1.62326151e+01   9.49057441e+00   1.55406333e-02
  -6.78413561e+00  -5.81615208e+00  -6.84077366e+00  -3.15253914e+00
  -1.66326490e+00  -3.49958584e+00   3.45801323e+00   2.91168448e+00
   1.00081937e+00   5.57998090e+00   7.31527034e-01   6.32838427e+00
   4.42219846e+00   7.47969093e+00   1.15965214e+01   6.93390190e+00
   8.20443080e+00   9.97737881e+00   1.06052322e+01   1.07341761e+01
   1.21111825e+01   1.19403390e+01   1.27019470e+01   1.26427296e+01
   1.44552382e+01   1.79717901e+01   1.52206558e+01   1.13819721e+01
   1.35215700e+01   7.34043075e+00   3.32787468e+00   6.76984211e+00
   6.30664063e+00],[  4.62525052e+00  -6.18633227e-01  -2.31949417e+00   1.60625716e+00
   4.18656282e+00   8.15838894e+00   5.97355883e+00   2.46719449e+00
   1.47516941e+00  -3.88256742e+00  -2.04752543e+00  -1.64005941e+00
   8.44972839e+00   2.07437181e+01   2.15230483e+01   2.08413750e+01
   1.01825917e+01  -6.87666279e-01  -4.36484952e+00   2.36623388e+00
   6.38495366e+00   1.13809515e+01   8.81450586e+00   8.37375491e+00
   3.80814754e+00   4.51773236e-01  -4.54154976e+00  -2.77219102e+00
   3.07537766e+00   5.42410150e+00   5.95022646e+00   6.20698535e+00
   9.17603871e+00   1.06120816e+01   6.38319996e+00   1.77931680e+00
  -8.61615683e+00  -9.09843137e+00  -7.94847137e+00  -1.04795643e+01
  -1.10023057e+01  -9.86023731e+00  -4.83173882e+00   3.05622584e+00
  -1.60138902e+00  -5.05258780e+00  -1.26723530e+00   4.55748428e-01
   2.67664243e+00   6.28972533e+00   1.01002267e+01   1.22821213e+01
   1.82283011e+01   2.28222625e+01   1.86056813e+01   8.91767890e+00
   1.78556315e+00   2.06248497e+00   5.30072695e+00   7.48619714e+00
   6.46489196e+00   1.02076295e+01   8.78163025e+00   8.17079546e+00
   8.77497695e+00   1.24725447e+01   1.26569933e+01   9.03862910e+00
   9.17935529e+00   1.86779771e+00   5.26080854e+00   6.64004022e-01
  -3.60127973e+00  -1.19349576e+01  -1.25325351e+01  -1.03711383e+00
   4.84033065e+00   2.91384980e+00   3.44199782e+00   3.52938461e+00
   6.60897417e+00   1.54322264e+00  -8.62534766e-01  -1.27289338e+00
   2.98237086e+00   1.21456225e+01   2.13029636e+01   2.54122739e+01
   1.40026635e+01  -1.88293188e+00  -2.51326415e+00  -7.03293922e+00
  -7.91302799e+00  -5.56200274e+00  -3.40478282e+00  -2.79923457e+00
  -8.71209044e+00  -1.73099746e+01  -2.12847913e+01  -2.39859175e+01
  -2.21181148e+01  -1.59698338e+01  -1.67916130e+01  -1.49375979e+01
  -1.68012735e+01  -1.77349763e+01  -1.20022106e+01  -1.04671499e+01
  -1.03357674e+01  -4.77658173e+00  -1.76359727e+00   2.81366719e+00
   6.05453825e+00   2.50958895e+00   2.75040056e+00   4.48356739e+00
   3.97501573e-01  -1.34274445e+00  -9.03964437e-01   4.08038602e+00
   8.71504635e+00   2.09631017e+00   1.20630150e+00  -1.54177319e+00
  -4.84692938e+00  -1.40513561e+00  -1.14927999e+00   1.55619857e+00
   1.89170561e+00   1.71316042e-02  -1.26177984e+00  -4.57291794e+00
  -2.72755465e+00   3.90887130e-01   4.02179952e+00   8.45834478e+00
   8.67420224e+00   8.82007879e+00   9.44423927e+00   7.39546260e+00
   5.18671210e+00  -6.47037136e+00  -1.03527906e+01  -1.17848515e+01
  -1.06172125e+01  -1.45279625e+01  -1.66291401e+01  -1.03384034e+01
   2.09403906e+00   1.19003690e+01   4.57583158e+00  -6.03863532e+00
  -3.20399624e+00  -2.73720604e+00  -5.75850676e+00  -1.10898673e-01
   1.10620528e+00   2.18830918e+00  -8.60294456e+00  -1.22720505e+01
  -1.75188285e+01  -1.84301931e+01  -1.14714813e+01  -5.13010178e+00
   6.58826238e+00   9.36469071e+00   6.96922761e+00   6.78239290e+00
   7.24517640e+00   3.69790484e+00   6.03418076e+00   8.51555547e+00
  -9.91000910e-01  -4.47970314e+00   1.58353583e+00   7.04011706e+00
   3.87718563e+00   5.28683867e+00  -2.59916539e+00  -5.59015817e+00
  -3.67548492e+00  -3.84322674e-01  -6.59962450e+00  -9.32373828e+00
  -8.91096447e+00  -1.02359919e+01   2.10388435e+00   1.19773816e+01
   1.41145836e+01   7.68256246e+00   8.49803546e+00   1.27211764e+01
   9.25759833e+00   2.37605888e+00  -3.58414053e+00  -9.71743697e+00
  -1.31684749e+01  -9.15023345e+00  -1.90411953e+00  -4.09409267e+00
  -5.45190604e+00   3.97400963e+00   8.61823175e+00   8.31387933e-01
  -3.03640113e+00  -2.09654945e+00  -4.21795234e+00  -2.59487921e+00
  -2.26229423e+00  -4.98596265e+00  -6.85914889e+00  -9.63485499e+00
  -1.20649360e+01  -6.18506123e+00  -1.08068357e+00   5.04612346e+00
   1.24832664e+00   8.02582407e+00   1.19952090e+01   1.14275661e+01
   1.16414172e+01   1.14995339e+01   1.28361294e+01   1.48821565e+01
   1.57598228e+01   1.23185700e+01   4.48368217e+00   6.54553974e-01
   5.89871936e-01   1.05002185e+01   1.70156989e+01   1.61912302e+01
   1.28219489e+01   1.09392635e+01   9.00654579e+00   2.83026959e+00
  -9.55699367e-02   1.48870085e+00  -8.39236846e+00  -6.23372196e+00
  -6.09440874e+00  -1.13784151e+01  -1.38473626e+01  -1.05225288e+01
  -6.55052348e+00  -5.69932498e+00  -7.23303790e+00  -9.73746936e+00
  -2.53684898e+00   2.49891273e+00   7.47728207e+00   4.93322604e+00
   7.48593323e+00   7.22389097e+00   2.71330537e+00  -1.09392270e+00
  -3.98620619e+00  -4.44908312e+00  -2.11694117e+00   3.71284876e+00
   6.23603419e+00],[ -1.14160609  -4.18627031  -4.41191846   1.36149101   2.38967473
   4.31823742   8.665601    14.23691666  12.57527485   8.61599562
   7.87958243  11.37387289  21.33173369  24.84648483  13.45442882
   1.27923654  -0.93690527   0.11141932   3.67049546   6.16968302
  13.71377718  20.70714934  20.08156968  20.12406081  25.47315733
  29.93864157  21.52101201  16.31407411   8.28534292  10.74369735
  12.99519741   7.15060732   5.47864034   8.65716206  12.57810571
  10.69189852  13.81280965  15.47334323  16.58493497  19.55095701
  17.16265613   9.3453496   13.26169963  24.39091881  18.69235489
   8.79645123   5.59109512   6.85709044   6.64973317   6.26276031
   7.87091763   4.56822456   7.50216519   8.46954042   6.74853568
   1.23993715   0.81984328  -0.30504831  -0.78742283  -3.94356168
  -7.25663122  -7.52142721  -6.01036445  -9.48525194  -9.99795911
 -12.16862253 -17.48837366 -24.96094385 -22.92842105 -16.39808886
  -9.38005253   0.56655073   9.24949044   5.87962414   8.26455276
  12.35863966  12.54704167  17.36582372  18.27869931  16.22948626
  18.68965789  17.91299907  12.1519901    2.37010372   0.70683695
   0.66285492   0.21406211  -0.2613542   -7.60921999 -15.62895767
 -12.39020566 -12.30034562  -9.93988633  -9.99999858 -10.41661736
  -6.30139365  -6.2298952  -10.70384497 -10.97262417  -7.35773422
  -3.23450417   0.47439367   3.0590937    4.83744946   2.64834847
  -1.10633061  -0.22619732   0.77628102   3.95181314   3.80453265
   3.72859253   3.00729641  -5.58831912  -3.85419685   0.95978582
   1.8610373   -0.06779947   5.74567482   4.96330958   7.35059667
   8.3281431    6.98725065   2.11100588  -3.37220122  -2.25573356
  -0.40386857  -4.34391282   1.50210308   7.81872521  12.89255261
  10.66207985   8.14832783   8.40416865   6.16522133   6.38435572
   8.60130426   5.71998793   7.11406269   6.26129605   1.08442099
  -4.34100574  -1.63973215   1.53140944   1.26417486   7.28811415
   1.04684071  -2.57590457  -7.78680874  -4.96878997   3.46161725
   0.3734823   -5.518716     2.16798369   6.15532823   4.3573656
   6.76492008   4.31091461  -2.40995799  -8.12170399  -9.72149061
 -14.53394025 -13.62556109  -9.23082654  -6.17159358  -5.28879813
 -10.17864532 -12.02939066 -11.29282943  -9.69223357 -13.05952824
  -9.01996988  -9.12952785  -7.79223644 -11.77036997 -16.47789379
  -9.34705035  -6.91666435  -8.96682565 -14.2676202  -15.78032971
 -15.51936207 -13.26570508 -14.46625866 -10.31049459 -11.12407358
 -10.97293306  -7.95169938 -16.14441933 -23.13092738 -25.42483131
 -24.0362347  -17.14001545 -15.6088184  -12.11355242  -8.37763049
  -6.55970012  -8.3378958   -9.32718495  -1.27458661  -2.39048672
  -5.97883813  -3.31752297  -6.73141147 -14.7590199  -20.63977181
 -22.37492335 -22.30134471 -18.51772395  -6.99118837  -1.92861221
  -1.79310774  -4.23081192  -5.07792136  -4.73191347  -1.25161503
  -1.30171713  -9.93774782  -2.11510138  -8.98723052 -14.42368755
 -10.57793559  -6.6538045   -7.9417551   -2.74659183   2.20190217
  -2.15679405  -6.90819631  -9.70029514 -11.069061    -2.94346146
   3.56061889   1.48442616  -0.33645973   2.2767493    2.86699599
   2.06853082  -3.50430177  -7.6754767   -6.9381182   -4.65112284
  -1.78548832  -3.70882878  -1.65579193   3.14877837   3.37515536
   4.27036368   5.94980972   1.93952344   9.39181257  11.82300319
  11.13256206   9.03050681   5.56530102   1.84391293  -2.16325485
  -3.48822192  -5.12222253   2.20083326   2.09241103   5.2976927
   6.83369113],[ -5.41212407  -3.11321917  -1.60044128   0.23554293   2.32855481
   1.57906718   3.36586461  14.17495544  16.75493573  17.91878185
  22.18427283  28.24739843  30.87496891  24.22701539  13.60590419
   2.00694545   3.28699305   3.5116186    8.43551192   6.0047487
   7.76406173   6.73541609   1.07577801  -0.48026486   1.20757377
  -1.86679688  -6.08340637   0.45922924   0.69902112  11.98072215
  22.20011259  15.46955666   8.2964535    9.00333746   5.95061071
   0.5848386   -1.56547582  -1.49811887   4.91870981   7.57815814
   2.35070487  -2.50993651   2.35574779  11.64008714  19.52829528
  19.122735    15.8898953   18.23767538  18.59394955  15.41110699
  13.84999724  15.43244383  19.12742028  18.14540717  14.01588258
   7.39682714   6.12087375  11.52319458  12.24411928   7.39053243
   5.91563287   2.66707171   8.29944195   5.11435795   2.78247879
   1.98748428  -6.96456788 -12.09180723 -12.45622184  -9.39777506
  -9.76736007  -0.62758318   2.48274969  -6.17963372  -2.30776121
   1.38311948   4.01487288  10.12058497   8.93703481  12.6747709
  12.55289241  13.7922064   12.36696062   1.55705508   4.00874197
  10.83619193  18.17481581  21.59041722  19.83076478  13.65695195
   6.72332313   6.36213854  10.25421878  10.4952724   12.92112961
  14.89370708  17.88569024  11.35426313   7.25062197  10.83606063
  16.13703423  11.25427705   6.70453542   9.72155157  12.99996427
   9.74059353   8.50632003   5.36803711   7.31371513   9.61479866
  14.30099237  12.17557768   6.18639585   5.61092422   6.37788266
   7.24125685   9.92275792   9.01023988   4.05727702   6.09493344
   2.38884337   3.54300363  -0.71895423  -6.90137162  -5.34602991
  -3.50957112  -1.91134437   2.35217473   5.96858008  10.51827225
  10.32245007   8.02138781   0.12657519   0.43654524   2.67381755
   5.10563684  -0.93052153  -0.90740938   3.50495549  -1.58374702
 -11.45158222   1.28305041   7.54764832   3.13158589   3.67358098
   4.44186331  10.33969084   8.81814864   8.64386126   8.62287613
   2.47431256  -4.42633998  -5.95918466  -2.5521686   -4.69446231
  -6.32319661   0.16723727   2.71496849  -0.48603656   1.70069227
   3.25896895   3.96141326   3.96400618   4.78294132  -1.87258019
  -4.81767142  -6.21006095  -5.7340608   -8.71419875 -11.34501628
  -6.6180236   -7.06025833   0.45962632   1.15328498  -2.72508509
   3.93430217   8.57463718   5.32739118   4.97578848   4.04975099
  -2.58155734   1.94164784   2.20692719   3.96059117   3.91675317
   9.12816247   3.78073241  -3.60789151   0.7512743    4.15558124
  -0.54482384  -1.19329571  -3.53372336  -4.9202673   -4.97103699
  -4.2973899   -3.46604374  -1.19196417   5.10937355   7.74399607
   4.54671435   1.29375558  -1.30978331   2.75617838   3.26019686
   6.32794437  10.59943921   8.49138405  -3.20694056  -2.76157186
   3.82843872   8.29248724  10.68842093   8.81190181  -0.44580076
  -0.18086134   1.52768589  10.68425788   2.18905911  -2.3276524   -1.163902
   0.0750042   -7.11863574  -1.01860757  -0.7771135   -2.13770538
  -1.20182622  -2.59571696  -6.23165953  -2.04999778   3.35800343
  -2.81753764  -8.34836833  -7.43432403  -6.91846119  -4.6762332
  -5.79850374 -10.1591105   -2.79479088  -1.0920076    1.13457716
   3.46028694   7.94211898   2.12257353  -2.53379679  -2.12997895
  -0.55916274  -2.57761355  -2.00329714   0.65095728   0.79193248
   2.53134642  -1.95887402  -3.73228594  -0.31741408   1.83843356
   3.81302451   6.20558267   1.33593362   1.03598102   5.02627242],[ -1.01215772e+00  -1.55358049e+00  -1.14878761e+00  -4.83296616e+00
  -1.97030210e+00  -1.08896530e-01   1.01063562e+00   4.36304038e+00
   8.05391816e+00   1.23533824e+01   1.72394424e+01   1.48908323e+01
   4.17678729e+00  -9.81154481e+00  -1.67474978e+01  -2.18689835e+01
  -2.04491356e+01  -1.72175508e+01  -1.51501065e+01  -2.46021553e+01
  -2.42937441e+01  -2.09120087e+01  -1.56724314e+01  -6.65147731e+00
  -1.59404262e+00  -1.73987933e+00  -3.79425800e+00   5.39709585e+00
   1.24559501e+00  -3.44995614e+00   9.95148974e-01   2.09206184e+00
   3.66992609e+00   1.05381717e+01   7.38129599e+00  -1.30408658e+00
   1.72150349e+00   4.29731051e+00   8.25968650e+00   4.19643568e+00
  -5.81398114e+00  -1.03125634e+01  -8.62477391e+00  -6.30646862e+00
   4.68018403e+00  -2.63062770e+00  -3.45926797e+00  -6.43425240e+00
  -6.51593730e+00   1.77299822e-01  -2.39754372e-01   3.16200677e+00
   5.72291660e+00   4.46295610e+00   1.98691442e-01  -4.29029245e+00
  -8.68251252e-02   4.44071023e+00   4.30068301e+00   4.61354327e+00
   9.14847646e+00   4.89006942e+00   4.91972460e+00   3.98325109e+00
   6.81429977e+00   9.66579542e+00   9.54701860e+00   1.10851494e+01
   1.06670332e+01   1.11024480e+01   1.07504902e+01   9.26199910e+00
   6.31640319e+00   6.39796241e+00   6.42795516e+00   8.39662216e+00
   1.11239271e+01   9.76372454e+00   3.46314499e+00   7.23226014e+00
   2.71702382e+00   1.60110616e+00  -1.63805914e+00  -3.68821205e+00
   1.94989843e+00   1.22359523e+01   1.60159594e+01   1.32233343e+01
   1.24862962e+01   9.15032598e+00   5.07485881e+00   4.53785747e+00
   4.64841691e+00   3.89279654e+00   7.25868619e+00   1.00740018e+01
   1.01580647e+01   5.39719254e+00   3.00840688e+00   1.72907031e+00
   3.27879067e+00   5.69298042e+00   3.31982761e+00   2.01110833e+00
   3.96412975e+00   6.84864044e+00   9.94465954e+00   5.75538326e+00
   5.23968304e+00   9.48911638e+00   1.38491605e+01   1.25354851e+01
   1.27244372e+01   8.65296982e+00   9.67602505e+00   1.38510674e+01
   1.55541325e+01   1.27455182e+01   6.65286673e+00   7.68539971e+00
   1.04749312e+00   2.05698757e+00  -2.08421789e+00  -4.22251792e+00
   1.50612677e+00   8.20389188e-01  -7.59281113e-01  -1.72834306e+00
   6.66969362e-03   1.44831686e+00   3.79999749e+00   4.88719232e+00
   1.08968801e+00   1.91206987e+00   6.67186620e+00   1.28962275e+01
   1.15485030e+01   9.63478211e+00   1.01687518e+01   9.17271347e+00
   1.49062447e+00  -1.46402723e+00  -1.17897669e-01   8.90114845e-01
  -4.23588226e+00  -1.03635689e+01  -1.28330939e+01  -1.13171660e+01
  -8.59009569e+00  -3.62419395e+00   2.33300308e+00   4.80823102e-01
   4.90915934e-01   6.42890747e+00   8.76771885e+00   6.81558117e+00
   9.91179842e+00   9.32679931e+00   5.45010630e+00   5.51668515e+00
   6.30299152e+00   5.34299368e+00   1.95243282e-01  -1.61119591e-01
  -2.13491617e+00   5.90504305e-01   3.92529361e+00   8.06318026e+00
   5.77411923e+00   4.90997078e+00   8.62231235e+00   6.60143948e+00
   2.47014284e+00   2.98478396e+00   7.16486902e+00   1.25680242e+01
   1.54238774e+01   2.10560852e+01   2.73429672e+01   2.79498589e+01
   2.04307370e+01   1.48600107e+01   1.35167559e+01   1.23843714e+01
   8.38022719e+00   6.94313310e+00   3.61658133e+00   3.21711456e+00
   7.11623495e+00   4.26198896e+00  -3.49142139e+00  -2.29048978e+00
   5.93070406e-01   2.14739547e+00  -2.65047872e+00  -7.65786553e+00
  -1.30465364e+00  -3.04381274e+00  -3.62226882e+00  -1.37198627e+00
  -2.95964700e+00  -5.11345470e+00  -4.85343275e+00   1.00898685e+00
   7.01748692e+00   6.52100467e+00   8.37811550e+00   6.80818224e+00
  -2.91988792e+00  -5.56874827e+00   2.43569795e+00   9.80477935e+00
   7.73599100e+00   4.88612343e+00   6.44983063e-03   5.05108629e-01
  -3.29624256e+00  -2.08194826e+00   4.85715675e-01   2.78411469e-01
  -8.49019560e-01  -1.12447328e+00  -3.01229860e+00  -7.83393664e-01
   3.66633233e+00   9.32912463e+00   1.40727697e+01   1.35910817e+01
   1.05897350e+01   1.43861033e+01   1.64766444e+01   1.16508823e+01
   3.26635363e+00   3.08111585e+00  -6.00043535e+00  -1.05819308e+01
  -5.49076369e+00  -4.38374825e+00   3.87749645e+00   2.15616080e+00
  -1.98504620e+00  -3.88499954e+00   3.68613082e-01   3.08106507e+00
   3.31596253e+00   4.60091931e-01  -1.12276470e+00  -2.71924722e+00
  -9.28901145e+00  -9.15164753e+00  -8.61257711e+00  -2.49695755e+00
   3.94324756e+00   8.48716509e+00   1.18549174e+01   1.32697667e+01
   9.39666461e+00   3.80447754e+00   3.21899012e-01   1.85644654e+00
   4.82188390e+00],[  8.84131939e-01  -2.78404423e+00  -3.56903796e+00  -5.30806088e+00
  -2.25529006e+00   3.21170230e+00   5.75169750e+00   1.87031253e+00
  -1.07460876e+00  -7.66147726e-01  -4.46471133e+00  -1.44509721e+01
  -2.11822743e+01  -1.84934466e+01  -1.11784484e+01  -6.20400741e+00
   2.31603638e-03   7.28396948e+00   6.93829832e+00  -4.48062268e+00
  -1.48515392e+00   3.20440025e+00   8.38172273e+00   1.51533681e+01
   1.82763807e+01   1.91872316e+01   1.80487453e+01   1.82583170e+01
   1.32481093e+01   6.90829146e+00   6.90300122e+00   7.67862793e+00
   5.66214301e+00   1.08132313e+01   1.40277787e+01   9.14689094e+00
   9.16985071e+00   5.08386892e-01  -4.07025130e+00  -5.59913503e+00
  -3.56763911e+00   9.30908891e-01   1.06678109e+00  -4.78219773e+00
   3.66327178e+00   2.66071474e+00   2.23594410e+00   5.96046105e-01
  -3.53310162e+00   6.72340618e-01  -1.65126835e-01  -3.65796174e+00
  -1.28816841e+01  -1.14961743e+01  -6.53087210e+00  -3.52273541e+00
   2.47398664e+00   6.47146119e+00   9.60881741e+00   1.02538468e+01
   9.34554127e+00   4.54990624e+00   2.11888615e+00   1.61375862e+00
   1.29359488e+00  -6.85810556e-01   6.81145557e+00   1.14421571e+01
   1.12029564e+01   1.20750289e+01   9.98926186e+00   2.71739747e+00
   5.79220914e+00   7.06351950e+00   6.96811194e+00   4.31019830e+00
   2.12629790e-01  -1.37097446e+00  -1.74512711e+00   4.56465990e+00
  -4.31408999e-01   1.83451614e+00   7.51053578e+00   9.91671942e+00
   4.87896272e+00   9.35381546e+00   8.07825654e+00  -5.14624343e-01
  -8.65223808e+00  -2.52431978e-01  -6.59531786e+00  -5.82323521e+00
  -7.58474380e+00  -1.28175330e+01  -1.25512961e+01  -1.15079320e+01
  -1.16248215e+01  -1.11363610e+01  -9.70048229e+00  -8.84553751e+00
  -8.66184981e+00  -5.35642055e+00  -3.13619290e+00  -9.45875733e+00
  -1.31480274e+01  -1.19229633e+01  -7.60744077e+00  -3.85525507e+00
  -6.35828237e+00  -1.36521793e+00   2.20629241e+00   3.97186001e+00
   3.45017852e-01  -5.55975829e+00  -4.10385504e+00  -3.41709932e+00
  -7.68332974e+00  -2.90183120e+00  -3.70076203e-01   6.17558343e-01
  -2.64546185e+00  -1.49818692e+00  -1.51533393e+00   5.47320921e-01
   8.56616730e+00   9.45234390e+00   4.08668018e+00   1.54708008e-01
  -2.23649551e+00   4.20190710e-02   2.04431465e+00   6.77833895e+00
   7.84261493e+00   5.97533618e+00   7.45709035e+00   1.03253082e+01
   9.81735614e+00   4.41012860e+00  -2.79477783e-01   6.29100681e-01
   2.97081799e+00   3.03387736e+00   7.88330650e+00   1.19788489e+01
   6.91003758e+00  -6.19610839e-01  -2.89097080e+00  -1.06346473e-01
   4.99877044e-01   1.39880373e+00   1.34318113e+00  -3.17628162e+00
  -5.71278073e+00  -3.09991028e+00  -4.95716471e+00  -7.85456461e+00
  -7.06653733e+00  -9.31787177e+00  -6.77791760e+00  -3.67753913e+00
  -8.53789914e-01  -2.01784695e+00  -4.88544899e+00  -4.55068478e+00
  -7.23710186e+00  -4.61594686e+00  -1.33438446e+00   2.50511961e+00
   2.28029782e+00   1.35266834e+00  -4.45934263e-01   2.58770896e+00
  -3.15738252e+00  -7.80280822e+00  -4.02185682e+00  -1.34229825e+00
  -8.53546977e-01   1.61168628e+00   7.85042966e+00   1.34594733e+01
   1.26835045e+01   4.74507010e+00   7.60280848e+00   7.03545595e+00
   3.14341217e+00  -6.49946349e+00  -8.99080457e+00  -8.49341976e+00
  -1.02471043e+01  -8.20568770e+00  -4.08602676e+00   2.91509966e+00
   7.10595783e+00   1.18860312e+01   7.59798723e+00   3.25259573e-01
   4.24168710e+00  -4.45814889e+00  -3.77840286e+00   3.74528692e+00
   5.78301953e+00   1.63502219e+00   1.07038571e-01  -2.18152872e+00
  -1.28359593e+00  -6.00348058e+00  -9.51811956e+00  -9.57411018e+00
  -2.98886410e+00  -3.43475931e+00  -4.09538479e-01  -1.02655383e+00
  -5.51684571e+00  -4.41174495e+00  -2.08685264e+00   1.29746747e+00
   7.15180444e-01   3.28219878e-01   3.05271954e+00  -3.56639212e+00
  -4.24093155e+00   9.37419771e-01   1.59465214e+00  -3.72065758e+00
   8.78046325e-01   6.83490986e+00   1.09295524e+01   4.64355672e+00
  -1.54514385e+00  -2.28064397e+00  -6.83375332e+00  -7.85160617e+00
  -8.18936145e+00  -8.19239084e+00  -7.19380890e+00  -4.44648348e+00
  -2.74558428e+00  -1.31018137e+00   5.31108389e+00   1.87271832e+00
  -4.31683693e+00  -4.27326202e+00  -4.50786618e+00   2.20160461e+00
   5.02280226e+00   4.56273826e+00   4.01687224e+00   3.65631745e+00
   1.93096104e+00   4.70845679e-02  -3.64074086e+00   2.10491747e+00
   7.06129617e+00   1.08459880e+01   8.74670199e+00   4.29344433e+00
   5.52439950e+00   8.70462027e+00   2.03031428e+00   1.61635798e+00
   1.05277403e+00],[  1.91758842  -5.41195056  -9.61597593  -5.32692008  -2.04670731
  -1.03600274  -2.44988863  -2.5536271   -3.2933707   -5.94848548
  -6.44990135  -3.84512584   5.81668653  11.24283503  10.39371985
   7.98287715   2.87494475  -7.97025906 -15.05279599 -20.42546103
 -21.99043964 -23.84401823 -22.86972213 -23.32345269 -21.73848306
 -24.30147246 -16.68919121 -11.11164408  -6.79265712   2.91807856
   7.59387771   6.04150036   2.26008778   0.44926918  -1.34776374
   0.12547366  -7.96566366 -15.28328433 -14.7749888  -13.65561059
  -9.01704487  -7.40938708  -5.59367339  -6.25385946  -1.88517888
   7.29112549  12.39655063  16.53208552  16.14402895  13.83869909
  13.47702578  14.7886702    6.74846005   2.12540548   2.9861273
   6.21127514   6.73247216   7.66578483  13.7661819   14.16815489
   2.50665604  -4.60412316  -1.21339148   1.83933857  -1.78977535
  -6.17951073  -4.64033515  -4.49143145  -8.61439201  -5.8429065
  -4.49254931  -5.36019181   0.03795281   0.4457725    3.90074083
   5.09257892  -5.72779833  -9.50475462  -6.09458871  -4.87862111
  -4.45549764  -6.28766978  -0.95416637   3.70894948  -6.46356206
  -6.38931097  -9.48381824 -13.42722691 -15.34365731  -7.50345109
  -9.85242187  -5.39825064  -2.74089918  -1.53706309  -1.45905711
  -1.03602566  -0.72020214  -2.96951151  -5.81328092  -7.69059902
  -8.24230505 -10.42129037 -11.26653763  -8.56760107  -5.87784983
  -8.57253288  -5.96548048   4.21342523   4.69742062   5.0894624
   2.25115873   7.979182     3.53093025  -3.09704294  -4.32329285
   0.62160846   1.38147522   4.81776339   2.67638932  -0.98100422
  -1.52143746  -0.39565764   1.16699881   3.31727185  -2.01586364
   0.37684543   1.75068623   3.31568836   3.53768138   4.36186269
   4.89461781   6.76363121   3.08808575   4.21225084   6.01146017
   3.86579968   6.65421656   3.73549557   0.23190214  -1.85315448
   0.5811316    3.74834497   5.99004487   1.0720993   -2.2872854
  -5.86997472  -3.19729211  -4.96012351  -7.76804049  -8.97940405
 -10.74680307 -14.45587916 -14.3116349   -8.62255528  -4.90527426
  -6.42568352  -3.24491497  -5.7735776   -5.566373    -1.28103785
  -3.45309849  -6.27809198  -4.48184742  -7.24516896  -6.42362897
  -3.40126395  -2.89867154  -1.76665343  -6.79757518 -14.2428173
 -21.38585382 -15.734514    -8.3796265   -7.90657377  -6.75094806
  -5.30633182 -13.37677104 -18.24077988 -16.06532792 -12.53436703
  -8.13707722  -6.42028158  -3.07051328  -1.25135754  -4.88888871
 -12.92069261  -7.51243648   1.96229054   0.28234385   0.36417482
   3.47308201   2.22758255   3.17409335   4.54991224   1.92429711
  -1.85499633  -2.32167547  -1.93670655  -2.74310338  -2.37990322
  -6.29696989 -10.9145491  -10.64649502 -11.0082546  -15.38119781
 -12.02286608  -8.86489713  -5.9948682   -2.63895102  -4.07843463
  -6.90524654 -15.39615079 -18.39652589 -17.89997951 -17.16592429
  -6.14443651   5.02652981   9.72580959  11.4109298    4.3527582
   3.80044897   6.06900579   7.91696641   3.16874565  -4.58081676
  -7.73191229  -8.52685209 -11.12528828  -4.34710313  -0.89033398
   2.49934775   6.31446199   9.45795412   2.31554251   2.3288331
   5.38004085   6.0954185    2.85788053  -1.66754799  -6.38373554
  -6.17765692  -5.31546818  -8.96911174 -12.17515041 -12.10437838
 -15.04155597 -18.20134016 -19.79378303 -15.41557736 -10.45122965
  -7.24719673  -4.07938974  -8.7186557   -7.36372427  -6.0698467
  -8.24684883   0.05510124   9.47681058   2.6926175   -2.83351593
  -4.94286004]