[-837.53099275 -820.92305722 -790.38772543 -687.25593631 -591.29463486
 -563.81168143 -562.76999968 -562.6782315  -557.92546627 -559.56520509
 -560.86618044 -551.16573861 -515.58411818 -515.9772404  -513.51251406
 -508.14424409 -516.79183363 -518.44918798 -509.69098913 -512.87482438
 -528.19173594 -542.53079325 -545.45346758 -558.61386434 -566.43494078
 -563.70449682 -554.75383372 -524.69836018 -500.79746209 -511.86509636
 -520.19671648 -526.5554832  -535.40584833 -546.84934756 -549.42942486
 -538.15458356 -528.13962058 -496.88148202 -454.81540419 -416.69770803
 -391.27710186 -368.62424061 -344.35167637 -333.20520008 -331.40543549
 -322.68120929 -313.40948024 -320.4128046  -339.53856245 -356.02643677
 -371.8884143  -391.01362645 -398.95123846 -410.16891336 -420.4780302
 -425.66559596 -431.81809713 -432.01719713 -420.4492257  -409.1389371
 -402.76875799 -392.1070134  -382.22937587 -385.45378578 -379.33116546
 -384.57047136 -385.4890231  -388.36380629 -394.63687234 -402.27060086
 -408.3732136  -419.8338555  -432.77272216 -434.29825178 -429.07891691
 -423.39253898 -427.46080477 -439.1426821  -449.03983691 -452.74132514
 -459.19712177 -454.04470757 -440.47400538 -438.68906571 -448.71461475
 -460.62335133 -454.54512174 -449.67550606 -436.74939614 -416.7385176
 -396.45110066 -393.60419258 -399.52824529 -399.49844272 -400.0551804
 -397.02017248 -394.3022629  -381.21358015 -367.18223393 -360.53699981
 -364.92108822 -364.61484181 -353.95686708 -353.51464143 -379.60620785
 -405.52940672 -412.45363059 -418.59795914 -423.18875929 -414.32571507
 -394.0373271  -375.76892154 -361.7488561  -363.90625175 -368.39535974
 -371.7287867  -388.75138084 -419.63055259 -441.06283784 -432.8963967
 -365.86513854 -330.66144479 -334.89846247 -356.04306692 -365.83535789
 -357.70331993 -343.53636713 -347.47961644 -360.36319021 -371.55504631
 -379.67279788 -398.07372197 -394.55938864 -391.86103145 -390.65690438
 -389.79205745 -397.95610114 -411.75953214 -434.33658211 -445.30908624
 -452.88976077 -439.42941525 -411.36942788 -393.03961273 -380.7510084
 -391.35066551 -412.12111861 -426.64315594 -428.25388158 -424.63554117
 -429.43238043 -450.36545831 -432.53593662 -415.87573884 -422.74148498
 -437.21678843 -457.53241474 -469.47687191 -481.6323206  -495.34394033
 -506.92892057 -505.60424551 -495.66958255 -462.20567754 -431.04835817
 -410.07556247 -392.49997639 -389.59147134 -396.14833706 -409.7150142
 -436.01481564 -474.23025402 -503.5215719  -520.87147276 -538.15832061
 -551.74155772 -547.22191521 -515.12642094 -493.66954    -477.73446661
 -464.51627976 -470.6511528  -453.8117829  -428.63856469 -414.35295841
 -411.33573531 -419.04540145 -438.66105863 -453.54441369 -465.92599014
 -476.76723091 -482.98017378 -481.32705486 -463.33140638 -442.19656727
 -426.63330892 -411.70839062 -383.0963159  -374.00573526 -380.99440605
 -383.22106133 -396.01281612 -407.17668089 -421.81190403 -429.5893938
 -425.50943761 -412.28036621 -387.07123526 -356.1711637  -342.7847696
 -339.04900026 -339.84940234 -346.803318   -355.65512828 -372.42027816
 -390.91295185 -388.34788    -379.24541974 -380.07496271 -378.10677324
 -368.12387692 -363.79921559 -375.68500456 -388.85225147 -390.15473411
 -399.30388788 -409.02886418 -419.04826073 -423.0147016  -417.26150377
 -415.21794302 -412.47331654 -419.71345986 -442.41166756 -461.37042288
 -454.56483686 -438.27123794 -436.76445926 -438.67958605 -434.48954055
 -436.90998279 -456.49574671 -472.99486941 -466.65647351 -447.86202945
 -437.51298125 -427.7856154  -433.52128973 -437.41958191 -430.61148954
 -421.77849226 -415.20774755 -401.25961351 -390.10293055 -388.2348734
 -390.15176555 -387.16922895 -388.33930354 -382.40397161 -373.86850742
 -373.45394565],[   0.31434867    5.05124308    6.59281861   85.87475484  134.66226935
  142.83647799  137.63132344  130.23848685  131.78718983  130.14664359
  131.12205422  139.32103354  166.47790304  159.05968692  148.08385964
  138.05951312  118.75829167   95.08907147   95.91438307  101.43654665
  109.9319546   120.03251685  126.34094897  128.05685644  126.97015293
  120.76638772  109.01390063  103.93668972  112.86642444  114.77146407
  118.27248471  119.37998042  126.86089124  123.260603    123.29537366
  134.61051807  133.92931154  144.131817    164.45713391  167.61834963
  168.0502553   165.24805403  158.35563998  147.34992703  139.06795998
  136.85897977  139.18566774  136.52809746  136.20243067  139.7564008
  141.09202642  138.7536426   147.12296717  149.26115659  149.04954033
  153.7179192   157.7600549   161.20188281  168.80173619  179.2744235
  167.3250355   166.04987945  174.02779246  166.53409627  168.48069786
  160.25685446  156.98933337  153.48595623  154.20150823  155.03191429
  153.99978873  141.03721858  127.22804993  127.30189764  132.08511415
  143.25578184  147.57899655  149.69359823  146.4776239   147.05261153
  152.80644984  163.82404916  176.12436824  181.59523146  182.20127668
  172.23044402  174.71201203  182.74474926  189.91094094  185.71296426
  176.64377243  177.66704637  182.39683168  185.14253786  182.26206584
  185.2967444   184.366405    180.9476203   180.95175024  176.06419712
  163.26862188  158.15321244  162.03193081  161.87029134  162.3356559
  161.66762187  162.18833548  166.08179181  156.98462025  156.17457743
  175.93001789  186.27580419  185.29823642  173.54829239  166.85893728
  165.16616372  150.79763944  139.46755596  125.02499746  105.54549504
   87.75526746   89.31793085   91.50285779   99.16089962  129.6600882
  168.60719343  187.17710505  191.88150216  194.95724646  197.9474227
  199.15347264  193.30061978  189.53058429  183.07074811  179.4498752
  167.00190926  141.86488792  132.61955247  133.0293559   139.91956659
  139.87590812  146.89254299  164.08999366  172.70159498  179.72052467
  166.57984084  132.35883473   94.61278808   82.44952123   93.28476859
  106.47337868  102.69519348   99.85255595   96.70855944  112.55318962
  142.31920288  159.66346779  168.24373943  168.21362059  169.42884489
  170.50501151  172.9722469   181.28226178  206.38580989  217.7673158
  225.98985723  229.41455308  231.04117507  234.45061205  234.89922493
  227.15666505  209.35699521  191.24973551  179.03561602  167.99391352
  154.53855115  144.1836169   155.91446395  170.87857513  177.21574187
  174.95274579  159.08614402  165.29195497  184.85800056  197.9834789
  210.1015942   212.40716593  212.10964652  211.49799839  206.78255782
  195.31479993  190.03039849  184.18653355  181.74566763  177.13428389
  162.32322422  142.39160238  110.68678672   83.27355619   69.08401935
   78.61407178   89.3678652   105.64800205  124.16775502  141.75261143
  138.89150888  117.25456429  102.83789252   98.99930912   90.15517196
   85.9128002    84.431642     78.70917808   83.31356296   96.89029331
  106.89748282  114.25514124  100.2517542    79.19163758   67.86964009
   78.03306073  104.99608082  143.43906019  174.41222754  200.81589633
  213.06273383  213.30487502  214.47740574  220.81147497  228.2947184
  234.82321398  241.18898855  235.11754617  222.20384603  214.08397983
  216.29610249  225.91053253  221.79264658  211.21412782  207.09823118
  206.55719748  196.84009904  182.76020954  193.40789704  206.20022191
  210.14893785  208.6811156   202.96354952  202.26746418  191.06791955
  176.65625292  163.71034493  142.16950617  125.06401649  116.82024024
  119.42288209  129.60876234  133.05562082  138.57557039  151.42969548
  155.48615114],[  1.27271792e-01  -6.03960517e+00  -1.49169075e+01   3.84075132e+00
  -5.55330615e+00  -1.23659730e+01  -1.66625152e+01  -2.13723234e+01
  -1.86672768e+01  -2.00604751e+01  -2.05916809e+01  -2.29607064e+01
  -2.49408947e+01  -2.47224579e+01  -3.36870753e+01  -3.73759536e+01
  -4.05363154e+01  -4.70918344e+01  -5.65379360e+01  -5.83845202e+01
  -5.22665266e+01  -4.42242628e+01  -3.47065664e+01  -2.39434218e+01
  -1.97676766e+01  -2.30794768e+01  -2.62694766e+01  -2.79024602e+01
  -2.25428815e+01  -1.58518043e+01  -2.24901252e+01  -2.60446075e+01
  -1.68488414e+01  -2.09054081e+01  -2.91650328e+01  -3.41248591e+01
  -4.12887968e+01  -4.44938504e+01  -5.00968348e+01  -5.57143443e+01
  -5.22945209e+01  -5.60329325e+01  -6.94706349e+01  -7.65913257e+01
  -7.85679724e+01  -8.37141809e+01  -8.61627973e+01  -8.54752142e+01
  -8.99329622e+01  -8.58399759e+01  -7.85944513e+01  -7.65144563e+01
  -7.92113734e+01  -8.53579098e+01  -8.46485665e+01  -8.48791969e+01
  -8.76300047e+01  -9.40919086e+01  -9.39290473e+01  -9.01510205e+01
  -9.05507502e+01  -8.52174186e+01  -7.86853340e+01  -7.51748501e+01
  -5.60043345e+01  -4.52577815e+01  -3.93041383e+01  -3.19942339e+01
  -2.43616602e+01  -1.79822072e+01  -1.59680953e+01  -2.16301343e+01
  -3.24651857e+01  -3.55400847e+01  -3.30422771e+01  -3.29081494e+01
  -3.28128144e+01  -2.66198677e+01  -2.47977200e+01  -1.78905145e+01
  -1.41202098e+01  -1.04327800e+01  -9.76163813e+00  -5.43100091e+00
  -1.16526388e+00  -3.94597650e-01  -1.32416395e+00   4.42565643e-02
  -3.46339893e+00  -1.23211059e+01  -2.25254226e+01  -2.54983233e+01
  -2.16054100e+01  -2.27546376e+01  -2.33312928e+01  -2.46831298e+01
  -3.32258185e+01  -4.30183390e+01  -5.01156773e+01  -5.97890240e+01
  -6.72099637e+01  -7.33728237e+01  -8.49227822e+01  -9.42435269e+01
  -8.99291146e+01  -8.63680538e+01  -8.61279529e+01  -8.75391802e+01
  -1.00159358e+02  -9.13175812e+01  -7.11757815e+01  -6.38319416e+01
  -6.14472525e+01  -5.99803680e+01  -5.84619337e+01  -5.27048108e+01
  -5.23436578e+01  -4.22150092e+01  -3.47164558e+01  -5.90557807e+01
  -1.22081812e+02  -1.45464280e+02  -1.47493571e+02  -1.31742099e+02
  -1.02448495e+02  -7.56026250e+01  -7.26283425e+01  -7.15546801e+01
  -6.80909509e+01  -6.12042866e+01  -5.32937602e+01  -4.56287810e+01
  -4.41530527e+01  -3.93398427e+01  -3.02856382e+01  -2.73265756e+01
  -3.40171288e+01  -3.25392888e+01  -2.45204468e+01  -2.60510299e+01
  -2.72761096e+01  -2.77037460e+01  -3.05889957e+01  -3.60827137e+01
  -3.02316141e+01  -2.06845448e+01  -6.53342094e+00  -9.24675802e+00
  -2.30899207e+01  -3.72446598e+01  -4.28736462e+01  -4.30579349e+01
  -6.59462470e+01  -8.28732965e+01  -6.84188288e+01  -4.69406920e+01
  -3.47185791e+01  -3.03995212e+01  -2.95528643e+01  -2.51427183e+01
  -2.40950866e+01  -2.23484022e+01  -1.99448513e+01  -1.59821069e+01
  -3.10884624e+01  -4.01972960e+01  -4.84807488e+01  -5.17698038e+01
  -5.14183939e+01  -3.69375055e+01  -2.41575640e+01  -1.44408581e+01
  -1.44469526e+01  -1.64446893e+01  -1.86584528e+01  -2.44305467e+01
  -3.77457159e+01  -4.40482007e+01  -3.87795289e+01  -4.01100546e+01
  -3.88516788e+01  -4.42471498e+01  -5.53972673e+01  -6.24923379e+01
  -6.61113552e+01  -5.79669368e+01  -5.58050307e+01  -4.37493405e+01
  -2.88226080e+01  -1.71444540e+01  -1.53349066e+01  -1.31218797e+01
  -1.22912742e+01  -1.23481898e+01  -1.97266519e+01  -3.81264910e+01
  -5.18974962e+01  -7.14075049e+01  -7.88649737e+01  -7.63451914e+01
  -6.31386419e+01  -5.76523429e+01  -5.22625153e+01  -3.97588352e+01
  -3.31480823e+01  -4.21967258e+01  -6.30348364e+01  -8.92587963e+01
  -9.79331559e+01  -1.05631623e+02  -1.10506496e+02  -1.12501701e+02
  -1.14163165e+02  -1.13177932e+02  -1.06606208e+02  -1.02019939e+02
  -1.09514665e+02  -1.22393227e+02  -1.24662593e+02  -1.30340819e+02
  -1.33254949e+02  -1.17309581e+02  -7.61052598e+01  -4.44384133e+01
  -3.49365765e+01  -3.81013417e+01  -3.79314851e+01  -3.37014528e+01
  -3.08472347e+01  -3.36672915e+01  -3.40298415e+01  -3.49898115e+01
  -3.88910689e+01  -3.51153717e+01  -2.52017111e+01  -2.50385207e+01
  -3.03247935e+01  -2.81036792e+01  -3.40705576e+01  -4.50303301e+01
  -4.58187593e+01  -3.26379406e+01  -2.37825140e+01  -2.29261833e+01
  -1.97070859e+01  -2.54431574e+01  -3.94301000e+01  -4.11945709e+01
  -3.37438151e+01  -4.31553215e+01  -5.18310477e+01  -5.52158759e+01
  -5.65435055e+01  -5.93862896e+01  -6.21074121e+01  -6.10365340e+01
  -5.86487049e+01  -5.33325384e+01  -5.28757422e+01  -5.13337274e+01
  -4.50468545e+01],[  5.99737860e-02   3.29095973e+00   1.16818139e+01   2.48079531e+01
   3.71895809e+01   4.50038236e+01   4.45012541e+01   4.02235939e+01
   4.43701199e+01   4.64929615e+01   5.11826505e+01   4.93842532e+01
   3.61298513e+01   3.77493179e+01   3.99315396e+01   5.00133093e+01
   6.19942576e+01   8.30531592e+01   7.63977265e+01   6.81059821e+01
   5.91566142e+01   4.10667501e+01   4.26618854e+01   4.40113586e+01
   4.41878583e+01   4.12894562e+01   4.77124841e+01   5.57591679e+01
   6.73809099e+01   7.28202231e+01   6.36074470e+01   5.47000891e+01
   5.60057208e+01   5.15878419e+01   4.30484170e+01   4.25224111e+01
   4.41759485e+01   3.86096204e+01   3.69774615e+01   4.00691729e+01
   3.99945119e+01   3.81906193e+01   3.65162602e+01   3.90776365e+01
   4.76775669e+01   4.75120027e+01   4.65039439e+01   5.11025350e+01
   5.15486034e+01   5.36189608e+01   5.79599760e+01   6.09516963e+01
   5.60091032e+01   5.72519715e+01   5.87100571e+01   5.82486438e+01
   5.54837047e+01   4.26905509e+01   4.01808311e+01   4.56016818e+01
   4.85101063e+01   5.10125726e+01   5.55014005e+01   5.55865202e+01
   6.10335212e+01   6.82554676e+01   6.79830465e+01   6.66751514e+01
   7.04157907e+01   7.64643132e+01   8.16691128e+01   8.54900338e+01
   8.71432617e+01   8.82699523e+01   8.77295726e+01   7.84866735e+01
   8.18404226e+01   8.49364824e+01   8.19054246e+01   8.73610640e+01
   8.24151103e+01   7.43145653e+01   7.11768675e+01   7.16479239e+01
   7.05753639e+01   7.50090998e+01   7.97250267e+01   7.65146811e+01
   7.17138077e+01   6.85504590e+01   6.92555677e+01   6.56326253e+01
   5.53840174e+01   4.17966337e+01   3.62128204e+01   2.90376445e+01
   2.63496814e+01   1.93430474e+01   1.79950644e+01   1.61986223e+01
   1.59441433e+01   1.72511654e+01   1.18204474e+01   1.53119730e+01
   2.53149185e+01   2.58574827e+01   3.26117548e+01   3.65317078e+01
   2.86610475e+01   2.53474733e+01   2.23457414e+01   1.97665793e+01
   2.18905015e+01   2.45129802e+01   2.13415285e+01   3.09060978e+01
   5.22239066e+01   6.15533005e+01   5.97558013e+01   7.10354963e+01
   9.42528744e+01   9.79938383e+01   8.49652469e+01   7.58462349e+01
   6.36141682e+01   5.47079304e+01   4.65910764e+01   4.21365018e+01
   4.29495100e+01   4.60451349e+01   4.70269949e+01   5.29179204e+01
   5.80025540e+01   6.32154284e+01   7.05261599e+01   7.75357205e+01
   8.73737495e+01   8.99175804e+01   8.96571123e+01   8.40254697e+01
   8.34416467e+01   8.09936625e+01   7.47598031e+01   7.23654473e+01
   6.42135651e+01   6.11658114e+01   7.63349973e+01   8.36444214e+01
   8.60520245e+01   7.68336113e+01   6.80384935e+01   6.63375849e+01
   6.74587471e+01   8.02861041e+01   8.53125739e+01   7.78376902e+01
   6.93182860e+01   6.84213627e+01   6.82108574e+01   6.63362156e+01
   6.34432859e+01   6.13374096e+01   5.70662009e+01   5.38529808e+01
   4.51536307e+01   4.16347399e+01   4.52454535e+01   4.45613419e+01
   4.13031629e+01   4.79539661e+01   4.99807669e+01   4.91598936e+01
   4.54504492e+01   4.39691805e+01   3.69520500e+01   3.47686222e+01
   4.23522616e+01   3.91063665e+01   3.33835128e+01   3.13605884e+01
   4.56968091e+01   5.62959890e+01   5.22334437e+01   4.34934471e+01
   3.70778415e+01   3.52250160e+01   2.90419453e+01   2.76664569e+01
   3.72531291e+01   4.23350946e+01   4.52375588e+01   4.84071825e+01
   4.61544840e+01   4.10911905e+01   3.85839449e+01   4.14058705e+01
   5.22618519e+01   8.04178731e+01   9.97974876e+01   1.01357168e+02
   1.03200236e+02   9.98089742e+01   9.43665188e+01   9.09159181e+01
   8.69491655e+01   9.85221772e+01   1.15760317e+02   1.21843172e+02
   1.24277505e+02   1.24829379e+02   1.26917784e+02   1.20986081e+02
   1.16319236e+02   1.07644994e+02   8.87354942e+01   6.85098785e+01
   5.27591097e+01   6.32765834e+01   8.64405353e+01   9.47298463e+01
   8.74720670e+01   8.15273464e+01   7.84008335e+01   7.18937225e+01
   6.21429305e+01   5.67754038e+01   5.08739004e+01   4.67962618e+01
   4.26893019e+01   3.29130255e+01   2.81842645e+01   1.81566012e+01
   1.37147109e+01   1.86121429e+01   2.91263377e+01   3.46180040e+01
   3.60914265e+01   4.44525563e+01   4.72254946e+01   4.04160879e+01
   3.35529980e+01   4.38602056e+01   5.96249559e+01   4.94775723e+01
   4.93921273e+01   4.87083213e+01   4.47400664e+01   4.59126350e+01
   5.14163631e+01   5.55528922e+01   6.77402253e+01   7.80628413e+01
   9.41942142e+01   1.00063866e+02   1.01669127e+02   9.37061887e+01
   7.73091058e+01   6.86892631e+01   7.44340894e+01   7.20086993e+01
   7.53397610e+01],[  0.09564431  -0.7676598   -3.87569967  -2.3548362    0.53778717
   0.92665564  -4.92233787  -8.92133696  -3.58928834  -3.43153347
   0.46617899  -1.31996242 -12.64445948 -12.854034   -12.42327943
  -9.84059426  -9.60455284 -10.12434582 -11.24523488  -6.73179298
  -0.80824937  -1.40311609   0.98682556   5.113618    10.41353456
   6.19380793  -3.00009208 -22.34931217 -28.92303361 -26.11712604
 -17.95649212 -15.33596628 -13.8069041  -12.10673598 -18.76953012
 -23.02775171 -21.70126326 -27.60547473 -27.81129498 -31.41695277
 -34.0372474  -31.05093298 -26.83251965 -24.84073605 -23.64437661
 -21.77739374 -19.24879655 -19.77126292 -16.76425328 -11.24259941
  -7.49447826  -3.93581759  -5.37131796   0.49703731   3.41562753
   3.56486953   1.48254634  -8.64915024 -15.73529425 -14.37193507
 -15.48879117 -11.84859212   1.31241707  -2.09835572  -5.31711003
   3.35472279  -2.35898131  -7.07141649   5.3604799   11.02041376
   7.90511229  14.28818039  25.53494777  24.29216112  21.23298122
   8.95564132   1.76471633  -3.67378221  -6.73944125  -7.93727591
 -13.36479891 -19.58103373 -21.43589848 -17.95984788 -11.03264362
 -11.22751154 -14.36962806 -21.31637035 -30.21657702 -37.99051815
 -50.82071637 -51.50838102 -50.87437782 -46.53034989 -41.16037797
 -40.13084177 -31.56597588 -32.45855526 -31.59663362 -30.2136313
 -34.01179341 -33.67408119 -37.25953274 -41.81569099 -36.62208722
 -33.20806927 -22.09602272 -17.73974201 -23.86768092 -21.5309839
 -23.71970697 -23.16971279 -18.9732975  -21.97724548 -21.46229781
 -17.00822912  -3.65846948  -6.39569283 -22.97695684 -20.28248514
 -11.63083504 -18.22262573 -26.48800803 -27.26714232 -26.82733156
 -28.00850204 -30.00635702 -26.63042837 -22.78629466 -17.51791896
 -10.20377842  -5.62154218  -8.1307999  -15.63328182 -23.29043803
 -31.90081854 -27.52040975 -24.2769493  -20.86784385 -11.82103458
  -7.73794898  -8.27787626 -14.50641087 -13.97575506 -12.63228667
 -16.7660503  -24.53308959 -23.69948051 -19.20261454 -19.61708192
 -15.87073648 -12.36199498 -25.90067161 -29.29049719 -19.13858063
  -9.7300803    0.09858469  11.16719722  15.5977651   19.94386172
  23.23834527  19.42820116   9.47407715  -8.9283341  -23.13798663
 -32.16505164 -36.71462939 -38.30158598 -38.24496814 -36.35852307
 -29.48847765 -22.93273577 -18.64152834 -12.17848098 -13.66396205
 -11.66082468   4.92745497  -3.11479098 -19.04474501 -19.74489984
 -17.11662318 -12.32483776 -12.51678305 -13.29869919 -20.08742487
 -21.30884875 -19.46371792 -21.66067554 -17.48863557 -15.4044427
 -10.1266751   -7.26413715 -10.22646599 -16.56237961 -22.57827925
 -23.1844577  -25.03886098 -32.41311238 -42.58059462 -59.29417087
 -59.97285139 -51.32949755 -43.46664998 -28.08152118 -22.78788117
 -22.91504794 -21.43515516 -27.83608015 -39.66196709 -42.65089232
 -38.09647167 -41.69866779 -42.92311723 -36.44869098 -32.16728985
 -31.53312867 -36.11275215 -33.3535498  -22.47716796 -20.048809
 -18.17369217 -17.07637456 -21.63250516 -28.83453743 -35.46284636
 -34.24681002 -34.58316545 -36.14907811 -34.4688852  -36.22584653
 -28.88575391 -26.8215049  -23.62467337 -16.11849147 -12.81630402
 -16.56425725 -21.79126177 -20.28129809 -14.30495617  -8.43540013
 -12.17756617  -9.41639674  -9.76878655 -13.90951323 -14.24068463
  -9.62525796 -10.49334232 -13.15176927 -18.96121511 -21.97705543
 -26.42502996 -38.99188938 -49.97703514 -53.44600399 -46.46750408
 -39.11587634 -30.07611126 -24.32824955  -7.94740357  -0.30296324
   0.37723175],[  0.085628    -3.67965703  -1.47227147   5.80725066  14.30684019
  12.9703197    4.67789042   8.10282708  12.81636285  13.6781592
  19.01112781  15.59249167   9.10151911  13.42761026  12.47825405
  10.25903482  12.29706929  14.40626707  21.27646429  20.99187776
  21.01262958  25.81546235  25.37257311  31.08250356  31.30918805
  28.58025965  29.71620351  33.53762531  28.77924769  20.57303452
  21.27552719  25.10091475  23.63892953  19.63534862   7.94863088
   0.664696     7.06746955   8.82121824  11.21222637  15.19962624
  17.17301493  28.30601389  39.75801309  48.88628078  51.2594791
  54.68929081  61.52796467  57.22759011  47.59344155  42.77077799
  36.81168394  32.96281744  33.22917706  36.31854613  25.665233
  17.83939206  13.51468329   8.87532645   1.71640449   2.38121957
  10.60185019  16.43088289  25.46901074  32.07166649  38.1667129
  44.60287366  40.80330225  41.13023616  47.01675406  48.61037518
  45.60349879  55.1589405   72.64674425  76.47605501  79.55463355
  78.03231541  63.88683104  51.13326226  43.61603203  38.93139731
  30.15889815  20.13011261  12.90543565  11.7827622   11.33581323
   6.53872562  -3.15343142  -1.59623092   1.51391034  10.13407413
  15.86069508  22.3141927   28.95045287  37.48951772  46.53184891
  48.23093233  52.27891572  48.94035477  47.90643881  46.40120523
  42.17826613  40.35736436  42.18149758  35.61792392  25.13306627
  22.08314104  23.39709244  15.11718704   9.66429492  16.27457449
  20.95106143  30.02673975  38.49132589  40.90214384  38.92499642
  34.36066391  35.49993908  34.06734585  35.17794369  34.91332644
  43.96172083  47.87991893  46.73218669  43.65810992  40.07567984
  30.31595112  36.56960839  37.24542808  27.68135681  26.33175864
  33.39784816  31.29336604  25.51532752  26.73151205  29.76626413
  36.03191483  45.65701127  46.27675262  38.54660044  38.5370853
  36.15698521  38.46850278  31.99349169  27.13080705  27.07246792
  33.28755817  41.76082423  51.80203268  45.87931761  39.20791931
  43.31779121  45.71488176  38.12217149  38.44589718  37.52532479
  33.64102408  32.66935488  35.37938732  33.95130908  35.72214724
  37.33717723  37.45413361  29.2859463    8.35325895  -3.98413482
 -12.90577725 -16.98133567 -17.7744922  -22.53479231 -24.4484676
 -21.72758436 -13.28688121  -1.03243882   5.26946843  -1.38545775
  -2.61635361  13.5097354    9.73105876   2.05709228  16.56005811
  26.26012986  29.41688992  26.25892786  25.9288655   18.14200924
  11.37735186  12.94543093   6.03013509   2.32092665   4.16967161
   5.33237958   2.18561598   1.97273282  11.00793807  19.97745874
  28.67530363  33.55602532  37.72218362  33.90982795  20.27224054
  14.8177801   12.62868053   9.01542611  12.68253675  12.40209099
   6.1939419    6.78639274   9.21115532  12.33698457  16.99226592
  20.25048846  18.10134784  15.45034372  21.62733885  27.63043014
  30.76734012  40.19822174  46.58780894  54.36554355  59.08866224
  63.33750615  52.90422401  34.57099198  22.95362945   9.36969445
  -2.77134581  -5.90890798  -6.64220395  -9.04295066 -12.77218411
  -9.26225081  -7.47112707  -4.62932606   4.30940913   4.82779431
  -1.83921678 -12.88594765 -11.43107631   4.40305023  19.4319904
  20.46214998  20.48119841  14.65187444  12.64842089  16.69462412
  17.35081057  14.43044292   7.49432608  -0.71103661   6.19082847
  11.57831203   8.63094683   4.23504793  12.95268306  23.03116922
  30.10487971  43.31744367  51.19653494  62.13437211  68.92130294
  66.99684951],[ -1.30153089e-02  -1.98644536e-01   3.22977550e-02   3.51043926e+00
   5.79170124e+00   6.78127411e+00   9.03037109e-01   1.51347167e+00
  -3.14009115e+00   3.35129881e+00   1.19060565e+01   9.02101111e+00
   2.58034050e+00   1.06869378e+00  -1.53527682e+00  -6.98769050e-01
   2.96559753e+00   6.86273877e+00   1.14003703e+01   8.80850157e+00
   8.83959341e+00   1.01779147e+01   1.09157155e+01   1.30919851e+01
   1.23311187e+01   9.64700419e+00   6.66434006e+00   6.01086354e+00
   2.28378816e+00  -1.49764738e-01  -2.02526185e+00  -3.15891878e+00
   1.45056831e+00   4.87276576e+00   2.83528777e+00   9.76274560e+00
   1.57239375e+01   1.46114559e+01   1.59455186e+01   1.00628686e+01
  -3.05863685e+00  -1.26294504e+01  -2.07120524e+01  -2.79127136e+01
  -2.93386557e+01  -3.25378420e+01  -3.36371572e+01  -3.35926669e+01
  -3.22052587e+01  -2.69476250e+01  -2.87042164e+01  -2.48595486e+01
  -1.97856052e+01  -1.84633675e+01  -2.23958087e+01  -2.01534690e+01
  -1.79372794e+01  -1.67033684e+01  -2.36144772e+01  -1.76583307e+01
  -1.92001184e+01  -3.20174553e+01  -3.92100177e+01  -3.55785047e+01
  -3.45825311e+01  -3.88220546e+01  -4.45053477e+01  -4.67664669e+01
  -5.17497837e+01  -4.61910685e+01  -3.99075677e+01  -3.82314809e+01
  -3.42479397e+01  -3.29018387e+01  -3.30599229e+01  -1.73397761e+01
  -7.11730551e+00  -4.98527935e+00  -4.50851114e+00  -2.42654888e+00
  -2.66812715e+00  -8.05770009e+00  -1.56015466e+01  -2.01691194e+01
  -2.19838046e+01  -2.46611135e+01  -2.98403821e+01  -2.80453661e+01
  -2.48592323e+01  -2.01839369e+01  -1.43393068e+01  -6.23440821e+00
   1.88639122e+00   1.03789587e+00  -6.74602044e-01  -3.40020994e+00
  -6.51531302e+00  -1.79024041e+01  -1.85539981e+01  -1.74391547e+01
  -1.92502238e+01  -1.99355839e+01  -1.68042792e+01  -1.49453056e+01
  -8.00305088e+00  -1.26976455e+00   1.48088976e+00   6.89567895e+00
   7.62268501e+00   3.73376081e+00  -1.87638301e+00  -8.60384596e+00
  -2.04870044e+01  -2.86833901e+01  -3.80284074e+01  -3.43116704e+01
  -2.77003783e+01  -1.81734860e+01  -1.86294946e+01  -2.32795426e+01
  -2.39071864e+01  -2.23196770e+01  -2.11807439e+01  -2.07501038e+01
  -1.82216581e+01  -1.96590198e+01  -1.23971268e+01  -9.66008955e+00
  -1.11530387e+01  -8.65648927e+00  -9.61751996e+00  -7.18212956e+00
  -9.99751364e+00  -1.33841192e+01  -1.37798718e+01  -1.12826713e+01
  -1.21949537e+01  -1.25745038e+01  -1.15146101e+01  -2.41228890e+00
   5.54360738e+00   4.23926783e+00  -8.34172034e+00  -2.02052001e+01
  -2.41573061e+01  -2.56816321e+01  -3.18921652e+01  -2.97702616e+01
  -2.45653512e+01  -1.77914024e+01  -8.23577481e+00  -6.97657080e+00
  -1.47473320e+01  -1.28630240e+01  -5.43707750e+00  -1.56334093e+00
  -1.91545254e+00   6.86926777e+00   8.93874983e+00   1.46568395e+01
   1.86453431e+01   1.90589136e+01   1.37535158e+01  -4.75240844e-01
  -6.11961691e+00  -3.17284752e+00  -2.85225289e-01  -5.95399284e-01
   2.43507938e-01  -7.74345871e-01  -2.25170366e+00  -6.59090776e-02
   1.68760929e+01   1.97245406e+01   9.77257093e+00   5.43210772e+00
   9.91998089e+00   3.80280351e+00  -5.71505815e+00  -2.71423890e+00
   4.11415299e+00   7.96093748e+00   8.84074506e-01  -2.24013050e+00
  -2.83901454e+00  -6.17562107e+00  -2.76156166e+00  -1.75198554e+00
   7.46670109e-02   2.07813757e+00  -4.64381595e+00  -1.34923669e+01
  -1.66723542e+01  -1.60490100e+01  -1.69855881e+01  -1.37388286e+01
  -8.92297997e+00   3.69761526e-01   1.94898541e+00  -4.63583071e+00
  -8.54615208e+00  -8.04404957e+00  -5.25573263e+00  -4.99769735e+00
  -1.51607422e+00  -6.56139513e+00  -7.94197404e+00  -2.00101992e+00
  -3.36494902e+00  -9.71396112e+00  -1.47818787e+01  -1.85673761e+01
  -2.44344147e+01  -2.16494646e+01  -1.87488885e+01  -1.57720126e+01
  -1.05103290e+01  -7.12517686e+00  -1.16197558e+01  -8.64784455e+00
  -2.10007359e+00  -1.13342976e+01  -1.62201189e+01  -1.48853901e+01
  -1.93186177e+01  -1.68402326e+01  -9.43797402e+00  -5.20056328e+00
  -4.53947395e+00  -7.33177332e+00  -6.43475471e+00  -7.31541060e+00
  -6.26912603e+00  -1.75450632e+00  -3.90443876e+00  -5.19792154e-01
  -3.21091570e+00  -6.92863742e+00   2.38657895e+00   6.10671510e+00
   3.15088469e+00   4.66454783e+00   6.56700531e+00  -1.00010432e+00
  -8.60952511e+00  -1.56644820e+01  -1.45855112e+01  -1.48700896e+01
  -1.08174546e+01  -9.09354704e+00  -2.83989684e+00   2.19313341e+00
  -4.21248107e+00  -4.16099328e+00  -4.53996843e+00  -9.09556283e+00
  -1.19215541e+01  -1.71482690e+01  -1.81380237e+01  -1.60204301e+01
  -1.72035377e+01],[ -0.10475736   1.9284864    4.85583986   7.10655186   4.25131505
   2.87731456   4.83322209   4.5133443   -2.6345371    2.49873697
  -0.64759189  -5.35859834  -9.99557393  -6.86777618  -0.17468438
  16.01878654  17.50653177   9.08703129   5.22520838   8.53308255
   7.15582294   7.16532717   8.04603491   3.64361443   8.31879886
  15.39381655  15.55967971  19.75653851  16.50885028  12.44070573
   9.28614941   3.56950503   0.05185735   7.5128498    5.65048972
   4.16813619   5.13036306   6.87994055   8.8915028   12.66150891
  13.24640095   9.20755331   5.43587048   3.77377371   6.77756      6.97698019
   6.57399402   8.46710948   0.63117924   1.92244654   1.82620747
  -2.95718417  -5.54398983 -11.17557225 -10.69694164  -9.9725188
 -12.79144168 -12.05247936 -15.4330287  -15.68930784  -8.87923403
 -14.83681383 -17.4399352  -10.90629178  -7.83319316  -6.47120821
  -9.34403842  -8.8630317   -6.92386604  -3.13651117  -3.0063416
  -2.93238221  -3.65726304  -9.0541794  -18.13288728 -16.69734797
 -14.91676325 -11.93200986   1.93274367   7.25306269   8.37269951
  12.36169486  10.27332076   9.56205314  10.14954004   6.77817575
   3.84390536  -6.13060897 -11.73532333  -8.79348499  -9.39695774
 -10.73518363  -8.30213879  -3.91362792  -0.055395     3.93284854
   0.64904284   0.31956849   6.86806648  12.79094874  14.59348876
  14.61999625  12.6411795    6.91755968   9.11415587   6.61493751
  -1.32670388   1.71171038   0.39834924   7.85993264  10.17199193
   9.16736197   6.37536132   6.02525669   6.77385611  13.3792216
  13.42043606  16.42276011  12.83693563   6.75306834  -2.12870539
  -7.28337507  -7.96002639  -3.29343779   1.93565354   2.0529307
  -6.64867853 -11.68265164 -15.57818172 -15.9032658  -12.08760104
  -2.10287683   7.85310118   6.42991406   1.47701228   4.59160594
   5.3730451    5.74793115   5.89823299  11.7950427   13.97348496
  12.32176903   3.14828967  -2.59369932  -1.43509502   1.13685714
   4.40609938  12.63573532  18.29250012  15.22835544  13.43647763
   8.97965497   6.4902552    4.44439105   6.46398582   3.28771176
  -2.00552112  -0.03801051  -4.08642048  -1.28920218  -0.86600653
  -1.89489221  -2.02463679  -7.51584633 -10.57652408  -2.7887611
  -3.57043738 -11.65339161 -17.92651196 -18.96841785 -15.87538011
 -16.78611078  -4.8962906   -3.35265273  -6.23491412  -7.94381349
 -11.3806524   -6.22252288  -7.80446695 -14.09451189 -13.72715498
  -6.81475423 -10.5532202  -16.29283252 -21.17695355 -17.39264634
 -12.9716185   -7.61824009  -3.71667242  -0.69332585   2.41065412
   0.52986794   6.57688228  14.22410855  15.53654038  11.74608269
  12.74763285  11.54884769  14.85308558  19.20335584  19.48578856
  16.47940367  16.40333793  15.53640388  12.31955491  11.89982737
  13.61971017  19.20435289  24.59501226  20.78021613  12.63238679
  12.4074106   18.37026192  21.44172682  14.02079836  10.87193655
  -0.23585482  -6.09116491 -11.16324685 -11.65025162  -2.46761934
  -7.92810237  -7.8580487   -8.39219701 -12.48495551 -13.44182773
  -4.83924955  -4.19268281  -1.76021815  -0.98894033  -1.03224141
   1.30140253   7.24788032   2.31598062  -6.02510174   5.05234046
   4.32693655  -1.65641984  -7.72497502  -8.19636657  -9.31319793
  -5.52588597  -0.4352458   -6.06502837 -11.10698854 -17.14078847
 -18.96565507 -16.26784945  -7.32974263 -15.8323372  -20.32846144
 -16.57313783 -10.98782645  -3.29100305  -0.50650798  -2.0225003
  11.42850885  19.95188613  10.50877657   8.71660604   7.26313079],[ -8.87139019e-02   1.52612937e+00   3.48071583e+00   1.10880771e+01
   9.18393616e+00   3.79509309e+00   1.03929901e+01   5.19677203e+00
  -1.58392239e+00   3.35273669e+00   4.18999235e-01  -7.32650914e-01
  -9.57097147e+00  -8.07921227e+00  -2.72085045e+00   5.47517639e+00
   1.09272107e+01   8.51783936e+00   1.58098980e+00   3.21535744e+00
  -1.83308911e+00  -2.08877286e+00  -8.29864220e-01  -4.11666469e+00
  -1.99697475e+00  -2.98264557e+00  -3.63877884e+00   3.63503665e+00
   4.96133309e+00   6.00970646e+00   7.49365823e+00   4.20651198e+00
   1.04333365e+00   1.16700147e+01   9.54356543e+00   1.17837669e+01
   1.37289873e+01   4.65396511e+00  -6.64679192e-01  -4.10859155e+00
  -9.83779452e+00  -1.78072348e+01  -2.44908621e+01  -2.48670348e+01
  -2.08675664e+01  -1.88591195e+01  -1.69449743e+01  -1.07585969e+01
  -8.19497278e+00  -1.77360796e+00   1.31525852e-03  -5.61139167e+00
  -3.47465188e+00   2.04874964e+00   4.63854022e+00   1.05049757e+01
   2.12267187e+01   2.87770529e+01   2.93486954e+01   3.00844690e+01
   2.19909547e+01   3.17558127e+00  -2.28581931e+00   1.44206856e+00
  -4.04053642e+00  -7.07382872e+00  -6.37119708e+00  -9.42197894e+00
  -8.82103928e+00  -1.34945956e+01  -1.21846877e+01  -6.78218178e+00
  -1.44567577e+00   3.51063795e+00   4.52638764e-01  -6.71808134e+00
  -1.01319019e+01  -1.70050513e+00   4.20452602e+00   6.88934330e+00
   1.28167153e+01   1.15820838e+01   1.02487335e+01   1.39863672e+01
   1.34808896e+01   7.83140756e+00   9.85667202e+00   1.17673458e+01
   1.37568981e+01   1.25184095e+01   1.06444393e+01   4.46992519e+00
  -5.92123642e+00  -1.17790305e+01  -8.75551367e+00  -1.91327766e+00
  -1.72172077e+00  -5.74407543e-01   1.47959489e+00   5.08642771e+00
   1.30106832e+00  -1.87556012e+00   4.24993637e+00   9.18754950e+00
   1.45561356e+01   1.44088594e+01   6.67006363e+00   7.40447895e+00
   8.98942450e+00   1.59426725e+00  -4.41388336e+00  -1.03120757e+01
  -1.70687300e+01  -1.59935820e+01  -1.68111271e+01  -1.40849363e+01
  -5.40874050e+00  -3.02179575e+00  -1.84099476e+00   5.74033758e+00
   1.28787922e+01   1.29151371e+01   1.22887173e+01   1.30170752e+01
   7.05894024e+00   8.74946971e-01  -4.04009743e+00  -9.89794842e+00
  -1.33361860e+01  -1.42779378e+01  -1.33630258e+01  -1.03985577e+01
  -3.08596762e+00  -4.15085636e+00  -7.06625624e+00  -6.13591524e+00
  -5.21991829e+00  -8.65161672e-01   8.28375627e-01   8.98467562e-01
  -2.36482738e+00  -5.22722248e+00  -1.20382920e+01  -1.42141132e+01
  -1.55309361e+01  -1.40913974e+01  -8.38560423e+00  -8.91456657e+00
  -9.86361163e+00  -9.61967937e+00  -8.04860902e+00  -1.09153305e+01
   6.32442393e-01   7.21358323e+00   9.94149420e-01  -3.76559325e+00
  -3.80070106e+00   9.53855406e-01   7.40344832e+00   1.30608467e+01
   1.96072574e+01   1.92246802e+01   1.59250006e+01   1.38844853e+01
   1.51630767e+01   1.98712615e+01   2.20515192e+01   2.47502058e+01
   2.68187315e+01   2.62889268e+01   2.17648292e+01   1.68439287e+01
   2.29284086e+01   1.86299947e+01   5.86959409e+00   2.35353423e+00
   6.41410765e-01   6.16426888e+00   1.54034367e+01   1.28280154e+01
   7.37379289e+00   1.28500480e+01   1.80311129e+01   1.92655289e+01
   1.35976042e+01   1.55657617e+01   1.76046908e+01   2.09157008e+01
   2.25798747e+01   1.65661828e+01   1.58665297e+01   2.06840428e+01
   2.49404373e+01   1.99300970e+01   1.49710473e+01   6.38309499e+00
  -3.31271465e+00  -1.70897712e+01  -2.41526723e+01  -2.26639457e+01
  -2.61442378e+01  -2.76883138e+01  -2.72259829e+01  -2.33802428e+01
  -1.98095983e+01  -8.99689296e+00  -1.86400346e+00   4.71162321e+00
   7.93317963e+00   5.13107694e+00   7.50855181e-01   2.02069387e+00
   1.22378905e+01   1.68229844e+01   1.58740676e+01   1.19985827e+01
   9.55120212e+00   7.89324993e+00   9.04273247e+00   5.15610809e+00
   3.64473955e+00  -4.11285852e+00  -6.66126526e+00  -1.47833343e+00
   1.34889324e+01   2.51233700e+01   2.63838834e+01   2.89765021e+01
   3.31887982e+01   3.03314299e+01   2.57232663e+01   2.03017144e+01
   1.96543141e+01   1.96254592e+01   2.15283662e+01   2.21543906e+01
   2.29903683e+01   2.28484458e+01   1.19230749e+01   1.09736559e+01
   1.76505598e+01   1.35331355e+01   1.69937887e+01   1.79748420e+01
   1.44782225e+01   9.48681890e+00   4.20707786e+00   1.39561910e+00
   7.28043639e+00   9.54113159e+00   1.13427783e+01   1.85425834e+01
   1.79257138e+01   1.14669599e+01   9.32251307e+00   9.03758029e+00
   7.44251029e+00   5.60268206e+00  -2.68433378e+00  -9.41310631e+00
  -1.57489184e+01],[  2.24971802e-02  -1.08295632e+00  -2.38147181e+00   5.90376521e+00
   3.43843657e-01  -4.96302468e+00   1.10767879e+00  -3.52529478e+00
  -4.57831548e+00  -3.31239375e+00  -7.92995409e+00  -8.67298741e+00
  -1.11901407e+01  -1.09710479e+01  -1.47627354e+01  -1.13966773e+01
  -4.28967143e+00  -2.60460750e+00  -8.28398825e+00  -1.09505132e+01
  -2.03415555e+01  -1.95005195e+01  -1.42686595e+01  -1.35977230e+01
  -1.10673493e+01  -1.55470575e+01  -1.74249492e+01  -9.60012852e+00
  -6.80389803e+00  -5.52065436e+00  -7.85764271e+00  -1.27531832e+01
  -1.00244147e+01  -1.67285771e+00  -3.95981388e-01   3.45203012e+00
   1.31782696e+00  -2.78807345e-01   1.65530844e+00  -2.06350767e+00
   3.73885843e+00   1.14549359e+01   1.72959529e+01   1.54782244e+01
   9.06717745e+00   7.69445969e+00   6.21795573e+00   1.19484267e+01
   1.39366571e+01   1.54118473e+01   1.05275862e+01   5.17460543e+00
   9.16110559e-01  -5.63733656e+00  -5.52273585e+00  -1.43315121e+00
  -4.45547493e+00  -4.07532409e+00  -3.76745095e+00  -7.34347713e+00
  -8.52256945e+00  -1.81407659e+01  -1.89798634e+01  -1.06065162e+01
  -6.01630369e+00  -4.38500867e+00   2.89578903e+00   5.13391054e+00
   6.48884675e+00  -2.81357502e+00  -3.53054422e+00  -6.64916297e+00
  -7.94405145e+00  -5.24573927e+00   9.54275980e-01   8.83225564e-01
  -2.84519953e+00  -6.79348197e+00  -9.90145024e+00  -4.26983923e+00
  -1.93834967e-01  -6.90462881e+00  -1.16450910e+01  -1.00463778e+01
  -6.74019065e+00  -9.44341089e+00  -4.23745009e+00  -1.76130170e+00
   1.25962290e+00   1.93449217e+00   7.64295213e+00   1.53461672e+00
  -9.44253379e+00  -1.14182980e+01  -6.86008809e+00   2.40309529e+00
   5.43688588e+00   9.39871919e+00   1.16822075e+01   1.56556620e+01
   8.90321618e+00   4.46595967e+00   4.11953778e+00   4.97288333e+00
   1.88212621e+00  -1.01446195e+01  -1.14181092e+01  -1.37003936e+01
  -9.38722219e+00   7.19950357e-01   5.16201755e+00   6.34351767e+00
   6.67823295e+00   9.73151476e+00   8.80613661e+00   6.30220090e+00
   8.62745483e+00  -1.10162140e+00  -2.60604621e+00   3.34788253e-01
  -1.04737248e+01  -1.46605883e+01  -1.37301330e+01  -1.37521398e+01
  -1.38760935e+01  -1.03358643e+01  -4.24161979e+00  -2.47072403e+00
  -7.85892369e+00  -1.26214353e+01  -1.69045908e+01  -2.84014259e+01
  -1.66873322e+01  -1.01283537e+01  -9.91559505e+00  -1.25778488e+01
  -9.98922951e+00  -8.76273840e-01   1.28639859e+00  -6.98871859e+00
  -4.93350831e+00  -5.72561423e+00  -1.04972441e+01  -1.34382676e+01
  -9.21686782e+00   1.84542474e-01   5.83809988e+00   5.82973600e+00
   6.56969261e+00   3.83168760e+00  -1.69861548e+00  -4.75423927e+00
  -3.69543293e+00  -6.64740821e+00  -1.34974475e+01  -1.42702790e+01
  -1.58922139e+01  -9.37042188e+00   1.70661964e+00   5.78972212e+00
   2.36113865e+00  -2.68784878e+00  -5.43271521e+00  -8.52850607e+00
  -1.16709804e+01  -1.05007323e+01  -1.42947823e+01  -1.46734944e+01
  -1.10669028e+01  -1.13056973e+01  -1.24302587e+01  -1.31877907e+01
  -4.05296325e+00  -5.39111960e+00  -1.27974485e+01  -9.84564274e+00
  -9.09973099e+00  -3.54113395e+00   1.39210001e+00  -6.07742406e+00
  -1.32028446e+01  -1.29463346e+01  -1.63057295e+01  -1.48702593e+01
  -1.67302116e+01  -1.36636743e+01  -1.04538873e+01  -8.09341029e+00
  -4.03329178e+00  -3.44553246e+00  -6.83261023e-01   7.15308956e+00
   1.62598211e+01   1.63970865e+01   1.10429510e+01   3.65349333e+00
   3.86118870e+00   3.72257927e+00   6.50223150e+00   1.14527868e+01
   8.34288287e+00   5.69793392e+00  -1.25339832e+00  -4.00722258e+00
  -1.18106086e+01  -1.76042498e+01  -1.99656777e+01  -2.59966074e+01
  -2.05360392e+01  -1.87030901e+01  -2.01245489e+01  -1.71488036e+01
  -1.11103428e+01  -1.20135571e+01  -5.54433550e+00  -4.85471700e+00
  -3.27436271e+00  -5.17569493e+00   3.81441864e-01  -6.43294279e-01
  -8.51846040e+00  -1.45185029e+01  -1.44887138e+01  -8.12804628e+00
  -3.91507067e+00  -7.36718348e+00  -7.04794073e+00  -1.77705710e-01
  -2.96660488e+00  -5.76854551e+00  -3.53775258e+00  -2.72746585e+00
  -6.28778353e+00  -6.90550693e+00  -2.30555761e+00  -1.63639977e+01
  -2.26028465e+01  -1.54957266e+01  -1.36078133e+01  -1.89954494e+01
  -9.82071486e+00  -1.11929055e+01  -1.04799586e+01  -1.10106233e+01
  -2.14141584e+01  -2.45998181e+01  -2.48572431e+01  -2.96971525e+01
  -2.45232013e+01  -1.67529183e+01  -1.49827184e+01  -1.09077054e+01
  -7.97384829e+00  -8.68131794e+00  -6.18223307e+00   5.57193526e+00
   2.01692794e+00  -2.21617630e+00  -1.59774946e+00  -5.92800900e+00
  -7.07281406e+00],[  8.56361667e-02  -2.52971316e+00  -4.17721638e+00   4.11210682e+00
   4.61482791e+00   4.73251757e+00   5.70730011e+00   2.99337199e+00
   6.73529352e+00   8.32666218e+00   2.80530114e+00   7.88980779e+00
   9.47670611e+00   8.09041287e+00   4.33446923e+00   7.96312400e+00
   9.19164051e+00   8.33421007e+00   6.74211026e+00   5.56881149e+00
  -1.12714896e-01   2.46332778e+00   4.42538668e+00   6.91436332e+00
   3.41674940e+00  -3.42438884e-01  -2.70284535e-01   8.61974962e+00
   8.46615842e+00   5.52794766e+00   5.30470661e+00   5.54072749e+00
   1.09114470e+01   1.45811784e+01   1.55838789e+01   1.62408437e+01
   7.83351792e+00   7.05398270e+00   1.16561240e+01   8.60484679e+00
   5.30733606e+00   1.19011138e+01   1.89803366e+01   1.28421247e+01
   9.67849227e+00   9.53571572e+00   5.63698289e+00   1.48513913e+01
   2.10561301e+01   1.65660084e+01   1.38119065e+01   1.19385499e+01
   1.43974914e+01   1.26804684e+01   1.07441232e+01   1.41828603e+01
   1.57935707e+01   1.86248272e+01   1.67245509e+01   2.80740402e+00
   6.60794014e+00   3.51975668e+00   2.13738490e+00   8.08931102e+00
  -3.57951669e-01  -1.10619105e+01  -1.12161584e+01  -1.33887652e+01
  -1.59086597e+01  -2.46875902e+01  -2.31794857e+01  -2.31340192e+01
  -1.56626231e+01  -1.51827535e+00   6.99900130e+00   8.62152104e+00
   9.27434213e+00  -9.23102418e-01   1.37869719e+00   5.18960876e+00
   3.55360493e+00   2.74490102e+00   2.96682057e+00  -2.14352036e+00
  -5.65092054e+00  -5.11826129e+00  -2.65411976e+00  -1.96224277e+00
   4.42932096e-01   2.02173402e+00   1.07032549e+01   8.50568027e+00
  -9.70539492e-01   1.53961544e+00  -1.95776064e-01  -5.84053134e-01
  -7.93218067e-01  -3.53501994e+00  -2.90331233e+00  -2.35010511e+00
   4.18702503e-01   4.57484526e+00   2.51727655e+00   6.17303552e+00
   7.25128688e+00   3.55460260e+00   3.18041277e+00   1.00851398e+00
   2.15493013e+00   4.61341808e+00  -4.42199772e-01   5.06025120e+00
   9.02006009e+00   1.70486443e+01   1.62550371e+01   8.83459351e+00
   4.72222834e+00  -3.99175614e+00   2.35304663e+00   1.03795433e+00
   2.03178497e+00   1.14816283e+01   1.75274036e+01   1.51138534e+01
   9.44277405e+00   6.86565370e+00   1.14574019e+01   1.23705789e+01
   8.74290669e+00   4.78668475e+00  -5.42603773e-01  -9.52139251e+00
  -3.98122997e+00   5.37910403e+00   5.99101758e+00   8.29964983e+00
   1.22465875e+01   1.43821579e+01   1.12062524e+01   6.88960019e+00
   7.25429715e+00   8.54508450e+00   6.89838066e+00   4.64913800e+00
   1.03224717e+00   3.20415885e+00   1.31570688e+01   9.95908058e+00
  -1.43302568e-01  -1.10486830e+01  -1.50732199e+01  -1.14807052e+01
   8.02717749e+00   2.06869901e+01   1.81710667e+01   9.11068515e+00
   3.13437880e+00   6.11100557e+00   8.91176159e+00   7.86599970e+00
   3.39406638e+00  -1.86972856e+00   5.15978589e+00   5.67256669e+00
  -1.38054577e+00   2.97416376e+00   1.82909971e+00  -5.84552022e+00
  -7.98340262e+00  -9.50133238e+00  -8.89631918e+00  -8.79024599e+00
  -4.37834730e+00  -4.98217629e+00  -4.04202733e+00   1.21433648e+00
   3.79989173e+00   8.52985577e+00   2.26820700e+00  -4.69990504e+00
   2.43258171e+00   7.08134871e+00  -9.85384615e-03   2.11181731e+00
   4.66517127e+00   5.21592315e+00   5.53216047e+00   2.39814818e+00
  -2.00824583e+00  -1.30345342e+00   5.91758103e+00   8.38550750e+00
   3.43181816e+00   1.18878636e+00  -2.01759208e+00  -5.36437146e+00
  -2.77544696e+00   4.79290038e+00   1.11784215e+01   1.65881923e+01
   1.26781622e+01   1.17617015e+01   1.38837489e+01   1.43450371e+01
   9.43363496e+00   1.74362818e+01   2.60077359e+01   2.51751690e+01
   2.67939438e+01   2.28346211e+01   1.75731667e+01   1.94073769e+01
   2.24901595e+01   1.36025690e+01   1.09706277e+01   1.13670192e+01
   1.48059353e+01   9.32354746e+00   1.40377476e+01   2.36413205e+01
   2.21321009e+01   1.66809828e+01   8.10783614e+00   1.12262662e+01
   1.45954215e+01   1.22470637e+01   8.42257915e+00   9.45745449e+00
   2.31886998e+00   2.49127624e-01  -2.38489693e+00  -3.81676754e+00
  -1.11774312e+00  -7.19243058e+00  -4.78973737e+00  -2.60173676e+00
  -1.76277521e+00   2.08900890e+00   7.21049530e+00   2.42726652e+00
   3.65717178e+00   4.62881608e+00  -3.67911849e-02  -1.97133553e+00
   1.63652793e-01   4.70845100e+00   5.54559636e+00  -9.60044734e-01
  -2.98597525e+00  -2.14637542e+00  -3.08668397e+00  -4.57684296e+00
  -1.38105966e+01  -1.63782811e+01  -1.74900113e+01  -1.53685218e+01
  -1.38080752e+01  -8.27462878e+00  -5.53623685e+00   5.46162065e+00
   1.22000587e+01],[ -2.14006602e-02  -5.06831597e+00  -1.02466503e+01  -4.43858842e+00
  -8.08164456e+00  -1.10613520e+01  -1.12901248e+01  -6.61818159e+00
   6.82183111e-01   2.56207845e+00  -3.30713039e+00   1.72968955e-01
  -1.87848748e+00  -4.58397728e+00  -4.26660067e+00  -1.10221044e+00
  -3.12821012e+00   1.57480130e-01   5.84420164e-01  -1.27605260e+00
   2.14713402e+00   5.34557876e+00   4.67266374e+00   1.71043348e+00
   9.08863700e-01   4.24702637e+00  -1.36557449e+00  -9.82295772e+00
  -1.10741608e+01  -7.28734485e+00  -5.63483208e+00   2.27220862e-01
   4.13939530e+00   8.54570985e+00   6.32482413e+00   3.51267777e+00
  -5.96214241e+00  -4.37667147e+00  -5.07010180e+00  -5.39222304e+00
  -5.99354929e+00  -7.37189397e+00  -1.16546841e+01  -1.41926544e+01
  -7.91183331e+00  -1.14015396e+01  -1.60585634e+01  -1.23689146e+01
  -3.88100046e+00  -1.72770200e+00  -1.71227852e+00  -4.55077657e+00
  -8.56975754e+00  -1.19350816e+01  -1.33942972e+01  -1.21261194e+01
  -3.24153277e+00  -1.09543285e+00  -4.75373829e+00  -1.19027506e+01
  -1.29361905e+01  -1.52308799e+01  -1.50559187e+01  -1.40099443e+01
  -2.27007094e+01  -2.83136291e+01  -2.57329596e+01  -2.52269849e+01
  -2.90263832e+01  -3.48120737e+01  -3.69139445e+01  -3.10341148e+01
  -3.27030829e+01  -2.42810066e+01  -2.11525609e+01  -2.01640513e+01
  -1.39612592e+01  -1.44890778e+01  -1.23378592e+01  -1.67132172e+01
  -2.25432109e+01  -1.86240582e+01  -1.25008406e+01  -8.61856309e+00
  -9.75333229e+00  -7.74300628e+00  -1.13265557e+01  -9.44077218e+00
  -1.48337393e+01  -1.44131352e+01  -1.07472527e+01  -9.99577318e+00
  -9.50574266e+00  -3.27625265e+00  -4.31679591e+00  -8.73798255e+00
  -1.10740400e+01  -8.51233391e+00  -8.55472438e+00  -8.32349542e+00
   1.54742937e+00   7.24135383e+00   5.96341003e+00   3.33584841e+00
  -1.68632665e+00  -6.32644778e-01  -2.38677188e+00   1.09947653e+00
   7.86988825e+00   8.64583644e+00  -1.94569196e+00  -1.11442319e+01
  -1.16707657e+01  -6.27290845e+00  -3.51143089e+00   1.90320869e-01
   4.16508548e+00  -2.84998758e-02   1.24522491e+00  -7.42018433e+00
  -4.90777779e+00  -3.28451603e+00   1.71507886e+00   7.12920304e-01
  -1.80150909e+00  -2.51448563e+00  -6.84286297e-01   3.48374577e+00
   5.59574310e+00   6.46493416e+00  -2.27264053e+00  -7.43390904e+00
  -1.06394333e+01  -9.95427769e+00  -9.00897791e+00  -1.08548903e+01
  -1.35564937e+01  -1.30616976e+01  -1.73264159e+01  -1.62898795e+01
  -1.06372106e+01  -4.84555651e+00  -9.56076206e+00  -9.99393072e+00
  -4.42173508e+00  -2.47237275e+00   5.26940802e+00   1.13127832e+01
   7.36575515e+00   2.45212559e+00  -4.12197287e+00  -7.35127673e+00
  -4.75479543e+00  -2.23866323e+00   1.67658939e+00  -6.84338035e+00
  -1.21968122e+01  -1.10951669e+01  -1.49056897e+01  -1.89147349e+01
  -1.79606918e+01  -1.95962215e+01  -1.33838088e+01  -1.43936366e+01
  -1.58073777e+01  -1.22649311e+01  -7.10028684e+00  -5.71153880e+00
   1.46516066e+00   1.94079634e-01  -2.36714596e+00   4.57946861e-01
   4.24769522e+00   2.12669081e+00  -5.42619917e+00  -5.74624512e+00
  -5.29561421e+00  -4.62927260e+00  -6.49295253e+00  -1.12059509e+01
  -6.65702056e+00  -3.62387685e+00  -3.27698058e+00   3.73907965e-01
   1.25106593e+00  -4.39039843e+00  -7.06736830e+00  -6.84876788e+00
  -1.13901289e+01  -8.83145257e+00   9.69450202e-01   2.80530741e+00
  -6.32593139e+00  -1.41744664e+01  -1.53147049e+01  -1.15832950e+01
  -1.09567518e+01  -7.20758005e+00  -3.24004443e+00  -4.98428954e-01
  -8.02627664e+00  -1.44385858e+01  -1.31289785e+01  -8.53477198e+00
  -5.42550819e+00  -3.88587563e+00  -3.73538111e+00  -1.73191191e+00
  -3.24075083e+00  -6.54760939e+00  -7.64924103e+00  -2.12548210e+00
   1.17777640e+00  -7.13459186e+00  -6.80647622e+00  -8.16063784e+00
  -1.13489148e+01  -1.16679675e+01  -1.12073104e+01  -3.55704634e+00
  -4.54540394e+00  -5.38245042e+00  -1.85171430e+01  -1.69212577e+01
  -1.57634589e+01  -1.17300092e+01  -6.86928073e+00  -8.00431912e+00
  -8.29652921e+00  -3.43141381e+00  -5.08659067e+00  -7.86299133e+00
  -2.05896488e+00  -3.91687858e+00  -8.90395917e+00   2.61114968e+00
   1.34751919e+01   1.16463137e+01   8.09098347e+00   4.66166607e+00
  -2.29075616e+00  -5.09892774e+00  -1.06060110e+01  -9.22714251e+00
  -1.99579077e+00   1.24113151e+00  -3.71566048e+00  -1.38499940e+01
  -1.35353355e+01  -6.89787384e+00  -4.62211574e+00  -8.22084378e+00
  -8.62633585e+00  -1.07373619e+01  -1.59081820e+01  -1.89123019e+01
  -2.45861420e+01  -2.76107071e+01  -3.22201429e+01  -2.37824072e+01
  -2.15918202e+01],[ -0.21033011  -4.21730213  -4.93782233  -1.13394417  -3.56302187
  -6.60302923  -6.09966665   6.01327163  10.00387021   9.04661695
  10.03945454   6.12508281   5.59908156   6.5608715    5.54055648
   9.17222513   6.51838986   9.59018571  14.20134981  13.39971391
  16.05102005  16.0391396    9.27591869   5.12958097   5.6281684
   8.11065881   6.46077451   4.00374886   7.9373913    9.96548898
   3.56267614   4.57483033  10.2670163   13.12495243  11.2166194
   5.88552262   0.38732013   4.35664827  -0.34322758   2.58788518
   5.54132297  -0.65642483  -6.13023031  -5.78237451   0.14647737
  -5.91663016  -3.15764281   2.13759199   6.66302825  11.01392772
   8.25061058   0.96136695   0.78325865   5.68048254   1.940247
  -0.22238997   1.62516574  -0.77609259  -3.82684069  -6.0287317
  -0.33129231   0.93284679   4.03589502   7.59436077   1.12648853
  -5.33270005  -8.27158422  -8.00917519 -11.9849293   -8.73560198
  -8.93781045  -0.38983199  -5.2683957   -8.81858401 -13.09613028
  -4.95969855   7.52383876  12.02262077   6.15939748   0.50226733
  -5.28760171  -5.63906867  -9.32529562  -2.29346337   1.26989389
  -1.37412561  -6.94260939  -5.37235937  -9.32030077 -13.22286315
 -14.99904557 -11.86558373  -6.3574237   -3.28852793  -4.28871018
  -4.15557646  -2.55647107   6.25578556   5.47195326  -0.69022442
   7.29855553  12.78274894  11.39435026  13.47729683  12.58296861
  11.99099561   3.25955532   8.91652891  13.80412634  13.33551964
   6.40619739  -4.53541993  -4.33453355  -1.58777762  -3.35299435
  -1.42539473   3.06952054   5.3293487    4.63857895   4.37025887
   6.07516058   9.83037088  10.65097001  12.77720876  15.91029442
  13.00722463   7.32205619   6.53234108   4.7494899    6.66802797
   5.69052064   1.53636517   1.23676972   7.6299981   13.2271036
   8.28915329   4.70022239   9.51491457   6.01021244  -2.26109864
  -1.69532388   2.00298466   2.70298735   4.78508436  -0.26574151
  -6.0132112   -2.19524718  -0.66404027  -3.07516327  -4.08928204
  -3.20386566   0.19741154  -1.3065141    6.45907913   9.6963729
   8.7579073   13.57037361  12.69083689   3.35781886  -4.51755275
  -8.43159439 -10.26385301  -5.34893162  -6.57561805   0.36959772
   2.16307947   0.1612815   -0.7516185   -6.02575042 -10.14580939
  -6.54608742  -2.53435401  -1.95860994  -1.63050668  -4.22458778
  -1.16753256  -2.88380944   0.94757221  11.47612981   8.37340686
   7.16718301   8.42048478   9.67351233  12.0167179   11.40329474
   9.18006899   6.21095725   4.11489029  -2.35851022   1.91582961
   8.18673693   6.84729328   4.72544476  -2.3715749   -1.08406651
   8.54265197   6.53212233   8.28826168  15.53825601  19.5782095
  13.67524331   5.29287893  -4.04971457  -0.77949366   5.72316135
   9.04529562  -0.22690188   2.35562715   8.63822092   9.04049385
   7.50816159  12.98913738  14.8227585   13.26963395  16.76431906
  15.34761121  12.45055241  14.44936053  12.79295464  11.68861602
   9.90257835  10.9209224   -3.91107615 -12.27033207 -15.70049931
 -11.99506163  -1.68779501  -3.62815084  -6.11540496  -6.56549417
  -3.71895503   1.37879476   2.18495705   4.03147497  -2.490004
   0.27219658   9.12005427   9.31330892   7.7739213   10.2309784
   6.49827224   8.31186881   5.75600189   3.87382041   9.3124678
   7.76406882   6.71016958   1.07165733   5.32554263  13.40641824
  13.23086064   7.45686575  13.48418094  15.45663467  12.80502438
  12.01889382  10.90551718   1.5353423   -7.69512489  -2.9130331
   0.36209586],[ -2.75885080e-01  -1.01942700e+00  -1.90082062e+00  -1.11070517e+01
  -5.33443532e+00  -3.94112506e-01   6.48373257e-01   6.68173766e+00
   4.89300522e+00   2.23956840e+00   6.81409829e+00   6.25806523e+00
   5.26021866e+00   6.56145051e+00   2.68021947e+00  -1.85012354e+00
  -5.31990467e+00  -2.75581599e+00   4.12125750e-01   4.09738907e+00
   4.30670744e+00   6.81541736e+00   3.27623814e+00   1.57427875e+00
  -1.95753183e+00  -3.46919498e+00  -4.82856656e+00  -5.88232385e+00
   2.42932360e+00   1.80152633e+00  -1.23976284e+00   1.74862303e+00
   4.93617056e+00   6.28184991e+00   6.64185788e+00   4.73075522e+00
   3.45203243e-01   2.27621467e+00  -4.64844763e+00  -2.53048029e+00
  -7.59172485e-01  -5.16533726e+00  -1.00542279e+01  -1.71936288e+01
  -1.57476294e+01  -1.21343157e+01  -1.00910309e+01  -7.20574794e+00
  -2.05409130e+00  -5.67036852e-01  -9.38804214e-01  -1.87904205e+00
  -7.56189634e+00  -1.25364340e+01  -1.01028118e+01  -4.42760293e+00
   3.56864165e+00   8.96833935e+00   8.89208606e+00   9.86639826e+00
   9.34839280e+00   5.09251092e+00   5.74792859e+00   5.87730847e+00
   2.28005077e+00  -1.38604569e+00  -4.90139592e+00  -9.46260168e+00
  -1.88641854e+01  -1.49095563e+01  -1.36631591e+01  -9.24850092e+00
  -1.46899233e+01  -1.90529114e+01  -2.22088527e+01  -2.27550851e+01
  -1.69545145e+01  -7.82102418e+00  -9.32925022e+00  -8.60481842e+00
  -4.90364294e+00  -2.57212650e+00  -1.59538028e+00   3.13326401e+00
  -1.83320132e-01  -4.15659149e+00  -1.16229694e+01  -1.16906860e+01
  -9.76857406e+00  -1.54943850e+01  -1.95082128e+01  -1.42188719e+01
  -8.91729423e+00  -6.77720989e+00  -5.64275545e+00  -3.70667066e+00
  -4.20356942e+00  -1.46866144e+00  -2.24655411e+00  -5.01764632e+00
   1.07719360e+00   5.96791584e+00   1.09036402e+00   3.29626845e+00
  -2.27335556e+00  -4.21706616e-03  -2.29877321e+00   9.85578295e-01
   6.29145254e+00   2.30618586e+00  -4.75491574e+00  -1.07178224e+01
  -1.52696410e+01  -1.69071511e+01  -1.25969258e+01  -9.09253744e+00
  -1.04295700e+01  -9.51733088e+00  -1.26690339e+01  -1.63064264e+01
  -1.95547815e+01  -2.38209009e+01  -2.41160695e+01  -1.71167203e+01
  -1.84842076e+01  -1.52294106e+01  -8.62150790e+00  -5.46237107e+00
  -2.12738216e+00  -7.14540838e-01  -9.35171460e-01  -4.56494094e+00
  -9.36374911e+00  -8.62972915e+00  -9.69283298e+00  -1.31558405e+01
  -1.28764996e+01  -1.18120684e+01  -1.59646535e+01  -1.60309949e+01
  -1.37162796e+01  -1.72891568e+01  -1.27084018e+01  -6.61452411e+00
  -7.01271411e-01  -1.49486329e+00  -1.32517753e+00   1.58788191e+00
  -3.02519086e+00  -6.50588180e+00  -5.22524362e+00  -2.00922284e+00
  -1.26135258e+01  -1.07491414e+01  -6.28716894e+00  -3.04244017e+00
   2.22214768e+00   3.39748817e+00  -4.51345061e-01  -1.22828860e+00
   4.46561518e+00   2.08638500e+00   2.65316921e+00  -7.99655090e-01
   8.87646620e+00   1.54572706e+01   1.73529941e+01   2.57579748e+01
   2.73804773e+01   2.50345669e+01   2.03753959e+01   1.59940427e+01
   1.21881717e+01   8.01798969e+00   9.10050315e+00   9.22123671e+00
   5.31232457e+00   2.79685010e+00   1.11556501e+01   4.66278390e+00
   2.91895638e+00   2.24165438e+00   1.89991231e+00   8.37538840e+00
   1.47472507e+01   1.33561245e+01   1.40761432e+01   1.03603504e+01
   8.28807424e-01   8.88526812e-03  -4.01163831e+00  -8.14017196e+00
  -6.05789229e+00  -7.89802124e+00  -5.70080351e+00   3.17143875e+00
   1.50137325e-01  -2.94409015e+00  -3.99073681e+00  -5.12914127e+00
  -4.33751494e+00  -2.32643578e+00  -9.66143929e+00  -7.50812809e+00
   7.71114920e-01  -2.05902966e+00  -5.15044385e+00  -3.79530453e+00
  -2.82292102e+00  -3.23564253e+00  -7.59386293e+00  -6.98704079e+00
  -4.61028988e+00   7.13118075e-01   1.44589359e+00   3.36984809e-01
   3.27288101e+00   8.36548295e+00   3.39551793e+00  -3.02363067e-01
  -4.62386373e+00  -3.42756688e+00  -1.02648544e+01  -1.66338194e+01
  -9.46104304e+00   6.10439592e-01   5.64317983e+00   5.67986603e+00
   5.94547777e+00   6.29242459e+00   7.16014015e+00   1.27872145e+01
   9.87059107e+00   1.60956893e+01   1.71019674e+01   1.25866653e+01
   1.04304221e+01   7.41292167e+00   3.25394294e+00   6.74968486e+00
   7.12678297e+00   6.36699785e+00   4.13432069e+00  -1.86052331e+00
   3.07086688e+00   2.06427677e+00   8.53795819e+00   8.29190853e+00
   1.01589058e+01   4.77872360e+00  -1.47595264e+00  -8.27209425e+00
  -2.03655391e+01  -2.27406304e+01  -2.38262219e+01  -2.93016097e+01
  -3.60095317e+01  -3.29649036e+01  -3.22760576e+01  -2.36314256e+01
  -1.45430370e+01],[ -1.98957679e-01  -4.23886172e-01  -2.33380579e+00  -1.04192953e+01
  -3.68010284e+00   2.48511537e+00   7.02237034e+00   6.13963683e+00
   6.30235121e+00   3.16290603e+00   3.35326107e+00   3.92171683e+00
   5.07949106e+00   3.59802227e+00  -3.48459706e+00  -1.36133668e+00
   1.21763740e+00   1.10013749e+01   4.91091118e+00   3.78178462e+00
   4.02185717e+00   4.16637176e+00   1.87310662e+00  -7.80031568e-01
  -3.59240045e+00  -9.85996331e-01   3.59893303e-01  -2.32514451e+00
   4.08395179e+00   5.98826948e+00   5.33699885e+00   8.61333587e+00
   4.35303091e+00  -1.71163978e+00  -2.51387049e+00  -6.31536325e-01
  -1.33726016e+00  -1.78523081e+00  -1.13016270e+01  -1.14993555e+01
  -9.55035481e+00  -4.44039910e+00  -7.45210260e-01  -1.96181279e-02
   4.78803338e+00   7.01742346e+00   3.52042726e+00   3.12485919e+00
   1.14750648e+01   8.88998644e+00   5.98695966e+00   8.38505390e+00
   2.79622557e+00   8.25751587e-01  -9.68493965e-01  -2.66043137e+00
  -1.06419871e+00   4.26553939e-01   5.36947507e+00   9.69085836e+00
   9.06245494e+00   7.76912646e+00   1.26820265e+01   1.27573942e+01
   8.46851200e+00   8.81569890e+00   6.53799517e+00  -3.21124778e-01
  -3.93911622e+00  -1.19053984e+00  -2.57241674e+00   3.07086121e+00
   3.30295327e+00   3.75015994e+00   6.87389369e+00   1.80902642e+00
  -7.88077435e+00  -9.01260922e+00  -6.21840333e+00  -1.84525757e+00
   1.25378018e-01   2.71407464e-01   3.36224338e+00   4.91549322e+00
  -1.04461661e+00  -5.07271801e-01  -7.05421352e+00  -3.58452560e+00
   2.36860470e+00   6.61169263e+00   6.80119423e+00   3.92899260e+00
   4.14474858e+00   1.10452340e+01   1.56945776e+01   1.66786399e+01
   1.21252259e+01   6.26783736e+00  -2.23384272e+00   7.68593209e-01
   6.25511864e+00   5.86813906e+00  -5.28856428e-03   1.54194566e+00
  -5.83465727e+00  -1.03838493e+01  -8.09671798e+00  -8.99780951e+00
  -5.12120236e+00  -2.35190634e+00  -3.76472499e+00  -3.81751100e+00
  -2.43895165e+00  -3.12995275e+00   3.54188383e+00   1.04210746e+00
  -7.83904466e+00  -6.29578531e+00  -4.24373561e+00  -8.86008559e+00
  -1.60306163e+00  -2.17198777e+00  -2.96378815e-01   6.35708793e+00
  -2.92663483e+00  -4.07731347e+00   3.88224671e+00   5.35235548e+00
   1.96763003e-01  -1.37005045e+00  -3.60753033e+00  -1.08935764e+01
  -5.00818624e+00  -5.56190088e+00  -3.25039245e+00  -1.02933452e+00
   4.08038642e+00   4.76132382e+00  -9.02737391e+00  -5.56256430e+00
   1.40734855e+00  -6.67581781e+00  -1.50163407e+01  -1.25058598e+01
  -1.18670872e+01  -8.81423251e+00  -6.72096568e+00  -5.15322855e+00
  -3.70777241e+00   1.34983084e+00  -1.44473703e+00   1.01666811e-01
   1.30094081e+00   4.45130426e+00  -1.60315773e+00  -2.66882736e+00
  -8.53212511e+00  -8.59238328e+00  -9.96362920e+00  -1.14173028e+01
  -1.16837110e+01  -1.32263863e+01  -1.73386973e+01  -1.99250312e+01
  -1.50185650e+01  -9.89325050e+00  -1.41521071e+01  -7.46464081e+00
  -2.33614009e-01   3.28506739e-01  -4.74802772e+00  -7.79587180e+00
  -6.83609461e-01  -1.67357002e+00   1.51812939e+00  -1.36679367e+00
  -4.33495871e+00  -3.38689650e+00   4.15387195e+00  -1.10296430e-01
  -5.39944508e+00  -1.02641898e+01  -1.35530183e+01  -1.09731657e+01
  -6.13279526e+00  -1.17846694e+01  -1.28225829e+01  -1.29042170e+01
  -1.00073011e+01  -6.43996243e+00  -8.82290281e+00  -5.83814857e+00
  -1.35202826e+00   1.02904912e+00   5.18132171e+00   5.50457292e+00
  -7.50091424e-02  -2.09522246e+00   4.15963565e+00   4.74883050e+00
   4.29111084e+00   9.25414989e+00   2.09850909e+00  -2.22599532e+00
   6.10423314e+00   3.91917373e+00  -5.16039967e-01   4.10551902e-01
   3.84193013e+00   8.58492341e+00   7.52962251e+00   6.01573221e+00
   7.40218868e+00   1.20045839e+01   9.97492717e+00   1.49933465e+01
   1.73511231e+01   2.39742162e+01   2.26492847e+01   1.90120520e+01
   1.29850424e+01   1.23826110e+01   9.55022329e+00   6.99487899e+00
   7.73487474e+00  -8.58282586e-01   4.08058868e-01   5.95785236e-02
  -2.99767288e+00   3.26842712e+00   1.54986256e+00   3.13153380e+00
   4.77071795e+00   7.30948976e+00   2.76762878e+00  -3.87252624e+00
  -1.37182598e+01  -1.49392347e+01  -1.81153880e+01  -1.74064412e+01
  -1.71351695e+01  -1.59471790e+01  -1.41496200e+01  -2.13622308e+01
  -1.86606458e+01  -1.78098890e+01  -1.86910164e+01  -1.92170707e+01
  -1.14894254e+01  -1.29660123e+01  -1.28684769e+01  -9.40303497e+00
  -1.05673493e+01  -6.31037559e+00  -5.61002593e+00  -2.05013322e+00
  -2.93251639e+00   9.63692251e-01   7.30392211e+00   2.47975774e+00
   4.03563677e+00],[ -0.16614063   0.89683006   0.67704741   0.68298611   1.42283435
   3.58340761   5.32655929   6.99729754   5.7673621    3.70134807
   2.17015149   3.22588753   4.41135133   0.4354025   -5.20883333
   2.41596476   4.25157811   6.84072756  -0.57687012  -1.4292411
   2.20000969   4.4464121    2.71490467   8.87161356   3.92201811
   0.9625768   -0.30467374  -1.26393526  -1.72078974  -1.74457357
  -1.9668266   -0.26174104   4.25199226   1.94135151   1.58255732
   6.07838982   7.60340634  -0.6133897   -9.93942154  -8.86863285
 -11.35709487  -7.82531471  -2.25971638   1.49154246   5.03781753
   6.06014748   2.93205101  -0.29380958   8.97876511   9.89193361
   1.02449675  -4.59672118  -4.87077222  -2.52098616  -5.47506958
  -6.1068258    6.68144515  11.39804429  13.65788984  15.93908851
   9.27809404   0.56213704   5.32389168   3.5764577   -7.54512442
  -8.61778405 -13.11158706 -19.80529965 -18.03794197 -19.63742384
 -18.57949475 -16.70783475 -21.50326595 -20.37463739 -18.74924017
 -10.40584263 -10.36926218 -13.82513619 -21.17601187 -21.99985291
 -16.7093594   -7.06478821  -4.78671323  -5.80657821  -4.51352151
  -8.51205054 -15.54299772  -8.75585646  -1.15658213   4.98051818
  11.58508943  11.44405292   8.18765939   3.31408329   0.04152151
  -4.38303604  -5.27239573 -11.41630151 -16.29574558 -12.26275245
  -2.40125913  -2.74226163  -6.05672525   0.94429508  -0.18780239
  -2.17036841  -2.58811071  -4.22816576  -4.2500198  -10.66459649
 -14.27838186 -15.86950061 -15.13300985 -14.54608086 -10.31570976
  -7.43968645  -9.70091127  -7.70937246  -8.12213791  -9.40969912
  -8.55845661  -3.09693337   3.52042183   5.17918438  -6.76555655
 -15.25289958 -15.36647639 -16.6558431  -21.16949775 -15.94642935
 -18.65710038 -20.96896874 -16.40586024 -16.0885755  -12.10045657
 -14.45694231 -13.46330521 -11.83773513 -15.65458409 -15.78301894
 -15.279582   -11.11671781 -12.32966037 -16.22914527 -17.86663472
 -20.47038886 -12.42781393  -7.09647536  -2.65724448  -0.15823625
  -3.75733372  -4.13920518   5.05434223   5.21025136 -10.1140545
 -16.16782017 -16.74229321 -11.84299891  -5.30984827  -7.15036791
  -9.80943451  -7.57571065  -9.05753827  -0.81674906   1.84482317
   6.25356129  -1.56133456  -4.66742645  -3.83271716  -3.09923111
   1.22889759  -2.80082234   0.61774257   2.7000764    6.27421508
   4.42332838   3.44190072  -0.42520283  -2.10865869   1.26168563
  -0.94537519   0.46287303   0.37719385  -1.00470696   0.2316259
  -4.23263717  -6.7157916   -5.50195596  -1.8487316   -4.3056644
  -9.9545807   -9.89648223  -8.7150081   -4.32124603  -2.82039852
 -10.39480604 -25.41927744 -30.00869854 -25.06967387 -22.00775597
 -26.3423424  -22.56366231 -23.2426046  -25.20902093 -18.19531401
 -13.79736205 -18.17663254 -11.57926681 -10.52550477 -13.2605303
 -10.22814202 -11.27855861 -17.61713487 -14.3930318  -13.06994936
  -5.68398829  -4.48440341  -4.3095438   -4.25234021  -4.80711168
  -4.56858295  -6.78139622  -3.29307135   3.99645655   9.71666048
   7.98289862   5.3131118    6.00853134   7.46609718   9.50901525
   6.28173471   0.73373388   0.07837868  -7.03179544  -7.26239476
  -8.92480297 -13.20784133 -17.39563335 -15.29455355 -12.9454945
 -12.18949025 -11.5604143   -9.89010168 -11.55095497  -8.61573575
  -7.82277184 -11.96914088  -9.24317146 -10.33799488  -8.42320482
  -1.04130654  -2.36988539 -10.85631022 -12.33182133 -12.6007183
  -9.17900741 -12.07570203 -14.54135316  -7.21929433 -10.80294053
 -12.6114036 ],[ -2.54601059e-01   5.68982480e-01   1.52612508e+00   2.94654181e+00
  -3.87929256e+00  -5.32075878e+00  -1.45993402e+00   9.78718194e+00
   7.81343783e+00  -5.48135743e-02  -6.30749331e+00  -7.49547241e+00
  -7.93490913e+00  -6.40286142e+00  -4.52659922e+00   7.88774177e-01
  -2.58391674e+00  -7.95009461e+00  -6.08156692e+00  -9.29474599e-01
   4.94961381e+00   6.84324604e+00   5.96885178e+00   1.06022286e+01
   1.11741804e+01   9.40317591e+00   5.91558758e+00   4.96054719e+00
  -2.55521212e-01  -5.16727878e+00  -5.40666423e+00  -1.47280983e+00
   5.65813930e+00   4.59256971e+00   9.39987366e-01   9.56254757e-01
   5.82743385e+00  -1.56397261e+00  -4.70769180e+00  -5.48978088e-01
   3.57982312e+00   2.97025403e+00   8.21833665e-01   5.52204188e-01
  -6.63016648e-01  -2.63856491e+00  -7.76770621e+00  -1.61592994e+01
  -1.23525814e+01  -1.07828035e+01  -1.38715890e+01  -1.69370439e+01
  -1.15925893e+01  -1.29266665e+01  -1.02006273e+01  -9.74426766e+00
  -7.38561646e+00  -7.14513112e+00  -1.37526914e+01  -1.43407114e+01
  -1.77027934e+01  -1.50756125e+01  -5.75735835e+00  -1.20129539e+00
  -3.01343887e+00  -4.55512502e+00  -4.57364949e+00  -3.80608772e+00
  -1.52634256e+00  -7.21204642e+00  -9.95615553e+00  -4.69854112e+00
  -2.29938549e+00  -3.46233513e-01  -2.76432951e+00   3.83585975e-01
  -2.32072486e+00  -2.37080656e+00  -7.74687919e+00  -7.69154565e+00
  -1.79411889e+00   6.30339414e+00   8.87536510e+00   9.03224496e+00
   1.12301838e+01   1.02280068e+01   6.53491301e+00   4.58138355e+00
   5.46219000e+00   8.29317916e+00   1.25558977e+01   1.27358005e+01
   1.68559899e+01   1.10054996e+01   8.31920541e+00   5.98697182e+00
   2.69903717e+00  -2.85172856e+00   8.50079557e-01   8.92311121e-01
   3.16030600e+00   3.79200937e+00  -2.54732131e-01  -6.45032392e-01
  -4.38979946e+00  -6.52058323e+00  -6.97205162e+00  -1.05552860e+01
  -9.80782673e-01  -2.56679944e+00  -4.86250176e+00  -7.26336549e+00
  -3.81822665e+00  -8.50844001e-01  -8.39714875e-01   2.40280738e+00
  -1.15782950e+00   5.23809424e+00   6.17553243e+00   7.17816567e+00
   6.83457677e+00   5.05523822e+00   1.14758970e+01   1.61147344e+01
   6.94455458e+00  -3.62556373e+00  -6.02622727e+00   7.58537442e-03
  -2.48233479e-01   1.89476985e+00  -4.69167261e+00  -3.02491765e+00
  -1.21395422e+00  -1.72674226e+00  -1.48301465e+00   9.92613295e-01
   3.07564210e-01  -1.28529401e+00  -2.57210937e+00  -6.47509733e+00
  -7.48185785e+00   2.41522476e+00   1.00006860e+01   1.13458916e+01
   7.64460591e+00   4.40353379e+00   6.47461635e+00   1.12121590e+01
   1.37810289e+01   1.52078876e+01   1.06456884e+01   1.23303474e+01
   1.54606127e+01   1.56464621e+01   4.88987582e+00  -4.99335923e+00
  -1.02558335e+01  -1.39374532e+01  -1.08280612e+01  -1.14572649e+01
  -1.28140826e+01  -9.50210832e+00  -1.22738795e+01  -4.02533895e+00
  -2.00387599e+00   2.45354273e+00   4.40139951e+00   6.14159998e+00
   1.24321481e+01   1.07404261e+01   1.09235927e+01   6.02021485e+00
   4.60611861e+00   2.99557281e+00   6.44523992e-01   7.35776682e-01
  -2.25559593e+00  -3.73685132e+00  -6.82726880e+00  -8.89178371e+00
  -8.42567123e+00  -2.52952009e+00   3.45831336e-01  -3.36249636e+00
  -8.50439771e+00  -1.55471402e+01  -1.44986010e+01  -9.05682228e+00
  -5.50201638e+00  -5.16434345e+00  -6.03768911e+00  -8.48545010e+00
  -4.92970150e+00   3.52831328e+00   6.58455152e+00   3.41020180e+00
   5.40637101e+00   1.58998033e+01   1.60058579e+01   2.07153917e+01
   1.88709902e+01   1.26362566e+01   7.27106921e+00   5.35604021e+00
  -7.55492243e-01  -6.38810538e+00  -5.10247391e+00  -2.21068106e+00
  -6.69551130e-01  -9.10521865e-01   4.79090267e+00   5.83039391e+00
  -2.41211887e+00  -6.45651359e-01   3.02878264e+00  -1.51963252e+00
  -8.95827580e+00  -6.97790766e+00  -4.31310068e+00  -2.92086940e+00
  -2.89935819e+00  -5.58545704e+00   4.17345270e-03   7.61775354e+00
   3.49389472e+00  -4.39022585e+00  -7.15114034e+00  -6.04905179e+00
  -3.47689917e-01  -1.36470688e+00   7.09613204e+00   8.20704211e+00
  -1.77939423e-02  -1.19766807e+01  -6.01787469e+00  -4.83523441e+00
  -6.16440173e+00  -9.13396916e+00  -5.03860232e+00  -2.19839857e+00
  -2.51055858e-01  -6.50369827e+00  -7.83503048e+00  -2.13035585e+00
  -4.31799441e+00  -4.60541268e+00  -2.14617898e+00   2.03578262e+00
  -1.15919218e+01  -1.42541123e+01  -5.99591369e+00  -1.15049449e+01
  -1.23060229e+01  -7.93206664e+00  -5.24586386e+00  -2.57001276e+00
  -6.33350891e+00  -7.37160712e+00  -6.90540507e+00  -4.07595592e+00
  -4.75524966e-01],[ -0.31407451   0.15724618   1.13265016   9.44119677   3.46837006
   1.59610162   3.71412784  10.8301426    7.66285228   2.82310929
   5.2556129    3.41487113  -1.8214377    0.25325999   1.99793254
   1.66431865  -2.94215882  -3.93009464   5.61372027   9.63900764
  16.16474486  13.39385098   4.33369607   0.73004084   5.81766647
   7.68529536  10.28435239   8.60637835  -2.87982711  -5.85055952
  -1.81961464   2.04016304   5.31428083   2.72010435   0.23312406
   4.8254406   13.70295458  14.9620386   17.08167229  13.89379141
  10.85892917   3.42346539   1.86040439  -0.28437015  -4.45630291
  -5.41449242  -2.63979809  -1.47358605   3.60421296  -1.76017649
  -4.32058457  -9.28675873  -1.21028264   5.01301707   7.42956241
   5.97701556   3.41688848   5.80525376   0.20115438  -1.30917499
  -5.26708169  -2.96069489  -1.89559249   0.68001458  -2.8558005
  -8.94820788  -7.54976155 -10.54951711 -10.55954612  -7.07012842
  -8.86622333  -2.07339573   8.10531987  11.45976686   2.91920251
   1.9293693   -2.5240288    2.45029073   5.53891765   9.23110093
   6.68313293   1.0321675   -2.88531661  -5.24030902  -4.78399969
   0.4662353    2.27814028   0.60542139  -1.63981793  -5.27712454
 -10.46652273 -13.24876504  -9.6239878  -11.48425705  -8.76754651
  -5.73248653  -9.1321038   -8.9678558   -6.71997058  -8.21011343
 -11.13811285  -9.55344531  -9.40755921  -8.35998414  -2.91284567
   2.57566391  -3.28452856  -6.40580177  -0.58993093  -7.58773343
  -3.32572037  -1.93050927   0.02876504   5.21809924  -1.64240074
  -9.84627291 -17.79309738 -11.87249987 -10.17381483  -4.25115135
   3.64525734   5.24796605  11.96223799  17.57055266   9.84266611
  -0.29585285  -0.76456691   2.59760602   2.14683548   5.6681536
   4.08943886   4.25944968   6.69257755  11.0533154   12.34651106
  12.11645592   2.88459386   1.10550628  -3.24181592  -2.52822631
  -6.39403041  -3.58093567   2.24127479   9.00697787   4.86717328
  -1.37656239  -4.08545721  -6.02284989  -3.85135644  -5.14306941
  -3.73289648  -1.17477266  -4.1613875    4.97807989   5.19644227
   1.01846835  -5.60056272  -6.87788821  -4.92133187  -4.81165425
  -6.90210572  -0.51056255  -2.2199793    2.59271042  -2.45127494
  -3.60350992  -5.54402178  -8.97958204 -11.03083738 -12.30847252
 -11.17390779  -7.9044281   -0.71342037  -0.64513401  -1.85625697
   5.25108573   3.60651617   5.70295381   6.83208575   1.0887696
   2.68042518   9.64404754  14.95476531  16.16429363  13.55033434
   6.72746991   3.10777352   4.16260784   7.75209681   8.43469776
   6.66414561   4.18894931   1.02582317  -1.90522595  -4.90543486
  -4.39995911   1.86128872   8.37709784   2.81838747   3.21180457
  -0.96439838  -0.68203463  -0.64709526   1.41469806  -0.11713326
   5.78008285   7.4042702    9.91665792   8.18632883   6.45174509
   6.05726829   5.85615007  -0.24454278  -0.87289536  -0.3970654
   0.46306241  -0.96207903  -0.91811274   0.8724646   -0.17170992
   4.05068608   4.73259784   1.71331419   5.67980192   8.76706443
   7.49005813   2.55726334  -0.35518167  -2.37641444  -8.58626404
  -2.17587618   0.53360336  -6.04755342 -10.90140997  -5.07108902
   0.39033796   6.94674399  11.46822347   9.68488504   7.62843671
  10.39046051   8.80861092   9.32877756  10.04444242   8.19063562
   9.13316745  10.5163412   17.60740244  12.0976541    5.57252732
  11.53194327  14.80674691  11.64979546   8.24785632   6.82702691
   8.86964768   8.07665621  -0.33944033  -5.14773826  -1.03142583
   2.85813368],[ -0.21689426   0.60183705   1.90898832   2.82594593  -0.86002384
   0.85840078  -0.17584379   4.13541226   7.15304476   8.48324919
   6.36694426   4.313138     3.02665077   1.21449342   3.15249643
   1.6491643   -2.57466225  -6.54835722  -2.17381272   1.11675807
   2.91771297   5.49754297   2.40562261  -3.82306996   5.4925082
  12.2764628   12.40712075   6.33441775  -1.93359934  -0.09503481
   1.62484542   0.3986523   -1.54248591   3.74270778   3.08575513
   5.39821597   9.77510551   7.9173436    2.05106773  -4.99377011
  -1.63172888   0.9041612    4.84249918   7.10749296   6.01668037
  12.31488243  14.30562847  13.47352442  11.66235644   5.75900321
   2.79034299   2.21542736   4.03214662   3.52366521   3.33677299
   2.39262032   1.25446477   5.97126477   5.94240174   6.82138932
   2.96729567   2.13201882   2.12336386   2.34758781   6.3968001
  11.45707977  16.77404189  14.59050211  14.88442482  16.27437234
  14.4727217   11.29115505   9.8942393   10.37372845   2.53218098
   5.04037282   1.99545364   1.68502373  -0.83037146   1.59978836
   0.05812064  -2.34517696  -2.390955    -0.84917616   3.30288226
   3.88599827   4.17446735   2.02305522  -3.63238779  -5.1905436
 -10.21397141 -14.59096352 -19.61905063 -20.61888277 -11.23340408
  -3.8613165   -4.7930596   -0.64253402   1.16342253   4.11761336
   6.89012906   7.74992262   6.09161739   2.93768834   2.57934481
   2.44076433  -2.65431583  -2.12926048   3.08489209  -3.78231964
  -0.88510447  -3.578481    -0.265704     0.07591806  -6.2958696
  -2.55988136  -2.99889461  -4.94012489  -5.44346294  -6.1073444
  -4.93200986  -7.52650994  -5.11503789  -7.15205148  -7.14545285
  -0.26295363   3.54288026   5.40790835   1.20031944  -0.50907769
   1.0579755    2.23976793   3.80988462   2.76983623   6.0892134
   2.29869713  -4.49678674  -5.88836562  -2.97709508  -0.76203359
  -7.51452517  -1.54720866   2.34560373   2.88968498   1.05567719
  -1.16799738   2.94072603   8.08395411  12.26068389   4.96861317
   1.37616681  -0.75052888  -9.52588764  -6.0414757   -5.45745859
 -13.45359222 -15.89025506 -10.52639565  -8.24915338  -8.05954995
  -9.11960936  -0.41485691  -1.05187754   1.66842697  -3.23403258
  -6.10167226  -8.87220159  -8.58963628  -6.56408326  -2.5841111
  -0.35049201  -1.69482842  -0.34851016   2.39743024  -1.76260535
   2.9088503    6.65716684   3.59143998  -2.13944391  -3.7755438
  -0.71944176   2.76785349   7.29497444  11.15594408  13.44684358
  12.27062893   9.11549596   4.8304298    0.94243029  -1.84464348
  -7.56201372  -6.19821977  -2.10487431   2.02412992   1.44325617
   6.32990133  10.00225021   6.18552728  -3.96302823  -2.15862049
  -7.00578302  -6.98844451  -8.27856297  -6.89836581  -8.44371846
  -6.48235992  -9.04654395  -5.82120413  -8.1382164   -5.9838021
  -4.28765747  -0.55742734   3.915083     3.36697567   0.63684975
  -0.76057916  -2.50008236  -5.61267818  -5.43923182  -8.36610653
  -6.38974101  -5.71168326  -5.50389586  -4.28879114  -3.53612236
   0.53599644  -7.74518402 -10.7509786  -11.36609699 -10.1661907
  -9.74377765 -10.47050268 -10.63477713  -4.83668721   0.65591094
   1.63375869   1.64359866   5.74065126  -3.15125219 -11.94396312
 -10.02663581 -10.19615857  -9.51653631  -9.66907957  -9.82768104
 -10.89708153 -10.79591054  -1.40644643   1.91988665  -1.65283353
   1.66340706   3.60536524   6.39175266   4.4658386    4.7317709
   7.43185837  -0.18819477  -8.0813805   -8.3847032   -8.01398848
  -7.26582766],[ -3.81613424e-02  -1.19081386e+00  -6.08209310e-01   1.73220620e+00
  -2.93560086e+00  -3.13714302e+00   1.60789680e-01   4.81309806e+00
   9.46018685e+00   7.87337636e+00   4.40342184e+00  -9.92124228e-01
   4.35437642e+00   1.43117101e+00   3.98341940e+00   8.04343984e+00
   5.92487618e+00   5.27932220e+00   6.91775745e+00   6.74813869e+00
   1.46229117e+00   1.83899152e+00   1.50869503e+00  -2.43723953e+00
   3.22800465e+00   4.40140414e+00   3.31266215e+00   2.98242353e+00
   2.31973107e+00   5.84239989e+00   6.28306042e+00   4.20526557e+00
   3.36300330e+00   4.86486493e+00   3.01849836e+00   3.48809097e+00
   7.36899319e+00   1.44682123e+00  -9.13895869e+00  -1.15125543e+01
  -1.01227792e+01  -9.45770328e+00  -1.02790052e+01  -9.79797315e+00
  -1.27343713e+01  -6.09708808e+00  -7.92939500e+00  -7.33187562e+00
  -1.32115919e+00  -1.18625303e+00  -1.61479744e+00  -6.64032168e-01
   5.07706904e+00   1.15520404e+01   9.15404834e+00   1.11472209e+01
   9.10212164e+00   7.20347305e+00   4.09772811e+00   8.06465108e-01
  -1.33384865e-01   1.79387518e-01  -5.51917708e-01   2.41721722e+00
   8.73882880e-01  -2.19226259e-01  -4.84088529e+00  -8.11583072e+00
  -5.05770887e+00  -7.55627110e+00  -1.01286638e+01  -1.29389238e+01
  -1.20105839e+01  -3.66875318e+00   3.23764747e+00   6.47260051e+00
   6.86254577e+00   5.63600756e+00  -1.40486244e-01   3.91531872e+00
   6.55474557e+00   1.91608173e+00  -3.01483226e+00  -4.12499227e+00
  -4.69460562e+00  -4.93647174e+00  -3.48032525e-01  -7.22713879e-01
  -9.87250367e-01  -1.10738322e-01  -6.87394477e+00  -1.24720492e+01
  -1.59580195e+01  -9.15677038e+00  -6.56117698e+00  -1.72647065e+00
   2.78047996e+00   5.04292822e+00   5.34848576e+00   3.99540208e+00
  -3.76998340e-01   1.29429131e-01   9.08000849e-02  -7.11914929e-01
   5.09158297e+00   4.52838444e+00  -6.41013612e-01   2.66293624e+00
   1.57600291e-01  -6.80901899e+00  -1.08726848e+01  -1.08458794e+01
  -7.25475220e+00  -5.06817676e+00  -9.92393210e+00  -1.01686987e+01
  -1.13399432e+01  -1.08573279e+01  -4.92193180e+00  -3.56063247e-01
   1.31529632e+01   1.40188091e+01   1.10073999e+01   6.59034293e+00
   5.42121018e+00   3.29915417e+00   9.88454423e-01   1.54944107e+00
  -5.81840095e+00  -1.16822993e+01  -9.85409273e+00  -8.28797148e+00
  -5.25966481e+00  -6.22220239e+00   1.91086429e+00   4.30872348e+00
   2.65274681e+00  -1.39282976e+00   1.51717374e+00  -1.25857359e+00
  -5.06966652e+00  -9.83203983e-01  -4.54768518e+00  -5.36021207e+00
  -6.60819183e+00  -8.37031891e+00  -9.53550658e+00  -4.71529462e+00
  -3.28510626e+00  -4.92705106e+00  -9.86428427e+00  -5.14268836e+00
   1.90134754e-01   3.54017585e+00  -7.21855461e+00  -1.44555487e+01
  -1.82854409e+00   2.68857029e+00  -2.04339319e+00  -5.58803911e+00
  -1.21664956e+01  -9.45912529e+00  -6.04391652e+00  -5.10403013e+00
  -2.59335742e+00  -2.40032659e-01   1.45532395e+00   3.09794035e+00
   1.59083186e+00  -1.61143770e+00  -2.15740565e+00  -6.61955487e+00
  -6.63658269e+00   1.12773503e+00  -5.30916602e+00  -5.19825471e+00
   9.10461580e-01   7.50333840e+00   2.69117069e+00   3.53615498e+00
   8.58991889e+00   5.14093322e+00   7.32250187e-01  -1.73173803e+00
   1.10587267e+00   1.77749109e-01  -9.08280984e-01  -4.99890681e+00
  -4.50538938e+00  -4.40342090e+00  -4.57216183e+00  -1.37865822e+00
  -2.48330802e+00  -3.43419645e+00  -2.39805161e+00   1.37156293e+00
   2.32178284e+00  -1.08342927e+00  -5.11121088e+00  -1.03434295e+00
  -5.44705729e+00  -9.19176280e+00  -1.13766995e+01  -8.96431868e+00
  -1.11577290e+01  -4.72095389e+00  -4.21274968e+00  -4.98981562e+00
  -9.09446741e+00  -7.09059552e+00  -5.66222607e+00  -3.43578043e+00
   5.74462600e+00   1.21734468e+01   1.68698165e+01   1.15819620e+01
   1.45533606e+01   1.70479191e+01   1.93159332e+01   1.22383273e+01
   5.86627824e+00   4.30352891e+00   6.82973929e+00   2.56643306e+00
  -3.11220306e+00  -3.62921536e-01  -5.01769721e+00  -9.10818085e+00
  -1.48288333e+01  -1.49337870e+01  -1.35406792e+01  -1.18253566e+01
  -1.13926400e+01  -8.57683467e+00  -8.42330266e+00  -1.02608726e+01
  -1.41217918e+01  -8.19388236e+00  -5.32163835e+00  -1.12969092e+01
  -1.18591451e+01  -1.00298431e+01  -3.66106362e+00  -2.02500370e+00
  -7.83447551e+00  -5.85426916e+00  -6.05457530e+00  -4.69062017e+00
  -6.09397611e+00  -3.52604256e+00  -1.91787321e+00  -2.58797436e-02
   1.03597019e+01   1.06568078e+01   1.52853264e+00   1.92091585e+00
   5.66711331e-03  -4.01856522e+00   1.41758284e-01   2.02437210e+00
   2.52007411e+00]