[-695.14155214 -647.91352099 -608.2249053  -376.74866765 -305.67009225
 -331.60108994 -387.01068294 -412.43370333 -444.23812241 -474.37153471
 -495.06897368 -512.61999707 -530.82242857 -546.80491726 -548.1532617
 -538.66061069 -517.93134284 -501.54286983 -490.97954799 -447.66454673
 -414.53518924 -383.2406922  -359.79538693 -379.34370577 -434.70975893
 -434.49254301 -377.94785174 -349.29298593 -358.31723781 -353.96899117
 -358.98804786 -378.15242835 -415.31155423 -435.74770004 -402.30818708
 -344.09816967 -304.26413762 -291.90129362 -297.13576922 -301.03005271
 -323.94151259 -382.30926084 -467.56474116 -504.56436611 -509.02836437
 -491.4517262  -437.06238523 -343.44001832 -314.27179404 -329.12855756
 -342.89385572 -349.54416303 -338.9320217  -307.62988794 -298.28931039
 -325.05791303 -370.83133363 -411.50542683 -425.35423112 -392.88057866
 -346.05668194 -334.6644252  -334.82027265 -338.86787392 -339.87667613
 -338.38124235 -342.24800764 -323.19615157 -329.6593907  -323.14122626
 -313.98630059 -306.62201092 -300.2098771  -293.69254416 -295.79080904
 -297.13129641 -323.53882025 -382.68428129 -443.33139835 -485.03215426
 -502.89736815 -485.33933691 -398.31239444 -341.2265015  -343.59502241
 -362.91527098 -368.70089732 -370.61790659 -399.49321497 -449.99562721
 -475.07540289 -450.37513444 -403.51906738 -376.76144649 -366.62952564
 -356.30730258 -363.55272157 -359.1117497  -358.90315593 -363.65582831
 -364.46373644 -359.84544654 -358.32665708 -362.77730113 -396.0349466
 -409.22231279 -362.79489068 -349.57046149 -367.38355713 -403.65594149
 -412.32547849 -379.68153589 -333.25246217 -312.09196874 -301.24336448
 -300.03479877 -301.09325088 -302.42531087 -337.21604412 -374.81601517
 -348.2710398  -351.92782954 -387.27463883 -396.21395703 -392.84121326
 -378.93983067 -362.76607377 -352.36064484 -352.06325017 -367.19970391
 -393.64913534 -391.29226196 -342.78416922 -328.72216024 -342.9745918
 -353.2961281  -340.10311935 -322.62417572 -325.89445567 -335.55868502
 -339.67246558 -341.9468964  -350.36060222 -366.09864943 -380.38110019
 -345.64789928 -331.97026437 -328.57253973 -332.91645841 -318.50746036
 -333.10021647 -383.48645033 -451.31025942 -450.30113517 -404.61476294
 -385.29988754 -348.81705171 -305.51642287 -282.13723413 -280.82846882
 -277.31880403 -273.50966803 -268.622836   -265.12428252 -272.14558629
 -291.43547938 -335.03329237 -384.80075828 -370.2670415  -335.5400384
 -323.57946622 -326.15172196 -338.93854845 -348.69446857 -350.05109565
 -356.79211059 -380.24209729 -409.41547278 -416.53960808 -373.34726547
 -344.79591969 -331.47814871 -326.88196442 -314.3463355  -320.03289942
 -339.39232789 -347.36777187 -360.96053345 -386.96461863],[   2.77262769   11.88921063   16.67976607  147.24888674  170.5538319
  176.14568788  185.38831037  182.8590913   183.12072476  175.65782326
  153.15438975  139.14037334  138.88669049  134.2210523   135.41283533
  144.53687031  147.54622433  144.41778304  122.35212808  110.14786945
  112.30986383  122.34694092  139.38409758  146.47030411  148.64645841
  145.97404441  148.42893913  144.80036814  132.14660346  138.66633277
  144.55882137  154.97274006  158.08866543  148.03227241  154.29555285
  160.3327856   162.98515692  164.38816672  164.06326721  170.62029393
  177.93172646  169.40580084  137.67690528  117.94295291   99.57512343
   76.29549038   46.63886488   30.72134298   23.83169468   21.63425003
   54.64317446   96.3194055   127.57955508  146.72576054  146.88443859
  152.16655315  167.2552281   152.99633932  130.73514124  119.86244166
   96.39979749   59.37451989   38.1374082    29.13170204   24.81384515
   25.61963718   38.33386359  100.24010277  144.11431637  158.51013949
  165.08338555  168.05390693  169.74462308  161.23757359  145.74079234
  145.30698825  153.46190178  150.82117292  135.28033088  122.52018462
  115.75265325  106.50247758  138.38810338  153.69148814  149.3958442
  149.51342721  160.37853076  169.70670118  162.14773435  139.98286538
  127.87889591  121.29675428  139.59425996  154.88555384  165.28633217
  163.52432281  153.38369667  150.86031461  151.71537161  152.45019057
  153.85170886  151.44368238  146.08669827  155.73633375  159.10679554
  146.07536327  145.890774    144.55037344  138.77142678  132.51631301
  127.29278962  138.67875819  164.89593362  162.32451749  154.66828268
  155.89440067  165.74631397  174.49443266  176.99476628  164.22147339
  178.67577304  184.84978633  177.63695439  183.68379107  186.75246355
  179.00478165  179.64622765  183.16446214  191.56404614  193.94725589
  174.07598677  161.93166954  183.11527675  178.37426595  154.41775887
  148.0244609   153.26346688  158.49547311  159.55856176  160.94757483
  165.50129273  163.80618267  165.88327391  157.64577982  132.9307534
   91.84942638   56.32443722   42.85634066   42.82122954   94.42975941
  140.08231438  155.85531402  137.39606691  119.73316683  124.93670893
  126.2076342   159.30929403  177.4985156   172.56591266  173.11708414
  161.17879341  145.03533484  144.12122706  142.9106863   144.75221074
  157.07451154  163.49571357  146.55295408  159.79082288  168.94248246
  165.67993314  160.63719997  155.3118851   151.56676116  157.45594007
  173.09636116  178.00021784  159.45321925  151.84436448  171.43114571
  177.45903202  177.34169223  177.8710127   182.33773058  175.74636707
  171.74621012  176.16767092  179.10290343  172.84391489],[   0.39311806   -0.45030078   -4.3765529    -1.69029475   -3.09620388
   13.58638887   38.3661997    36.68191501   38.40059654   41.35055042
   35.51546317   26.2247037    22.21058565   24.19717592   25.06822121
   35.72741822   42.74669375   32.62025145   12.79698071  -21.78602684
  -41.55833083  -62.13504775  -71.33528119  -54.33552459   -7.8547356
   -9.74759238  -54.85599486  -76.24752214  -78.35086946  -73.15471804
  -64.81357336  -51.4744079   -33.17633791  -19.67311418  -38.38683695
  -70.6227964   -93.07320224 -102.8728475  -103.56440379  -96.06310064
  -70.06244471  -32.69161564   12.39459705   17.93168763   15.65800719
   11.59138092  -11.35468415  -33.72911798  -45.08746149  -53.29701018
  -42.13790828  -35.95871937  -48.15205106  -80.33857332  -97.29692142
  -87.12718991  -58.71813374  -19.79320389  -14.20687203  -40.48809979
  -59.9227137   -74.89196897  -89.95057822 -100.65049454 -114.19666453
 -122.36398467 -118.24313044  -89.75040325  -83.17981081  -91.2865516
  -91.95012159  -97.03595211 -106.18489404 -116.00839755 -118.25446563
 -114.34011644  -93.20836893  -55.09051859  -22.80702176   -3.19056139
  -10.25950702  -14.63520282  -44.82472797  -69.63788505  -82.10515033
  -80.99105263  -71.38946269  -58.78050987  -37.8325488   -13.43680947
    0.99425814  -13.34472344  -25.337555    -38.51534738  -45.66455365
  -54.42430777  -57.83588905  -59.13020874  -47.6472834   -46.44192214
  -48.75100445  -58.10387049  -68.63751532  -65.61346821  -43.96867136
  -30.26165314  -63.06930649  -74.07757549  -60.80520379  -33.92710501
  -42.29569922  -61.56732776  -75.79909171  -86.46087039  -92.26212147
  -91.40720329  -80.44270805  -69.34213218  -41.10903453  -40.01477493
  -65.98235779  -63.71052312  -50.17577427  -44.54590826  -41.47104298
  -41.01198854  -41.55226587  -38.9571476   -25.85430244   -8.2599532
   -0.84313416  -15.77656751  -39.12196042  -58.44262976  -59.54801207
  -51.70942691  -57.89012031  -69.41346839  -74.07524694  -70.56100002
  -62.34622106  -51.68641219  -42.45631687  -27.16324359  -16.53458961
  -51.12674476  -78.8743745   -98.56712671 -110.27850706  -89.79473969
  -71.5841225   -46.56155258  -22.39522799  -42.5257203   -69.83361935
  -70.61233723  -57.86087579  -73.0692634   -95.24159393  -93.89244784
  -94.01997251  -97.15904414  -96.15057896 -102.76076387  -91.6144861
  -67.60170461  -44.79861603  -37.39357015  -40.20167672  -48.90977119
  -51.79682813  -48.50366117  -46.60104587  -43.93670202  -51.26103845
  -50.09758675  -38.04511713  -26.57620795  -21.46824067  -32.37647719
  -37.19131859  -40.55737306  -39.85388883  -41.19014295  -41.17167581
  -32.46988758  -28.55604799  -28.56221875  -25.732738  ],[  -1.3005242     8.2846453    13.01019874   35.96728823   50.8756866
   49.39493543   28.02914678   26.85176944   27.14415384   30.30807157
   38.67172225   35.26841927   20.79573643   12.32573962   12.61582638
   21.0082476    34.0891399    38.19175455   56.18990409   72.99985933
   86.03804721   84.08934475   70.90770681   58.58515209   45.46954166
   41.83034543   40.97920411   50.43949347   67.60903831   74.01174398
   68.24369906   51.03203819   36.90114732   42.29053073   44.0664762
   47.10964972   49.49771604   48.8372629    41.51162344   33.82147394
   37.95218825   43.12588336   44.08780204   35.33686785   29.51936012
   34.91573503   57.16832638   72.05771992   75.12868448   79.30775988
   84.56750477   71.40461006   59.26522285   57.07271918   58.58252686
   59.73066515   54.82142469   49.06988508   47.38488657   58.51380374
   96.87315422  125.36720665  125.21004308  118.26341486  111.72367212
  113.87196088  114.69421107   94.5059219    54.51588714   42.43926928
   36.70676072   23.92175249    9.79356786   16.4623887    29.39933676
   33.05262303   27.22191283   25.35190193   29.75925933   28.90400558
   15.85128183   33.72272631   40.83273534   47.71089277   46.82400395
   33.72238357   20.7499974    10.22388784   14.73515793   29.35360293
   39.95213123   49.30383903   54.6798192    45.4125938    32.69694202
   26.41681031   25.73324563   20.72107098   22.84703307   21.91733538
   24.96007206   28.99289442   38.82489044   40.70717331   37.34037193
   46.82246185   51.91375265   53.88852621   53.20085546   52.68144757
   54.21612012   56.96513683   41.55837156   35.44389074   27.2558234
   13.19557342    0.36444977    2.33595851   10.50566125   17.26609808
    6.55176293   -0.40355026  -10.23038043  -22.79416987  -20.3423769
  -13.74044706   -8.56772634  -11.38759044  -13.18979187   -9.78453828
    3.66467198   -1.02781394  -12.94773112   -8.13663348   18.33320401
   29.95924787   33.30926125   27.94010094   15.29931151    5.98280172
   -2.74144024   -2.64757077    0.63400092   18.29668449   56.93251884
   94.83810575  110.99744305  109.99785356  105.15478587   91.18376913
   47.90348885   20.76453462   27.97167868   33.16305042   26.50309631
   28.09915168   30.06704121   13.46045779    5.76317918    2.72714923
    8.95648262   12.21081074   10.51200849    4.38026897    5.25762991
    1.00887494   -5.12305371    6.07578191    4.59586987    1.12734014
   -0.52681311    3.83729951    6.79612968    5.3392389    -5.12994141
  -12.61575769   -5.47468118   11.19767553   12.10015621   -2.66341053
    0.9886399     8.29158818   10.11351242   10.62870101   13.58581364
    9.06980064    2.92138741   -0.62067323    6.57633209],[ -5.13670793  -3.45998753  -5.47825679 -33.4605067  -36.17056673
 -29.70698632 -18.09641585 -16.08262162 -11.6281818   -1.16679409
  -1.00495402   1.04348332   7.81370382   5.6979172    8.3688825
  12.33679238   2.55768552   2.47269736  14.22486113  24.16895674
  34.27990824  36.29580058  34.32143985  36.61883676  24.84810479
  18.48626639  23.91501405  28.67336025  38.28258648  35.4881999
  30.46017529  19.76547779  12.25212172   9.76358945   4.21022335
  -6.27404922 -10.59124288 -10.29632067 -12.36997067 -18.02476914
 -12.33194757   4.98775961   4.33208726   1.89156693   2.22280333
   0.58088448 -13.75208225 -45.55566471 -58.14029237 -46.74690616
 -20.86018067  -4.74821214 -11.66872035 -14.4498742   -8.8781994
   5.82874976  17.68916523   5.25957354  -2.97736836   3.15999444
  -1.03290719  -7.54811769 -15.33557998 -19.73531031 -24.52828243
 -16.40608735  -5.96196659 -10.1842778   -7.48003695  -1.42595656
  -4.21290935  -6.20958281  -8.33549943  -8.33601041  -9.58251237
  -7.40905304  -7.16123724   0.17684056   2.19149719 -12.02658075
 -14.52988062 -20.09282441 -11.72753339  -8.62099769   2.74598553
  11.38694578  10.69285371   1.78926369  -1.86594711   0.61483608
   1.94549887  -3.6552834  -18.00978295 -27.46976622 -30.90633584
 -30.48920335 -27.99369664 -32.23338163 -31.58134084 -19.14114652
  -7.38695008   0.25689878  13.76508687  19.90000147  13.09440651
  12.86477045  18.05517203  17.10638006  14.31943882  11.17883548
  19.04926855  21.65328813   6.26914979   0.57078844 -15.47839604
 -24.11424281 -34.64176919 -38.55025076 -33.56259224 -18.31491974
 -17.15770167  -7.24372119   2.17603588  -3.81205086  -9.18543688
 -22.0560486  -18.98398013 -23.97400561 -28.91621692 -37.40558271
 -40.46517371 -39.8496103  -43.73409066 -30.50768114 -22.32267819
 -23.78054134 -20.82221941 -20.83584569 -21.50410327 -15.66565062
 -20.9469518  -22.78164741 -21.3741482  -27.4097394  -17.74166524
 -12.88776246 -13.60064162 -16.67605446 -12.11668249   1.42062645
   2.4715752    8.98536407  14.52126863  10.64875034   4.41261793
 -12.12340126 -20.45302492 -34.97785091 -46.38551013 -52.70624938
 -59.38802891 -62.76365313 -64.6280557  -61.28295756 -57.42972002
 -54.23470418 -38.51797082 -20.23412288 -19.45746255 -18.05628336
 -20.21724749 -25.55779054 -31.8429376  -34.65919733 -23.94689403
 -12.75111488 -14.57213834 -11.25916982 -14.02885453 -13.13656019
 -13.86205506 -22.96738023 -25.98505978 -31.56762773 -35.89175963
 -38.43517438 -36.55902802 -39.9936349  -35.54956414],[  1.66665851  14.82731035  22.78918475  -5.72911563  -2.42355613
  -9.86318555  -7.38093765  -8.0479092   -9.88416739   0.08038684
   7.60895946   7.86046517   6.26972028   9.86182586  12.2949149
  15.74696913  19.41831537  22.97923627  22.57691466  16.14334185
   5.38616664  -3.95720049  -2.09041392  11.61274919  26.41849603
  21.79922079   8.41009535   0.28820463 -10.64061229 -12.26636423
  -0.19435063  12.9130977   23.53594945  28.34677623  18.18975507
  12.33172556  10.63762648   6.08371865   3.49715984   4.7627849
   4.78587324  13.21649648  22.7210405   25.54989481  24.33585508
  29.60691258  32.49741475  39.78565307  32.12296615  25.81504896
  24.82605367  17.72946752   2.4193149  -10.01519648 -13.21497784
  -7.85809669  -2.62141622  16.83623509  24.63247066  19.50114504
  22.36058395  23.71809467  26.39338662  31.58919438  30.79215059
  28.26205215  23.20067852  10.29810679   4.25911963  -5.92783887
  -8.03114003  -0.35580285   2.21007708   1.40970782   4.60768974
  11.58720048  15.4583386   24.52646943  27.50671156  17.14908429
  15.71076569  17.58887037  23.43317624  19.775304    13.73347669
  13.56498259  15.86772851  20.10263413  26.40751483  25.00968539
  28.28864009  20.19406585   2.53556727 -10.92047914 -17.40966711
 -16.71600439 -15.81802801 -10.42919539  -3.37161164   6.69632449
  14.94009262  15.69050079  10.13910066   0.39193389   0.43428324
  19.45114004  13.82876739  12.49269979  14.61161801  25.46183318
  23.07719515  16.88652858   8.28717403   7.5766897    4.32105597
   3.54473752  -1.49249733  -1.35013689   3.20979556   3.91115573
  -6.29585936  -3.2614416   11.78371223   7.08176065 -12.39009175
 -20.07756119 -12.2771941  -10.86284991  -6.87603007  -5.35286883
   3.54874209  28.11059612  26.31705185  18.65551445  10.86210786
  11.16374367   7.35126737   4.13841837   2.27424132  12.27376605
  20.40047046  30.57987432  32.36347659  31.85604304  28.21352501
  31.74712651  32.14114625  24.38248416  22.72014477  27.13770419
  31.2455044   38.26399835  38.22718469  25.26830878  22.06954951
  22.44892606  20.77583079  17.62672334   7.48228567   1.57522386
   4.67217496  13.90882151  13.93744263  15.19257461  16.44653578
  15.9526546   26.13014317  29.89702768  23.3229643   22.44698425
  18.97256602   9.06042464  -1.70852842  -3.05392434   3.89470476
  16.42641492  18.28824433  17.04763896  17.62448695  21.19033158
  18.24660693   9.96234882  12.83450658  13.10833145   6.91616597
   8.20250805  19.16195913  16.09447446  10.10129256],[ -4.98568143 -12.23205684 -17.67714925 -34.02524411 -40.19805552
 -45.1135517  -53.46838843 -44.28634164 -35.00065178 -19.83095794
  -3.99240913   1.34490624   3.6802491    6.76007895   8.99788375
   6.34390844   9.75035337  10.25953816   5.58121419  -6.39720025
 -21.14049788 -31.27618885 -35.36562374 -29.74091553 -13.97245114
  -6.96698955 -15.91934912 -24.34874278 -33.23534828 -30.6835588
 -26.48304095 -16.54334689  -1.42366937   3.25718132  -2.86806528
 -11.37289392 -17.46646118 -21.35723999 -24.73064497 -25.95133453
 -25.78864785 -21.93826762  -9.55318252   0.1130405   -3.47241413
  -6.39608063  -7.00239558 -10.61203641 -21.96968131 -22.33056405
 -22.44524628 -20.59810445 -25.51786995 -26.02935755 -21.66657164
  -9.36052205   3.05740741   3.78294207  -3.13653949 -17.26920709
 -17.24523447 -13.35725324 -11.66882103 -11.45311936  -4.91165106
  -2.92299116  -6.11067507 -17.5320801  -19.45145589 -20.92119929
 -22.58735164 -22.97114341 -25.43778656 -21.0242038  -22.27572428
 -20.78366249 -16.95834032 -13.61794422  -7.34926115   6.85019135
  12.64916903  10.64254161   3.00181086   4.9670194    5.59028052
   0.53788355  -5.16892097  -8.48435275  -2.74415797  -1.59643487
   6.82263017   3.57025739   6.50302738   9.80768406   8.43301487
  -7.52664655 -20.33484593 -28.48948655 -32.35801589 -27.06075507
 -20.8210328  -21.27849252 -27.69517859 -28.58729256 -21.21663536
 -15.66095538 -29.43707459 -32.23708277 -35.18489691 -22.31587755
 -12.96045744 -19.0530728  -26.79713683 -30.86973908 -30.21279054
 -26.46786795 -26.48974371 -20.16599088 -10.62836218  -7.47165582
 -11.89433624 -16.9562797  -11.90971002  -2.79445974  -5.79401796
 -12.61902289 -13.39878044 -14.8538158  -15.86866694 -13.96334375
 -10.44627527  -2.77528891 -14.90854    -26.4468654  -27.52124778
 -16.54011024 -12.39098953 -18.63963729 -26.89084814 -26.7529644
 -23.81036618 -27.33543093 -27.57065673 -16.2618555  -17.00884542
 -20.31621367 -23.98331958 -26.62766409 -21.19165293 -23.07053962
 -20.39406498 -13.87952972  -2.46860714   2.76778858  -9.99434652
 -11.49635935 -11.72751428 -17.61368023 -20.73089068 -19.31295877
 -14.02496004  -9.85566339 -13.28945591 -17.42942877 -21.8883182
 -24.09875653 -17.4313225   -5.34119333 -11.32109534 -14.05006183
 -15.89663749 -18.54011328 -22.12600545 -22.12014205 -27.46111943
 -22.94422103  -7.17454306  -4.26148486  -7.63561413 -23.13874931
 -28.22035237 -22.12223005 -17.23130336 -15.56805164 -17.0740719
 -19.18939044 -13.20046639  -7.70075228  -0.40506565],[  0.61715654   4.87237498   8.08719901  -5.01032668  -3.35802619
   0.79179733  13.84151221  11.32821305   5.82895252  -3.26804587
  -5.0441171   -0.22036724   9.38560011   4.3553341    3.22241839
   6.53828803   6.35492945   7.23450354  18.62289048  26.90676473
  23.50567872  13.24054037   5.74571588   2.33603539   1.611133
   2.47008669  -7.98048043 -15.72524038 -13.63343276 -13.18410967
 -24.80019439 -31.15675307 -29.43020089 -25.99551707 -32.21251985
 -38.26037887 -37.97627927 -37.77906288 -36.14910413 -38.91409887
 -38.60823807 -30.46056715 -11.38020953   1.65358282   6.06485549
  14.03358908  21.96933214  25.67631914  22.66962913  18.26951425
   3.68074412   3.15127559 -11.74969147 -18.67101025 -23.03802795
 -22.32379606 -23.39634057 -13.82157944  -8.31658824  -1.7720842
   0.22120905   9.54059654  11.99695642   6.18158586   3.11504722
   1.86468492  -4.1719447  -19.6235642  -25.87801003 -21.86394319
 -14.4537777   -5.75295783  -5.0071956   -8.5967139  -15.62997115
 -22.45304581 -29.84463042 -29.09272612 -21.65619865  -4.61550928
   0.97061821  -6.13822298 -26.67596599 -26.84919608 -19.60625874
  -9.87988972  -9.87428097 -11.55575265 -13.21597415 -13.63227331
  -7.10759965   1.42915585   3.62889175   4.02149727   3.34435715
  -1.371172    -7.50207639 -12.76317355  -7.22971339   0.86099911
  -1.88610588  -8.6061072  -11.41974033 -11.91612972 -15.7480536
 -16.57403312 -19.71104786 -22.41124852 -20.52138152 -10.62576526
   0.49329787 -13.21916614 -27.24352951 -34.92987668 -38.52607096
 -31.35195126 -20.84974935 -16.54610198  -9.37806089  -8.08964485
  -6.74851857  -2.53550625  -4.33106126  -3.76892192  -1.03023355
  -5.10611542  -3.89350594   2.11928273   6.76824626   7.90032198
   3.0511293   -1.26012913  -5.89580721   1.03303384  -7.62638574
 -10.34485329  -9.72250669 -10.7700197  -15.94329039 -15.24427368
 -15.17220323 -19.21427694 -26.18899487 -22.09851427  -1.87019345
   0.67073552   5.466541     2.633966    -0.60959373 -17.29801345
 -29.52079516 -29.30901255 -20.64977005  -5.67460166  -9.20292104
 -20.07571479 -27.75500992 -24.93725639 -14.24998469  -1.81025241
   5.45539662   9.56038808   8.6932209    7.34491613   7.52733363
   8.48659323   3.81119303   5.99211824  -0.98662089  -3.32537372
   7.45602689  15.15683547  15.21425834  20.16604312  16.06994981
  -0.196235    -6.77376936  -9.78761026 -14.75444264 -12.54796159
   0.40297302   6.32776985   3.21936755   2.63089367   6.32435356
   7.67793474   6.0537542   -4.89609339  -5.13348896],[  0.85037103  -1.07933221  -4.52416482 -13.2486598  -15.55422672
 -17.53207613 -10.75224777  -1.80352694   3.30369228   0.09114097
   0.33128242   1.20165235   3.6869203   -1.16804134   0.11137101
   4.79415641   5.56539479   3.99567469   5.17483031   7.62630042
   9.7888277    6.12549873  10.7202056    9.61184877   2.11361188
  -2.5732753  -12.47353575  -7.33080206   3.76888805  10.47220298
   6.89163915   8.96300289   3.79608381   0.96567937  -1.76380202
   7.60417832  13.12181429  15.24599737  18.65303377  19.0911191
  10.82186423   2.8691797   -0.08102384   1.9974609   -3.07065411
  -3.80979532  -8.95618485 -15.8200253  -10.23472199   2.75846036
   0.83515816  -0.90455038  -2.75109207  -0.27297676  -3.69410759
  -5.58546621  -5.43938877  -8.07138449  -4.88317217   5.05381365
  16.25761892  23.70376929  24.01575617  24.6544743   24.34112047
  25.97194054  25.98396778  10.90107498  -5.63753132 -15.98450258
  -9.78947383  -1.55079443  -4.33441499  -2.22153867   1.41166326
  -1.62456632  -1.19445884   1.75971316   0.9752542    0.39246585
   1.77558978   2.48042077  -8.48845612 -18.7430202  -26.58134424
 -24.75940538 -29.87200796 -33.43540604 -29.09707557 -18.80054563
  -9.24772382  -2.03062388  -2.09598221  -1.41990723  -2.65411714
  -5.38759177 -11.20665311 -16.29188009 -12.1706049  -10.9125932
 -16.2768242  -14.75790785 -10.12669275  -6.84907933  -2.79256159
   2.32031296   3.64030243   5.89215029   5.24577477   8.39655402
  10.18162361  11.04765923   3.0556293  -12.8241775  -24.41678191
 -33.08862246 -34.14852153 -28.96808506 -23.48240382 -22.96479667
 -28.01935762 -26.27745261 -20.91024605 -33.23404891 -44.59461438
 -45.08133299 -36.32422709 -25.91316724 -14.38821251  -3.30456583
   7.94536433   1.16355216  -8.29104429 -11.96621702 -15.72875851
 -12.46233708 -16.24329688 -14.66803794 -15.85878933 -19.82967871
 -23.00102265 -24.31816335 -27.38241406 -25.72289087  -2.52021338
  10.58614631  17.9032582   16.99771505  19.32760954   7.15335041
  -6.96071289 -13.54949969  -1.37226955   3.60297648   0.08589277
  -5.99592281  -6.04512215  -3.53608835   1.60141685  10.65873308
  10.8810149    9.53800824   6.49056442   0.6163785   -6.19531319
 -14.18936186 -22.07062542 -15.98727918 -26.2635275  -33.51508907
 -31.52094442 -21.33560041 -12.49408394  -4.80452083  -1.71232407
 -11.56957456 -13.87721785 -19.58779474 -22.11124604 -21.77672895
 -14.62989204 -12.30949945 -14.37136074 -14.10035264  -8.34955012
  -2.26375535  -0.66001828  -7.65987063  -6.23702911],[  3.45082833  -3.0044818   -6.67039      0.40940039  -1.30266889
  -9.29406665 -30.45463665 -26.86975331 -21.68046386 -14.63169978
 -11.55134192 -15.87143678 -12.91724348  -5.45475204  -2.56462695
  -2.67148543  -4.90129252 -11.07526919 -21.41020803 -24.12387964
 -20.96504409 -23.23135527 -19.25148637 -13.81609093 -13.70835339
 -13.56646343 -13.79446246 -11.91501785  -9.00974776  -6.75016399
  -2.37296804   0.90978338  -4.76509316  -9.287249    -9.73142156
  -6.84344872 -10.20175203  -5.11573828  -0.37298207  -1.72756718
  -9.94753431 -10.71182257  -5.19651115  -1.34247442   5.21858223
  12.88869345  11.31814916   5.24983337   7.95657263  18.59462854
  20.4583747   11.99798756  12.04692799   9.96691724   5.41477069
   4.6848388    2.11877556  -2.13076035  -3.35915539 -13.33408395
  -9.00392429  -5.47514884  -5.03315265  -8.00712406  -7.56392847
  -1.77970869   0.73408388  -9.33722933 -17.6646796  -15.82059344
  -5.16529231  -0.53344664   3.49477448  17.68030096  21.57732795
  19.1765302   20.76711365  19.79819939  11.43720767   2.29527869
  -1.79452276  -5.24747097 -10.53439948 -13.98272051 -17.25158943
 -19.98825466 -22.21817259 -24.65787185 -20.88645337 -15.57266823
 -13.29718896 -11.2033806  -13.29332638  -8.78366876  -8.39358905
 -20.85666109 -33.66552536 -46.02066655 -36.82663334 -27.84374621
 -26.70834435 -22.22447703 -18.50671024 -14.149062   -13.96607651
  -6.28807406  -0.95074756  -0.86570214  -5.04468384  -3.75523     -8.34345866
  -0.87872479  -4.68322273  -9.81503361 -12.32882012 -15.03966029
 -15.18142749 -18.95629871 -24.59827197 -27.41974281 -30.91999577
 -30.89078126 -24.83897751 -27.48527897 -27.56742685 -22.47305046
 -16.16154252 -12.0769767  -11.06751258  -7.73983704   0.12034    -10.62556093
 -24.97680256 -31.75190797 -32.92005861 -27.35024875 -21.50555979
 -13.56236368 -11.88383947 -12.31376333 -12.37383013 -13.9085756
 -14.99923064 -15.19505012 -16.74677995 -16.56976535 -13.18310194
 -16.76984036 -14.627178   -12.08091071  -6.30686959  -2.72229447
  -1.35912512  -3.73734252  -9.12435894 -14.55437747 -10.74522966
 -17.14912335 -16.84085178  -7.18399109  -3.22349495  -1.23990796
   0.613847     0.3838733    0.98683724   1.16981849  -1.1976792
  -1.79968748  -4.21268116   4.10046834   8.59420635  10.79804269
   3.99421407  -2.27793844  -4.76549023  -9.58505048 -17.31554424
 -23.74731424 -16.94784664 -20.77937171 -17.37682312 -13.31353809
  -9.33270284 -15.73607931 -16.90281832 -12.9060874  -16.59981937
 -22.96925417 -32.28221502],[ -0.35328721   6.32962825   7.92058754  -0.21329436   0.5661315
  -1.33212983  -2.04676882  -7.09699106  -3.27026464  -0.41762183
   0.29551703   3.26793198   5.70437158   7.54263959   3.8120429
   1.01957255  -0.780064    -1.83424979  -0.99400607   3.96334968
   2.89507025  -2.54619955  -2.75316633  -3.93358976  -6.62529969
 -10.33588766  -9.49014396 -13.25251244 -18.20357544 -18.42141816
 -15.5500055  -15.59820933 -12.81562469  -8.65035465  -2.46268885
   6.29837238  12.42160941  16.99099541  15.45223695  15.44937783
   7.11366283  -1.11641571   2.88811752   0.28896268   0.31907019
  -1.65993211   1.63706892  -9.64499015 -15.38048863 -11.49837862
  -8.5361262  -13.47675596 -10.93747565 -10.07942724 -16.03373716
  -9.97153624  -4.89467942  -5.92185712 -10.55608237 -18.17536242
 -12.74765919  -2.3572862    1.28411058   0.45594038   2.95443828
   6.470405     5.61236821  -2.54678085   2.39626533  10.15316913
  17.62610581  22.19039231  21.37460113  17.86560997  15.14702336
   8.69235565   1.89048784   1.54431299   7.89913081   8.65480945
  11.50721547  16.55985014   2.06404955   0.48304114   3.2581078
   7.87446557  13.5018195   19.62543339  18.3662266    5.17740098
  -2.19349029   1.55722426  -9.51486873 -18.13603496 -23.49383208
 -24.76357726 -18.2499221  -23.18081514 -10.60972856   4.27600476
   8.82046851   4.48205667  -1.08229567  -7.52149049  -9.16477839
  -3.65291749   0.79894984  -2.30750017 -11.46220975  -7.40598713
  -5.71852154  -7.63020239  -3.12583589  -3.86626253  -3.16819175
  -5.91061077  -6.86110904 -11.67096897 -14.09880878 -13.0582045
  -9.35354307  -7.78902537  -9.30299745  -9.32863594  -7.23487835
  -6.14964376  -2.64527463  -3.19014764  -7.00176952 -12.82701855
  -6.55118352  -1.66910476  -0.04183301   2.74336192  -3.63265038
  -5.34047902   1.28246976   9.60966795  10.31890409  12.55476093
  21.66173255  22.01578005  13.16372437   6.86418124  -1.12484838
   0.23058939   5.36422096   0.33795524  -2.43175545  -7.29584131
  -4.68813815   3.36974184   6.22503244   8.40932469   9.67494136
   6.31138999   6.49780146   3.72351935   4.5845856    9.16451114
  12.29955203   9.94855661  10.50347004   8.77261752   7.43902488
  11.01009357  10.88314468   9.42524272  14.90706858  12.9963324
   9.34654911   7.85214451   3.71568258   0.85745227  -2.00129536
  -2.2558309    0.19027294  -2.47691442  -4.125948    -7.17883694
  -3.50477605   1.59527724   6.98765439   1.7225294   -5.39823088
  -7.09603386  -9.31898753 -11.49679511 -21.74947925],[  2.75613553e+00   8.49913582e+00   1.09012043e+01  -4.72094649e-01
   5.70779085e-01   3.18105073e+00   7.15800026e+00  -2.26518637e+00
  -6.31291900e+00   9.67122012e-01   4.23175791e+00   9.94692671e+00
   1.17261980e+01   3.69134623e+00   1.90839224e+00  -4.52279805e+00
  -1.31733682e+01  -1.65832652e+01  -2.00274001e+01  -2.92109562e+01
  -3.28190031e+01  -3.64644759e+01  -3.91374836e+01  -3.72021985e+01
  -3.18868103e+01  -2.67768091e+01  -1.95225655e+01  -1.86633534e+01
  -2.21670119e+01  -2.09046481e+01  -2.24368605e+01  -2.39489879e+01
  -2.40788400e+01  -2.05812194e+01  -9.62094074e+00  -2.94943393e+00
  -2.88168279e-01   1.41591442e+00  -1.51316436e+00  -6.49396841e-01
  -4.86224202e+00  -1.11911349e+01  -4.31904648e+00  -8.06795307e-01
   3.41284123e+00   7.69504747e+00   5.02027392e+00  -5.48738265e+00
  -7.97651143e+00  -4.47049645e+00  -2.12900860e+00  -4.22022354e+00
  -8.09416465e+00  -1.64862375e+01  -2.05154551e+01  -1.59877593e+01
  -1.15373206e+01  -2.28469920e+01  -2.66333706e+01  -2.42551517e+01
  -1.49613875e+01  -8.94586505e+00  -7.51453010e+00  -6.08675325e+00
  -6.38143527e+00  -4.17587980e+00  -2.20765554e+00  -9.74160004e+00
  -1.55107067e+01  -1.13338662e+01  -4.97307117e+00   3.76307006e-01
  -3.27996469e+00  -6.33929975e+00  -1.11134461e+01  -2.23210037e+01
  -2.72828492e+01  -2.29316807e+01  -7.09181820e+00  -4.10294558e-01
   4.62984835e+00   1.15558390e+01  -1.00935770e+01  -1.83833251e+01
  -1.57910283e+01  -1.87156579e+01  -2.26648897e+01  -2.47997762e+01
  -2.57208861e+01  -2.12243268e+01  -1.32538475e+01  -1.23838422e+01
  -2.42063703e+01  -2.72999342e+01  -2.73505203e+01  -2.73351429e+01
  -1.95354106e+01  -1.98569226e+01  -1.75720816e+01  -1.47563295e+01
  -1.03892302e+01  -1.37551890e+01  -2.20435333e+01  -2.56311225e+01
  -2.09209836e+01  -2.06111013e+01  -2.76105296e+01  -3.43359132e+01
  -4.25858984e+01  -3.31586958e+01  -2.89348782e+01  -4.28897202e+01
  -3.91939224e+01  -3.17868282e+01  -2.13393153e+01  -1.46272697e+01
  -8.47667508e+00  -1.17464950e+00   3.69265400e+00  -4.12274358e+00
  -1.30915713e+01  -1.37582632e+01  -1.18651039e+01  -7.34063985e+00
  -6.34615631e+00  -9.18959838e+00  -4.41721820e+00  -4.71186455e+00
  -1.25061958e+01  -2.38483181e+01  -2.27044886e+01  -1.59585180e+01
  -1.42724200e+01  -1.63001045e+01  -1.17572153e+01  -1.36626199e+00
   6.12849982e+00   4.90541275e+00   7.96505724e-01  -6.39675346e+00
  -4.17185231e+00   1.24312413e+00  -1.01513018e+00  -1.35436355e+01
  -1.71155883e+01  -7.57814529e+00   3.43155625e+00   3.78096865e+00
  -2.25429777e-02  -6.96134083e+00  -1.24293272e+01  -1.46096852e+01
  -1.33918673e+01  -1.50334704e+01  -2.17376451e+01  -2.09671130e+01
  -1.51676044e+01  -9.17903804e+00  -6.72802321e+00  -3.37303331e+00
  -9.79494445e-01   1.31658374e+00   3.16231712e+00   1.54669344e+00
  -6.26873864e+00  -1.15903624e+01  -1.45888947e+01  -1.43523242e+01
  -2.10576293e+01  -2.11577937e+01  -2.13923890e+01  -1.50085853e+01
  -4.32688242e+00  -4.57713820e-01  -4.44946525e+00  -5.29205979e+00
  -3.10830431e+00  -3.04198861e+00  -1.03820835e+01  -9.46282720e+00
  -5.69778587e+00   7.38598064e-01  -5.81123689e-02  -8.71430556e+00
  -1.38257342e+01  -1.63751070e+01  -1.28871271e+01  -9.03952767e+00
  -1.14221209e+01],[  2.60038505   1.00816271  -0.20134595 -12.50604466 -11.68301594
 -11.20608935 -17.16579067 -18.76130562 -15.89811691  -3.72137202
   3.19592481   2.46895626  -0.13713362  -1.13135733  -0.81008604
  -2.70557162  -8.83270937 -13.81615575 -12.245319   -14.22450893
 -11.46209494 -10.06004243 -12.71931308 -14.99797387 -13.40192458
 -13.49312896 -13.67133429 -17.4457581  -19.41304401 -13.83749828
 -12.28713119 -12.78273023 -18.59539358 -18.90836813  -9.94254676
  -4.40722748  -6.15588159  -3.34570225  -1.61268114  -1.29865857
  -0.49799798  -3.23720978  -2.01062909   0.93170206  -3.21368471
  -2.17915838   0.21123006  -4.88773323  -7.94384758  -6.17692725
  -4.78618474  -6.46325299  -3.83507433   1.08057578  -2.11404871
  -7.32871199 -12.79828842  -8.32675476  -7.72730072 -16.47326073
 -11.78019491  -5.85534675   2.79837667   5.78580707   3.73079203
   4.54949071   7.07733853  -3.80511387 -15.96840278  -8.96905723
   2.77077453   8.73614125  13.52728403  21.81425854  22.87415593
  17.47287311  11.95622483   9.97523434  11.11067679  11.26950599
   9.60234789  13.87743957   2.9455541    0.66200427  -0.15895366
 -13.30066264 -22.20112263 -23.12650935 -22.42974228 -10.18705609
  -2.41556164  -1.2177214   -8.56128447  -9.03347561  -4.93627176
  -5.1133222   -4.49857063  -4.4046613    4.14481441   2.62487869
   1.47466496  -3.64474581 -16.17883843 -21.94836337 -25.71816657
 -13.33329301  -8.55454953  -7.48175983  -7.52462406  -3.85587279
  -1.83479229  -5.30703907  -6.95619998  -9.38973549  -9.41316011
  -2.84211066   3.70080641   8.18643788   6.09373087   3.00038684
   1.59944269  -4.01493072 -14.79758506 -21.19995646 -19.91570884
 -14.80218938  -5.3616677   -3.20769055 -11.07991974 -15.54456448
 -14.08842243  -8.6796315   -3.0058154    0.68411789  -1.17093038
   4.11650998  12.45474725  11.31242874   1.78654572  -4.55419695
  -4.46585701  -9.56640688  -9.70119121 -14.46766068 -14.65971253
  -3.51519807  10.85548848  12.11790573   6.06435018  -6.5684167
 -16.8626173  -20.1772953  -20.67897582 -14.2102066  -12.38016527
  -6.71382074  -4.18091057   0.41041924   3.45829844  11.26407152
  21.60739774  21.54474554  17.93422555  19.67395474  22.61520075
  24.89441784  16.14585641   2.23087863   5.67548857  13.19308405
  20.75462029  25.61819128  21.5288472   12.13843734   8.2246018
   7.28591447   0.90887468  -2.40898584 -12.65527758  -8.06243297
   1.69192193   9.6484257    3.62822623  -5.47192537  -5.22490136
  -2.54709454   2.35584443   4.95215386  -0.17210412],[  5.20945883e+00   2.97475500e+00   2.69677374e+00  -1.52147782e+01
  -1.63108979e+01  -1.39439904e+01  -7.27632333e+00  -6.63587791e+00
  -9.35082917e+00  -7.84872987e+00  -1.00555389e+00   6.30726232e-01
  -2.36795786e+00   1.46641119e+00   4.71633240e-02  -8.99120355e-01
  -8.23225700e+00  -1.58024411e+01  -1.05199843e+01  -3.61127535e+00
  -5.50779195e+00  -6.64807597e+00   3.90494949e-01  -8.06259540e-01
  -3.35644372e+00  -3.17113739e+00   3.14945924e+00   1.09141964e+01
   1.32647195e+01   2.11963053e+01   2.35832561e+01   1.51328662e+01
  -1.38549153e+00  -6.11315538e+00  -4.84150106e+00  -5.71037413e-01
   8.03773529e-01   5.50829283e-01   1.63953687e+00   9.00100194e+00
   1.03352486e+01   6.09395681e+00  -3.00253229e+00  -5.17766804e+00
  -2.74614861e+00   1.01215483e+00   2.89169351e+00  -2.28563711e+00
   2.46523808e-01   5.19830243e+00  -1.48566915e+00  -5.54710437e+00
  -8.53757916e+00  -7.99072302e+00  -5.87124906e+00  -2.09797991e+00
   3.12479518e+00   3.75735681e+00  -3.31043670e+00  -1.48364395e+01
  -1.31750867e+01  -1.22109195e+01  -9.68855891e+00  -8.29191133e+00
  -1.03481460e+01  -5.09609892e+00  -5.87254502e-01  -7.42796598e+00
  -8.35581498e+00  -9.93813540e+00  -1.13288902e+01  -1.39217412e+01
  -1.53657753e+01  -1.57939085e+01  -1.18621685e+01  -6.68762430e+00
  -2.50793212e+00  -7.53132030e-02   7.32603436e-01   2.85683851e+00
   4.62007169e+00   8.47854715e-01  -7.66921415e+00  -1.20718783e+01
  -1.32790570e+01  -1.51938848e+01  -1.62088478e+01  -9.81278967e+00
  -7.24130437e+00  -7.69514633e+00  -1.21453596e+01  -9.60325635e+00
  -1.31312546e+01  -1.33349011e+01  -9.23969210e+00  -9.83060872e+00
  -1.70171005e+00  -8.09079412e-01   5.92954958e+00   7.43639787e+00
   6.55152172e+00   7.19491364e+00   4.31380621e+00  -1.77541719e+00
  -1.12955301e+01  -8.61772920e+00  -7.56051032e-01   1.55892750e+00
  -9.89514742e-01  -3.29872425e+00  -2.27362552e-01   6.87181263e+00
   1.46293475e+01   1.43249918e+01   5.96836431e+00   1.35869195e+00
  -1.28439072e+01  -1.69675737e+01  -1.72253156e+01  -1.34586680e+01
  -1.89779171e+01  -1.96433151e+01  -1.96315583e+01  -1.40733185e+01
  -7.33549178e+00   3.76964276e+00   1.49859229e+01   1.93919040e+01
   1.60838153e+01   9.57122208e+00   5.03310862e+00   3.53800420e+00
  -2.48429853e+00  -7.17159641e+00  -1.56346027e+01  -1.86255957e+01
  -1.90790784e+01  -1.70349303e+01  -1.57152055e+01  -1.43518190e+01
  -7.91581457e+00  -1.20120443e+01  -1.50732712e+01  -2.10681732e+01
  -2.34016315e+01  -1.25248584e+01  -3.84322000e+00   1.31129070e+00
  -1.08611510e+00  -1.49925644e+01  -2.08692975e+01  -1.77500673e+01
  -1.17660694e+01  -4.31815024e+00  -3.50491840e+00  -1.35981842e+00
  -4.55140409e+00  -4.96356419e+00  -1.01880538e+01  -1.02879759e+01
  -3.72742887e+00  -5.94086367e+00  -7.45369450e+00  -5.83346210e+00
  -3.21066392e+00   2.49819980e+00   9.76333323e-01  -1.40333536e+01
  -9.24747840e+00   7.93677565e-01   9.07800840e+00   1.60388837e+01
   1.01358668e+01   4.08175546e+00   3.13228397e+00   1.30918916e+00
   1.48860082e+00  -3.22668199e+00  -1.34494118e+01  -1.01822335e+01
  -7.71336918e+00  -5.01537987e+00  -8.83307865e+00  -4.17184844e+00
  -1.41998541e-02  -9.54306184e-01  -1.96647868e+00  -5.55793813e+00
  -1.29650280e+01],[  3.08188836e+00   9.03028109e+00   1.10939429e+01  -4.82318868e+00
  -4.59433219e+00  -1.12655440e+00   5.46720203e+00   1.43031210e+00
  -7.61928961e+00  -1.22194983e+01  -1.06338959e+01  -3.89136206e+00
   9.68655684e-01  -1.70790294e+00  -1.79341079e+00  -2.13675268e+00
  -8.79151412e+00  -1.44249307e+01  -1.05499880e+01  -9.05048079e+00
  -1.48222362e+01  -2.07426860e+01  -2.48684446e+01  -2.24512593e+01
  -1.73114910e+01  -1.42175427e+01  -1.20602529e+01  -2.00054943e+01
  -2.66283387e+01  -2.00254150e+01  -1.33946426e+01  -1.12836321e+01
  -1.20590171e+01  -1.77716395e+01  -1.62533388e+01  -9.07937215e+00
  -7.33369260e+00  -6.92317448e+00  -3.44921134e+00  -1.85805203e+00
  -4.90629369e+00  -1.11969300e+00  -1.99710076e+00  -5.04573689e-01
  -3.21370777e+00  -1.65927556e+00  -1.57246618e+00  -2.42920904e+00
  -3.65515770e+00  -3.55481099e+00  -6.29617806e+00  -7.25237119e+00
  -5.12126185e+00   2.98349149e-01   1.36923568e+00   3.39097059e+00
   3.63569762e+00  -4.50083505e+00  -8.84741426e+00   9.26554786e-02
   4.26802795e+00   2.11703194e+00   4.59820780e+00   9.50433472e+00
   7.90351934e+00   7.59152498e+00   4.94974733e+00   1.12153597e+00
   2.26295746e+00   2.96239547e+00   7.09454718e-01   2.79289161e-01
   6.82270685e-01   3.76243636e+00   2.93416860e+00   3.48184491e+00
   7.13540191e-01  -8.38665687e-01  -8.45561887e-01  -7.48327748e-01
   2.10816939e-01  -5.27852348e+00  -1.44275378e+01  -1.50016948e+01
  -9.34158501e+00  -2.93760651e+00   3.08508743e+00   3.44483860e+00
  -6.65144307e-01  -6.19731950e+00  -1.11450102e+01  -5.14936391e+00
  -5.44144180e+00  -1.18271742e+01  -1.39095787e+01  -1.86393105e+01
  -1.70750443e+01  -1.39646859e+01  -1.22910187e+01  -1.63654052e+01
  -1.27031226e+01  -1.02975496e+01  -5.53014738e+00  -6.83269188e-04
  -4.59005077e+00  -1.48465318e+01  -1.25572237e+01  -1.45594502e+01
  -1.99097467e+01  -1.43581805e+01  -1.23174077e+01  -1.38414296e+01
  -1.14046737e+01  -2.41258866e+00  -2.49393164e+00  -2.52708446e+00
  -7.97978044e+00  -1.03262868e+01  -1.13058034e+01  -7.60836391e+00
  -4.39952656e+00  -4.15675873e+00  -3.17877508e+00   6.97321674e+00
   1.16910476e+01   1.13047427e+01   1.32181800e+01   1.15023709e+01
   5.87373963e+00   2.87505662e+00   2.41041237e+00   1.13768417e+01
   4.11167327e+00  -5.48007126e+00  -1.43975997e+01  -1.80775298e+01
  -1.43053582e+01  -7.71198136e+00  -2.37833092e+00  -4.00180139e-01
   3.62797367e+00   8.29164102e+00   8.80049849e+00   2.11805981e+00
   2.63698197e+00   1.21358634e+00   8.70137974e+00   1.40258219e+01
   9.24744013e+00  -1.74118939e+00  -2.53932717e+00   1.20185016e+00
   1.74375115e+00   2.63787375e+00  -7.59456715e-01  -8.26359166e-01
  -7.55249765e+00  -1.37078604e+01  -1.66079926e+01  -1.43755142e+01
  -7.56785939e+00  -4.35696689e+00  -2.34774837e+00  -1.02261031e+00
  -4.33453375e+00  -6.09327487e+00  -2.44265008e+00  -6.16929670e+00
  -1.19382297e+01  -1.36393624e+01  -1.02370383e+01   1.33693707e-01
   7.41933652e+00   7.25413650e+00  -1.64987569e+00  -4.58869075e+00
  -5.43627103e+00  -7.12219274e+00  -9.08718962e+00  -3.91477439e+00
  -2.68694532e+00   3.34159441e-01  -1.88368388e+00   1.68604437e+00
   7.59722084e+00   8.71524067e+00   4.71691025e+00  -4.18829847e+00
  -1.60665144e+01],[ -3.54475532e+00  -2.91595260e+00  -5.58734654e+00  -9.57657277e+00
  -1.07696162e+01  -1.10826400e+01  -1.56608670e+01  -1.67650747e+01
  -1.69876841e+01  -1.62199782e+01  -1.48637334e+01  -5.08876064e+00
   3.65059037e+00  -2.78386211e+00  -6.81152475e+00  -8.03679856e+00
  -7.29767250e+00  -7.43478210e+00  -7.23558704e+00  -1.62090378e+01
  -2.03471253e+01  -1.18475707e+01  -6.69656529e+00  -7.87979741e+00
  -8.90784983e+00  -2.61485681e-01   6.27832156e+00   4.43565214e+00
  -6.76219802e-01  -3.01757063e+00  -2.17182663e+00  -3.61796418e-01
   4.86520510e-01  -9.73162557e-01   2.00677501e+00   1.25080357e+01
   1.40620239e+01   1.50943993e+01   1.57992700e+01   1.48405980e+01
   1.33572948e+01   1.26775426e+01   5.87239857e+00  -1.82286700e+00
  -5.08139034e+00  -2.29580250e+00   8.93864764e+00   8.84659022e+00
   1.28866086e+00  -2.92546315e+00  -2.21719573e+00  -3.07627244e+00
  -9.52715496e+00  -7.80928352e+00  -8.04452734e+00  -7.02084189e+00
  -4.23346262e+00  -5.98211942e+00  -1.06180076e+01  -9.71139259e+00
  -1.33418097e+01  -1.50111373e+01  -1.04848544e+01  -8.89844052e+00
  -7.39708664e+00  -7.82201798e+00  -8.14502903e+00  -7.85280548e+00
  -5.22993574e+00  -4.78657574e-03   3.60160442e+00   6.27742952e-01
  -4.77317876e+00  -8.91672288e+00  -1.19625958e+01  -9.42218866e+00
  -9.65702374e+00  -1.07177829e+01  -1.16200662e+01  -8.13248697e+00
   2.76185220e-01   4.43928012e+00   9.43521516e-02  -1.30538150e+00
  -3.48077911e+00  -2.44881252e+00  -5.86956180e+00  -1.03876029e+01
  -8.41400495e+00  -7.34477495e+00  -3.90007341e+00  -3.36624577e+00
  -2.57022037e+00  -1.22857478e+01  -1.07348611e+01  -3.85227341e+00
  -2.73215099e+00  -3.51759398e+00  -3.20688692e+00  -1.16705810e+01
  -9.26831633e+00  -6.76483301e+00  -5.16386698e+00   3.27764801e-01
  -3.62750536e+00  -4.87728897e+00  -7.07298538e+00  -1.12649052e+01
  -1.90710365e+01  -1.63590443e+01  -8.56451758e+00  -2.97726925e+00
  -2.71155134e+00  -2.84261826e+00  -3.28219099e+00  -4.90636953e+00
  -7.77982265e+00  -1.02453673e+01  -1.33963827e+01  -1.11195872e+01
  -9.32453661e+00  -1.61161346e+01  -1.92441655e+01  -2.33135866e+01
  -2.63017284e+01  -2.16317697e+01  -1.47052709e+01  -8.39175973e+00
  -8.18405733e+00  -5.24849134e+00  -2.32077684e+00  -4.75575628e+00
  -1.13880762e+01  -1.03968768e+01  -8.29047650e+00  -8.43663259e-01
   8.78275342e+00   1.47192387e+01   8.96279619e+00   1.27725348e+00
  -3.38504872e+00  -5.60071810e+00  -8.92265746e-02  -2.59154084e+00
  -6.76166583e+00  -1.33839852e+01  -1.11964146e+01  -4.87515494e+00
  -2.60398544e+00  -1.03503383e+01  -1.28290054e+01  -1.25369865e+01
  -9.86264194e+00   3.45445650e+00   3.70612126e+00   4.97020425e+00
  -3.13074888e+00  -1.28282644e+01  -1.62250045e+01  -1.67392898e+01
  -1.47410805e+01  -1.28258181e+01  -1.30366358e+01  -1.72823608e+01
  -2.17080470e+01  -1.97510398e+01  -1.81014409e+01  -6.44440309e+00
  -3.74270503e+00  -1.05478376e+01  -1.39248696e+01  -7.24966057e+00
  -6.43373530e+00  -6.50597723e+00  -9.92795476e+00  -7.01100425e+00
  -1.05339150e+01  -8.22080392e+00  -7.01810553e+00  -5.98481314e+00
  -5.70943341e+00  -2.49368126e+00  -4.90896525e+00  -1.72928574e+00
   2.59751144e+00   2.93795332e+00  -3.39081906e+00  -7.30981651e+00
  -8.06381286e+00],[ -4.51954389e+00  -7.26921124e+00  -6.65843483e+00  -2.40015075e+00
  -4.38768428e+00  -9.21286529e+00  -1.12496015e+01  -1.05724479e+01
  -9.70654630e+00  -1.51034722e+01  -1.00103478e+01  -5.02870204e+00
   7.70708271e-01  -9.69641380e-01  -7.63285560e+00  -8.73570187e+00
  -6.44226388e+00  -1.22506913e+01  -1.54132559e+01  -1.48618136e+01
  -1.59246538e+01  -1.11226873e+01  -8.50276784e+00  -4.57201432e+00
  -2.48492430e+00  -1.64511298e-02   1.66857651e+00   3.53215602e+00
   3.47022026e+00   6.60744886e+00   4.90489957e+00   4.73155455e+00
   5.90467865e+00   9.88938686e+00   5.65693268e+00  -2.18502900e+00
  -8.31588264e+00  -1.17832776e+01  -1.01628440e+01  -6.10257687e+00
  -2.38184369e+00   2.58321138e-01   4.77168187e-01  -1.03658612e-01
   2.61054100e+00   3.19101475e+00   8.85189828e+00   7.50490017e+00
   4.36888421e+00   1.09434455e+00   2.57985116e+00   4.77973982e+00
   3.68281218e+00   5.08309930e+00  -2.69216425e+00  -4.74191193e+00
  -1.47964179e+00   6.94083124e+00   7.43279177e+00  -1.09329447e+00
  -2.39384341e-01   1.10047601e+00   2.09654798e+00   1.11035222e+00
  -2.85552043e+00   1.16574751e+00   4.87094322e+00   3.38491597e-01
  -1.34026887e+01  -1.39880822e+01  -6.71990638e+00  -3.94243025e+00
  -3.99835079e+00  -9.09796969e+00  -8.92583900e+00  -5.65519129e+00
  -3.40011445e+00  -6.82010265e+00  -8.81556717e+00  -5.34479228e+00
  -1.24157071e+00  -2.01253985e+00   4.57602159e-01   2.30627923e-01
  -1.57549181e+00  -4.95153716e+00  -1.56161201e+01  -1.75320891e+01
  -1.28248043e+01  -1.05065325e+01  -2.75629325e+00  -4.89460310e+00
  -3.47468317e+00  -7.47768587e-01   5.83467134e-01  -5.38764037e+00
  -1.84361113e+00  -9.67888677e-01  -2.55138556e+00  -6.93527566e+00
  -6.10436662e+00  -1.29074880e+00  -4.30236150e-01   1.29859636e+00
   7.27588056e-02   4.74740920e+00   4.06478154e+00   1.31852558e+00
   2.58955710e-01   1.34933001e+00   1.49131240e+00   1.11546103e+00
   9.63005335e-01   1.21895967e+00   3.13697133e+00   3.30895498e+00
   4.36760866e-02   6.71437273e-01  -3.16186978e+00  -5.24320463e+00
   2.16731421e+00  -3.24831943e+00  -1.63924264e+01  -2.40696050e+01
  -2.11829105e+01  -2.10571271e+01  -1.95351608e+01  -1.56832353e+01
  -1.09920209e+01  -1.14127846e+01  -1.13030821e+01  -1.69790766e+01
  -1.41419360e+01  -1.01052640e+01  -1.97998312e+00   5.42305578e+00
  -1.26266077e+00  -4.05679853e+00  -9.70881933e+00  -1.51870541e+01
  -1.61839984e+01  -1.36685437e+01  -7.54974879e+00  -4.95476089e+00
  -1.09125104e+00   1.05101386e+00  -6.80346919e-01   9.89978220e+00
   1.34680817e+01   4.31293345e+00  -3.19521537e+00  -1.03529915e+01
  -1.44575859e+01  -9.01043096e+00  -1.29427022e+01  -9.12282004e+00
  -3.65754943e+00   1.18298942e+00  -9.34306058e-01  -2.01343507e+00
   1.60862574e+00   6.92970730e+00   8.82709174e+00   9.02357386e+00
   8.33855097e+00   9.89685216e+00   5.98105374e+00   2.89633256e+00
  -2.38444202e-01  -8.63174377e-01   1.44523447e+00   1.04149885e+00
  -8.66652696e+00  -1.36764690e+01  -1.24769965e+01  -2.62346389e+00
   1.85767448e+00   1.04720199e+00   1.79148584e+00  -2.44605900e+00
  -4.62270938e+00  -5.09944117e+00  -1.54779667e+01  -1.55151737e+01
  -1.43859302e+01  -1.37726395e+01  -1.52217391e+01  -1.19890872e+01
  -3.85090041e+00],[ -6.99602189e+00  -5.07253810e+00  -4.90044625e+00  -1.35217302e+00
  -3.70397864e+00  -9.67593075e+00  -7.27356377e+00  -6.42242868e+00
  -4.45279429e+00  -7.32607596e+00  -1.31406465e+00  -1.10501090e+00
  -1.30390163e-01  -1.84104630e+00  -5.70014682e+00  -1.14561939e+00
  -1.82768863e+00  -6.16330832e+00  -3.06551680e+00   8.01767866e+00
   8.70771035e+00   3.85952220e+00  -1.08947814e-01   9.64479445e-01
   3.97419843e+00  -2.48470605e-01  -1.03214384e+01  -1.76399657e+01
  -1.84267918e+01  -1.27864165e+01  -1.58505525e+01  -1.65151946e+01
  -1.18779685e+01  -3.64412812e+00  -7.59843428e+00  -1.26092201e+01
  -1.32645633e+01  -1.22892532e+01  -5.69189490e+00  -6.48317673e+00
  -7.78464512e+00  -1.37000179e+01  -1.39529166e+01  -1.04026588e+01
  -6.27949004e+00  -2.60364792e+00  -3.79170130e+00  -3.40355536e+00
  -3.70043022e+00  -3.02809651e+00   1.17782754e-03   1.11716310e+00
  -5.85291425e+00  -1.19261312e+01  -1.92253271e+01  -2.12257012e+01
  -2.25279348e+01  -1.73635188e+01  -1.02848062e+01  -5.78945584e+00
  -1.03024803e+00  -9.97456693e-01  -7.24274918e-01   4.43883478e+00
   2.51099560e+00   3.64905227e+00   8.15662568e+00   4.49792899e+00
  -4.30623063e+00  -3.49207015e+00   7.49881310e-01   4.41725940e+00
   8.35177079e+00   1.40550932e+01   1.66979830e+01   1.40286785e+01
   9.95410975e+00   7.21218791e+00   4.79947056e+00   3.19856101e+00
   6.80044866e+00   6.08766476e+00   4.61327744e+00   5.89873519e+00
   1.00948611e+01   8.33558965e+00   7.47925273e+00   7.89889406e+00
   3.80552792e+00  -2.72678005e-01   1.27692982e+00   1.23160321e-01
  -3.45760646e+00  -8.36238344e-01  -3.99637188e-02  -7.66341649e+00
  -4.41821341e+00   1.13148628e-01   4.36622741e-01   1.97363833e+00
   2.75793959e+00  -1.26839649e+00  -8.72177638e+00  -1.11842719e+01
  -1.10107776e+01  -8.14863568e+00  -6.56612613e+00  -2.17609622e+00
   4.42114621e+00   1.44881533e+01   1.34683732e+01   9.16224709e+00
   8.87338038e+00   6.40955977e+00   4.04002675e+00   3.80082993e-01
   6.54981748e+00   1.03817524e+01   3.37967487e+00   7.30821892e+00
   2.54238709e+01   2.65013765e+01   1.49212109e+01   8.84893832e+00
   1.20559496e+01   1.26623703e+01   1.55717085e+01   1.35478797e+01
   1.01982464e+01   6.95331881e+00   2.12272430e-01  -4.98943559e-02
   5.86639923e+00   7.21021077e+00   7.61263327e+00   6.73460317e+00
   3.01867600e-02  -1.64748051e+00  -1.39421331e+00   5.82389347e+00
   1.47993270e+01   7.27263245e+00  -5.98552446e+00  -1.13973251e+01
  -2.34078935e+00  -1.74928446e+00  -5.57713679e+00   3.13122021e+00
   8.09200890e+00   2.55811484e+00  -5.88919659e-01   1.66979040e-01
   4.43604103e-01  -8.15679644e+00  -1.17823787e+01  -7.58927482e+00
  -7.58261838e+00  -5.31406797e+00  -1.43608738e+00   3.80320310e+00
   9.11622988e+00   9.78132967e+00   7.98122652e+00   7.27559147e+00
   1.01943221e+01   1.19548334e+01   1.09215207e+01   7.07140168e-01
  -3.48183154e+00  -6.25345527e-01   2.34186118e+00   3.75532488e+00
  -2.13759050e+00  -9.39080882e+00  -1.31507485e+01  -9.21664325e+00
  -1.40674891e+00  -2.13888029e+00  -3.25199940e+00  -3.54808984e+00
  -1.58555902e+00   2.79574157e-01  -7.27218181e+00  -1.22393315e+01
  -9.77610742e+00  -5.61803149e+00   5.46649163e-01   1.33516261e+00
  -5.51602470e-01],[ -3.4919304   -2.91469465  -2.4610892   11.82977656   9.91285943
   0.73712426 -15.66550802 -14.83203789 -14.0305196   -8.38559798
  -3.42147826   1.08547556   1.83117253  -2.32283668  -7.33500758
  -7.18894457 -10.59780082  -7.85690829  -7.02445899  -5.57281145
  -4.63060592  -5.25624117  -0.29197336  -1.53851209  -4.47386742
  -5.49675677  -6.72844514  -3.08992778  -1.87902033  -3.37704889
  -2.69146921  -5.28474309 -14.52195521 -15.2699246  -16.06396912
 -17.49132967 -14.773207   -11.22165896  -8.73353327  -8.17681001
  -5.98284662  -9.59785696  -6.8132703   -7.29875715  -4.67608234
   0.47341986   1.24344563   4.56923056   7.23208505   4.71818874
   4.10515898  -0.80760738  -4.96649394  -8.29188537  -9.4894224
  -4.73103547  -9.94259145 -16.54635308 -10.74913013  -8.89453913
  -5.98399908  -3.70670112  -2.0992479   -3.4142209   -6.75219644
  -7.37954569  -3.06293834  -8.43669448 -13.71748982 -14.3844364
 -13.20806991 -16.56446827 -21.23751474 -21.38465884 -19.86411433
 -17.76357933 -11.62092049  -5.12405854  -5.85918161  -5.05588566
   3.43707088   0.97208737 -12.27353181 -20.48532238 -21.3584188
 -19.46985227 -16.65348608 -15.65057589 -14.2645308  -11.86619842
  -7.98898502  -8.67225958 -16.17852572 -19.35743021 -17.59911275
 -11.45058659  -9.5437846   -9.35068615 -10.63430225  -9.01061363
 -10.60997316 -11.81721942 -12.67744771 -13.03707452 -16.53219857
 -15.49118289 -14.76646529 -14.81044978 -12.35226144  -4.03558141
   2.30651763  -1.71944023  -5.1503243  -16.74829282 -28.04853966
 -34.46829351 -34.35168747 -32.28020184 -28.75832583 -23.22880922
 -26.39968855 -25.39747079 -15.49223189 -16.07329504 -18.64767784
 -14.72092482 -11.90308093 -11.26117408 -11.05590087  -8.50638211
 -10.57306304  -7.59958224  -7.91897968 -16.79618748 -25.10729121
 -22.48949952 -22.8173845  -21.15623276 -19.3375831  -17.102353
 -12.99343482 -12.2428356  -11.98988672 -15.94724562 -13.42164095
  -9.61985729 -11.45168946  -8.04151264  -6.79648101  -5.74031925
  -4.24060659   0.79350935   0.55901395  -9.17556423  -9.95750618
  -8.23041025 -18.57441249 -22.6635201  -19.41776577 -18.55469419
 -17.31173088 -14.3416624  -11.61231996 -13.51270849 -14.84884914
  -9.23843762  -4.04464263   6.19254901   1.57547499  -4.85296078
  -9.74765426 -14.23275798 -20.43945801 -20.0744374  -17.62371827
 -15.01651062 -16.30045667 -14.62030451 -14.96919704 -16.00821655
 -18.6145885  -16.00921487 -16.90745968 -13.94417471  -7.36222388
  -9.66524248  -7.96678876 -10.09546497 -11.26428343],[ -1.70673649   1.16343247   2.85994258  -0.93522569  -2.8623663
  -5.97450208  -6.4550681   -7.30988592  -6.09331888  -0.08679955
  -2.35079127   0.06387441   4.30343149   4.43098487  -1.78853324
  -5.52079402  -5.45370223  -5.32076662  -8.79673484  -7.65526956
  -1.62990752  -6.2650923  -10.61310588 -10.82471009  -8.99002635
 -12.75268975 -13.96167406 -16.80629408 -17.67253702 -11.77713784
  -2.45635226   5.59498247   2.20518099  -6.25623371  -3.21564975
  -2.51277741  -1.51834973   0.13679125   0.73075918  -0.96814633
   1.68332081   2.12957455  -5.10084548  -6.49178758  -2.31967906
  -4.81632472  -3.83367485  -3.42759104  -1.24082215   1.30967146
   3.06313961  -5.91994469  -7.34287236  -0.21106712   3.90463218
  13.90292113  17.03807397  14.3282878    9.95033822   3.35393616
   4.86069082   8.27006496  13.03407321  17.05543175  12.521089
  10.41014328  12.98368813   4.40321047  -1.30540754   1.45109666
   9.35180785  15.07804856  20.83450613  21.11572163  18.23163988
  15.25419026  12.98444986   9.24567197   1.87556689   1.47420405
   4.70825309   3.11010319   3.62786631   6.17908965   7.23121642
   1.20440669   3.19132887   6.83630659   4.98945427  -2.72745603
  -4.29389607  -3.11608986  -1.46496419  -2.17848992  -0.69659622
  -0.80816485  -4.31969632  -7.39223428 -10.19063111 -16.36042418
 -19.78595591 -14.56104147  -8.07888693  -3.59795902  -2.0319711
  -1.38784015   4.71047935   4.11582002  -0.1339928   -2.26720875
   1.97212895   2.41092445   2.06559134  -1.23943503  -6.35415803
 -11.75379997  -9.01006396  -6.28639384  -5.91043221 -10.36522964
  -4.5096147   -3.48400656   1.09753193   3.4229968    7.24149781
   0.97929601  -7.16101101 -10.68888745  -8.18475793  -7.08519635
  -3.29115375   3.90987536   3.67809827  -1.36496948  -0.36643086
   3.15199462  -1.87177103  -2.74605852  -6.3551258  -12.45307971
  -9.0850492   -2.05456974   1.8603474    0.35688503   0.46469315
   1.21744168   1.45575843   2.14067034  -1.15924275  -2.96568809
  -1.50678207   2.03104435   7.52601629   2.24582201   3.24790373
   4.64838358  -2.51781134  -3.55872956  -6.36784341  -1.847499
   6.38129279   6.43133534   5.36307315   2.21509462  -3.63071656
  -4.62109934  -2.3237158    9.04483541   7.3917869   -1.46500577
  -4.14393175  -6.40083963  -8.76054496 -12.18582385 -10.36272177
  -5.60711182  -3.94727097  -3.7757654   -4.52155398  -7.09321432
  -9.94771911  -9.47806659  -8.69821287  -4.38272402  -1.6155445
  -3.11884194   0.96423844   2.79056206   4.23630984]