[-729.67184211 -703.22195456 -666.42498972 -486.41601678 -426.10363582
 -439.72237917 -427.24158373 -420.50302524 -399.26624163 -396.81433546
 -411.30744908 -416.62306089 -418.55621668 -421.09954154 -421.95732266
 -425.90069221 -428.34213888 -433.30391867 -418.43448162 -408.1113951
 -399.96493547 -390.46369788 -392.07643022 -398.00028671 -406.02553381
 -410.7066185  -419.53376102 -427.36586814 -428.15257578 -433.76349541
 -434.76483111 -431.50373038 -433.52280586 -436.09767273 -438.99859578
 -441.91532498 -461.06292875 -486.34721937 -495.52020305 -479.70772904
 -454.65419955 -450.95703729 -450.00088512 -443.85752657 -439.07156725
 -427.82305296 -413.8368636  -401.13176433 -400.76381496 -406.70696803
 -418.166418   -432.75818909 -429.82567278 -434.82732574 -456.21304306
 -486.91349001 -517.4983654  -539.66960343 -547.25353889 -549.18009464
 -550.54643401 -544.06499638 -536.42168222 -521.8596945  -511.19585785
 -500.57491449 -490.88503927 -486.87008281 -478.76562935 -445.88583439
 -412.2409978  -384.66272361 -370.25182175 -365.71904404 -370.40967947
 -378.17599156 -385.69437942 -380.9258675  -383.74733851 -378.07225395
 -365.51336922 -355.40002172 -350.92450384 -350.51155152 -352.97812481
 -345.52636175 -344.74535799 -352.60316382 -363.05068937 -370.3180291
 -365.95198686 -362.84649053 -362.23560199 -364.76085459 -366.40555249
 -359.54811994 -352.97915316 -354.31130955 -352.40472138 -356.49789379
 -366.69040233 -371.16181828 -368.77510967 -361.20242125 -363.67056518
 -376.3048466  -388.15853091 -399.38797153 -416.05695431 -432.33508921
 -434.20105149 -437.83736392 -434.42733245 -427.72713684 -421.7704281
 -418.63480367 -417.28015207 -430.05797807 -456.05387283 -491.31020712
 -507.17693926 -508.61255019 -491.5161536  -494.33865261 -534.75418361
 -556.58067284 -518.44952509 -480.96638143 -438.03879504 -425.9373732
 -434.07366985 -449.82702435 -452.84139716 -435.22493118 -398.46473137
 -382.56277841 -395.50500098 -422.25535351 -453.15397323 -470.15941442
 -460.57204224 -429.90685375 -412.92957377 -407.75642663 -416.95978909
 -427.14801849 -447.64185952 -475.91245593 -491.15215087 -461.16580268
 -437.27480685 -418.69074045 -405.57891122 -396.60914613 -394.45217321
 -399.48078988 -414.99158969 -427.98818775 -446.1008503  -449.343955
 -430.00478307 -414.77718805 -400.46839467 -390.04553632 -391.69882022
 -396.20883374 -402.92320875 -409.84516557 -405.93139681 -407.13267143
 -416.29820901 -436.3445493  -438.97081759 -427.60570695 -422.42914037
 -415.74047254 -421.16805553 -455.00069118 -503.41778723 -506.57587338
 -484.1127562  -467.85317056 -440.64520303 -414.52158532 -403.6637477
 -401.52324159 -397.51912828 -392.56231275 -390.19224274 -393.31472364
 -386.26232246 -389.54317805 -394.1474661  -370.06764542 -348.18815512
 -336.29063586 -337.24983676 -340.52722481 -340.03117796 -341.11413953
 -344.43355813 -357.90407213 -379.93453272 -415.96935888 -457.10679726
 -483.37628843 -502.18660682 -514.19770217 -515.74716541 -489.1060406
 -450.74021472 -451.22408879 -472.92072029 -490.90145511 -482.78702678
 -456.38692211 -457.6932932  -459.91987584 -457.51849923 -446.48642848
 -440.1367412  -424.78744595 -415.78144947 -418.98532815 -429.37936393
 -432.93556261 -433.40059233 -440.47601981 -458.20650154 -481.40244451
 -509.42310371 -533.98568583 -550.28984456 -555.46601115 -565.42810055
 -574.84453693 -584.30195471 -584.57194135 -581.03925349 -538.71419785
 -502.24812738 -473.46490951 -459.12150829 -463.54852425 -462.69089431
 -464.91294406 -477.40774855 -495.18012492 -512.57341183 -526.01893618
 -521.00008171 -473.58265609 -425.8346955  -394.60631327 -374.01347932
 -363.53307384 -366.33634555 -375.32910383 -387.39448792 -389.21599778
 -401.7231107 ],[   2.81725542    7.47968963   11.25792886  139.19380004  159.11425184
  141.55936921   96.22896505   75.07347178   79.15687345   72.03080771
   51.10291596   38.65148615   31.79142669   26.34424781   25.41810292
   29.36315481   37.29680085   47.18185844   97.06757728  149.45929818
  184.47188733  202.59778015  207.07331082  204.45557553  203.39418069
  204.01337663  200.07081663  201.87559439  204.39155044  206.93936135
  204.92111912  207.69879352  208.21820004  207.8581092   202.299906
  200.29070227  192.53119566  182.09931002  178.81764834  180.91096174
  176.61503427  165.10276284  160.38021364  158.54313978  164.34317693
  170.32774449  168.89935366  169.91480789  157.68794436  135.60975403
  108.34419554   87.96960972   94.29119366  109.41762959  133.16845338
  145.91443574  147.1373029   145.73446699  148.72186731  153.28165965
  155.64808485  165.90966399  172.73028535  183.75598403  189.03121364
  194.14104985  197.71996268  198.14212762  201.17470581  207.5926487
  215.06439327  225.10807378  228.26875582  228.66816187  225.92232547
  221.40543601  212.63091517  217.46991045  221.10421615  225.43157484
  227.73869404  229.13153981  225.00234196  222.58015094  225.06523785
  219.71487522  209.58758406  200.30626668  195.64149617  191.97758944
  194.01535847  188.60865717  187.98044165  186.53301977  184.30233326
  181.73168863  182.57356472  178.43725349  171.66688114  156.51866994
  142.79407157  132.02711598  119.28468128  111.57570364  104.30419034
  108.08647231  120.81237205  142.01367203  154.87820358  156.09272292
  161.83410405  166.29483469  175.54280934  176.79631153  173.7001092
  172.22995544  169.70762258  173.42594949  174.51614265  174.97169384
  174.84381098  180.45147414  184.96413996  179.47354509  159.24332266
  137.96904502  130.97393412  135.09051669  153.41306727  155.17516855
  152.09640444  154.56875993  147.42286395  170.07837706  216.84458414
  239.3192645   239.93401814  235.58894447  221.34966159  206.91608014
  208.18983976  211.11554576  201.92450085  196.17587347  188.68317796
  186.72070678  184.52581894  188.06755841  186.94212591  181.87253566
  186.01067779  194.69589606  200.23049878  203.13551833  201.28859072
  200.9951302   204.46294606  200.63542826  197.42213892  201.4870246
  205.8166852   205.27857108  201.09632502  190.58545175  173.50047568
  134.964757     90.72648571   54.01406451   36.76322548   29.44083767
   35.91071709   63.60725664  111.01841442  148.81811936  172.737633
  182.46640408  188.20989577  172.64407718  144.87450894  133.45001228
  129.85163958  138.13246892  161.67054074  181.5664329   187.5664129
  181.63783127  171.79008041  156.26609728  126.81484441   86.79442756
   75.55573282   61.60692943   59.69922261  118.95815197  177.40716822
  204.87897842  210.16217113  210.04414129  212.49662342  207.70381274
  205.74233195  203.87773558  199.64024489  192.38789625  185.94451702
  174.88222881  163.8843319   156.31029063  154.88377286  148.58743634
  151.00331371  152.00205908  146.17857943  147.26172514  152.23102263
  173.43784255  178.97440026  175.8440963   174.1100929   180.48057945
  182.17044606  188.76355406  198.38916329  201.27873049  200.87664056
  201.22266294  202.18518445  199.5358768   192.9725659   186.72153091
  177.45402194  174.7475085   170.42194872  163.50901366  157.26123818
  146.04367179  137.87366504  137.0368974   129.73035988  131.42819565
  138.00740999  157.46629768  155.39133188  134.96503396  131.70224614
  137.97417183  142.95281691  138.60708566  135.18820762  136.75179792
  148.89055769  194.42655247  218.5505419   224.22625372  226.8538396
  223.68328485  216.07837504  199.71130846  188.11343334  181.88838993
  174.17467694],[  1.54890971  -7.78587348 -17.79653503   6.39566722  -0.99239034
   2.61809287 -27.02592116 -42.18812682 -43.06891647 -49.69199247
 -57.74749303 -63.39607454 -69.31777081 -73.43166914 -76.33701257
 -80.45244804 -83.83509812 -82.55446547 -62.08653971 -43.88197329
 -46.09441904 -50.0873027  -48.88592473 -41.29071037 -33.51877463
 -27.65904172 -25.55384972 -22.86965841 -19.12136007 -13.57723217
 -13.24071962 -11.0421097   -8.77664018 -10.59574785 -14.78551385
 -12.69226987  -3.54721274  10.49775059  17.17758182  -1.37507802
 -28.73012619 -44.62600861 -53.08073096 -58.07082244 -51.24570031
 -45.91327343 -50.90818762 -46.95932932 -40.2911602  -41.82648606
 -49.76380329 -55.68047521 -64.20742158 -56.69255643 -25.05225402
   6.85635059  22.49529291  36.65035893  42.49708557  45.68950971
  46.07766577  49.44575123  47.17038489  42.79755307  38.71683826
  41.50335672  42.50087288  45.2237602   45.49182151  32.66716573
  14.74582353  -0.2472832   -7.86932069  -9.42876267  -7.10074488
  -6.39775119 -17.35806621 -18.02749528 -12.77012641 -18.12201437
 -30.57557103 -42.76513017 -56.23901328 -62.56344902 -61.23329274
 -59.94710765 -59.6562873  -48.66157846 -31.60509903 -28.41655867
 -36.04955893 -48.07506735 -49.454979   -42.15077067 -38.64710678
 -53.98563695 -58.61625993 -59.60254104 -53.68595575 -45.84768148
 -32.99111142 -29.91687031 -35.23913439 -39.88992575 -46.85514256
 -44.8216618  -43.34542572 -40.46442287 -40.55630222 -39.79469034
 -39.34565034 -37.93400514 -33.75730032 -30.28663027 -24.03840349
 -16.12289162 -13.3764702   -8.26076717  -0.22304279  23.39458954
  26.71675825  32.81398063  13.25015961   6.11819973  23.17795464
  20.2839982  -18.59060844 -38.28433924 -48.50344301 -52.58552642
 -53.59735309 -46.77332867 -53.147297   -45.24101662 -36.65293598
 -32.42711725 -23.60617631   2.0377428   21.80081204  18.29859579
   4.95272076 -11.10616344 -25.37220514 -26.60336579 -24.30129566
 -19.11359465  -4.6081175   20.1892502   28.74347196  -4.80537115
 -16.83161151 -18.13062751 -18.47381865 -16.83612368 -15.00238253
  -9.02535373   2.52964211   5.99092584  11.00888455   1.68024863
  -9.82868167 -14.90826995 -27.12159885 -36.17986406 -33.41671771
 -28.47414328 -28.98907046 -42.02778146 -56.60191547 -65.54954497
 -70.81132343 -60.88890336 -29.32722155  -8.65667747  -4.32236313
 -12.64595023 -14.32479104  -4.72653202   7.90998924  -0.92838227
 -25.76395238 -36.06141542 -35.78982592 -39.33494071 -34.40713702
 -26.9172549  -27.03280068 -34.82385617 -49.91091994 -67.32777549
 -72.70758506 -78.94389625 -82.90660129 -52.36262389 -36.87041463
 -35.92311895 -34.73011317 -30.51886643 -37.56304323 -49.50985975
 -51.17494129 -43.32522699 -30.42604909 -16.70137571   1.11836222
   7.72199318   9.83396755  10.68758335  10.37785798 -17.30772319
 -45.01607444 -52.92032134 -45.31559052 -27.23035218 -31.75135372
 -32.71238514 -26.28297838 -27.59114685 -25.56618105 -23.99917056
 -26.61932738 -29.45344498 -20.94694428 -12.04595349   0.71942279
  10.74152824  18.40945503  26.36359938  36.47510344  43.22157546
  46.1978606   47.86482121  51.86062997  47.1194433   46.2127362
  38.4401669   37.75670587  37.06464896  31.91343896   9.69051058
  -2.55671139  -2.05180164 -14.23381018 -29.03958187 -30.04901006
 -30.80168767 -28.85914999 -23.76303824 -19.77917632  -9.69525714
  10.30611051  22.36013336   4.47704242 -15.22254616 -33.2701058
 -55.03592464 -62.65399478 -64.5750975  -63.14762071 -66.06715819
 -61.59468515],[  1.14254974e+00   5.26619917e+00   1.26842113e+01   3.62054048e+01
   4.71876658e+01   6.20655912e+01   9.05148231e+01   9.24961959e+01
   8.97200625e+01   9.13113670e+01   1.00882339e+02   1.02410535e+02
   1.03025147e+02   1.06157613e+02   1.05958999e+02   1.06140111e+02
   1.02965018e+02   9.66368994e+01   8.42925951e+01   5.51948257e+01
   2.59010445e+01   1.13895306e+01   3.51265439e+00   3.08226828e+00
   1.17009496e+00  -3.22950922e+00  -7.07724157e+00  -1.01905753e+01
  -1.42417081e+01  -1.94166706e+01  -1.83506145e+01  -1.95643560e+01
  -2.16468244e+01  -2.53458807e+01  -2.15668559e+01  -1.47043719e+01
  -5.24529783e+00   1.41339001e+01   2.23882253e+01   1.33231315e+01
   1.89586799e+01   2.31722264e+01   2.20486886e+01   2.47500865e+01
   2.81298972e+01   3.44421645e+01   3.95925082e+01   5.30699956e+01
   7.51750197e+01   9.33128965e+01   1.01777977e+02   1.08318245e+02
   8.77735737e+01   7.35458290e+01   5.73575362e+01   5.44849997e+01
   5.30458035e+01   5.83679622e+01   5.37181323e+01   4.70690610e+01
   4.20671061e+01   3.53055985e+01   2.87826817e+01   2.15603539e+01
   2.01832062e+01   2.79738438e+01   3.92881327e+01   5.50144463e+01
   5.98336276e+01   5.12362784e+01   3.63224456e+01   2.07733843e+01
   1.29150262e+01   9.01041017e+00   2.51013548e+00  -3.07710454e+00
  -1.18691772e+01  -1.41703642e+01  -1.49055979e+01  -2.24074158e+01
  -2.41394274e+01  -2.25671050e+01  -2.72215280e+01  -3.12093287e+01
  -2.96055738e+01  -1.45063324e+01   6.72291446e-02   1.48178902e+01
   2.10589034e+01   2.96128319e+01   3.28481150e+01   3.50085547e+01
   3.65882072e+01   3.71332989e+01   3.51667352e+01   3.78965253e+01
   4.41843902e+01   4.44927613e+01   5.43359161e+01   7.13681478e+01
   8.65318397e+01   8.97569914e+01   9.57411800e+01   1.01210687e+02
   1.01790836e+02   9.68468575e+01   8.97841017e+01   7.41446363e+01
   6.65218487e+01   6.53901604e+01   5.68815664e+01   5.13573703e+01
   5.08227528e+01   4.69258631e+01   4.14082185e+01   3.68937131e+01
   3.91359670e+01   3.68517454e+01   3.20960708e+01   3.64418195e+01
   3.73235125e+01   3.57077580e+01   2.60084639e+01   2.17431263e+01
   2.23969019e+01   2.68986874e+01   1.66675918e+01   4.79133507e+00
  -5.11237511e+00  -4.15670559e+00  -1.40253931e+00  -4.05897503e-01
   8.15899473e-01  -4.95558537e+00  -2.03009201e+01  -2.50786479e+01
  -2.13343591e+01  -1.01188470e+01   5.17207764e-01   7.10774628e-01
  -4.11628354e+00  -2.04940045e+00   4.47016627e+00   8.97717663e+00
   1.67513095e+01   2.58701789e+01   2.99763928e+01   2.62356089e+01
   2.56986815e+01   2.55397718e+01   2.52365697e+01   1.67322418e+01
   8.26835232e+00  -1.04121537e+00  -5.80224067e+00  -1.00248644e+01
  -1.38988422e+01  -1.48903967e+01  -7.67803166e+00  -1.16454212e+01
  -1.74204992e+01  -1.05718361e+01  -2.39057103e+00   9.69681393e+00
   2.80621776e+01   6.78645038e+01   1.05409925e+02   1.19060850e+02
   1.18781600e+02   1.08555413e+02   8.90776794e+01   6.21515515e+01
   5.19530917e+01   4.83600702e+01   3.78166567e+01   3.59671041e+01
   4.03076106e+01   4.42156099e+01   5.10307900e+01   5.38931638e+01
   5.03912610e+01   3.71283843e+01   3.20496457e+01   3.21923950e+01
   3.84135967e+01   5.02373538e+01   6.67970132e+01   8.54076953e+01
   1.10090780e+02   1.31228796e+02   1.31050904e+02   1.22243704e+02
   1.08955072e+02   8.94713646e+01   5.28252437e+01   2.82815291e+01
   1.56958664e+01   8.87906461e+00   2.60334012e+00  -1.96200430e+00
   2.72005590e+00   1.24994027e+01   2.83924370e+01   3.10276619e+01
   1.94610533e+01   1.50714832e+01   1.60366613e+01   1.62018642e+01
   1.08271315e+01   4.65455144e+00   5.86756770e+00   3.61226048e-01
   1.90481182e+00   1.25602579e+01   2.56800091e+01   3.57172572e+01
   3.95075281e+01   3.83743237e+01   4.32116273e+01   4.50799196e+01
   4.15610110e+01   3.69778310e+01   2.55966719e+01   1.71395443e+01
   1.34434000e+01   1.83030066e+01   1.74416898e+01   1.98053619e+01
   2.60873815e+01   3.07373236e+01   3.14960994e+01   2.14703663e+01
   1.90868077e+01   1.87229367e+01   1.74314076e+01   9.29454567e+00
   8.49123409e+00   9.34544090e+00   1.06394361e+01  -4.42791195e+00
  -1.03976153e+01  -9.95015872e+00  -5.58824041e+00   3.89776597e-01
   6.90697832e+00   1.11314978e+00  -2.67697311e+00   1.59997965e+00
  -3.73222736e-01  -6.26068805e+00   8.31139271e+00  -7.12885393e+00
  -2.14304810e+01  -2.63525944e+01  -3.26190201e+01  -4.14676360e+01
  -4.33717324e+01  -4.45813551e+01  -3.94087150e+01  -3.35109584e+01
  -2.42548601e+01],[  1.56660904e+00  -3.21957215e+00  -7.75686599e+00   3.08970954e-03
  -1.73480330e+00   3.55190488e+00   7.83573473e-01  -1.42681760e+01
  -3.01826211e+01  -3.09805017e+01  -1.86059432e+01  -1.96233282e+01
  -2.16136410e+01  -2.24842863e+01  -2.57169900e+01  -2.09345731e+01
  -1.84340173e+01  -1.03524226e+01   7.47743568e-01   7.37552971e+00
   1.27888697e+01   1.96337431e+01   2.05908004e+01   1.96907152e+01
   1.13113922e+01   3.12537015e+00   2.16192381e+00   4.66277286e+00
  -2.24254818e+00  -2.50303715e+00  -4.05007038e+00  -3.01669780e+00
  -1.79702506e-01   8.05391786e-01   7.37913528e+00   1.56687193e+01
   2.17838545e+01   3.01723422e+01   2.79847356e+01   3.48221059e+01
   4.52973515e+01   4.62018702e+01   4.40560358e+01   3.68092338e+01
   3.10916067e+01   2.83320733e+01   2.19563449e+01   1.50222428e+01
   5.04423960e+00   5.47772280e+00   5.64824351e+00   1.32156917e+01
   1.94871158e+00  -3.68181415e+00  -1.40090481e+01  -9.69515657e+00
   7.23947638e+00   2.29425901e+01   2.34967535e+01   1.72738110e+01
   1.63267819e+01   1.27758549e+01   1.07440621e+01   9.84076848e+00
   1.17778306e+01   1.14433612e+01   1.63759909e+01   2.85366940e+01
   2.80111220e+01   9.83669881e+00  -8.32779978e+00  -2.36134619e+01
  -3.49255673e+01  -3.63709311e+01  -4.37277950e+01  -4.85017631e+01
  -5.21944356e+01  -5.48547243e+01  -6.19807315e+01  -6.22101061e+01
  -5.21818385e+01  -3.96120228e+01  -3.32073605e+01  -3.03516289e+01
  -2.32479206e+01  -1.34839645e+01  -4.82444870e+00  -5.57982389e+00
  -1.47546983e+01  -1.07574644e+01  -3.48837504e+00   8.99622166e+00
   1.35759696e+01   1.35999647e+01   1.33426318e+01   2.30769456e+01
   2.56917651e+01   2.03260902e+01   8.46872953e+00  -5.00823941e+00
  -1.55367439e+01  -2.31311421e+01  -2.61497340e+01  -2.37675063e+01
  -1.96473969e+01  -1.38684078e+01   4.55268451e+00   2.02463344e+01
   4.06105455e+01   5.63239841e+01   5.68607691e+01   5.72468213e+01
   5.92664844e+01   5.52662595e+01   4.26659092e+01   3.00914933e+01
   2.66758781e+01   2.61632467e+01   2.45320349e+01   2.27895091e+01
   2.54818491e+01   2.56133301e+01   3.45347531e+01   3.68829884e+01
   2.93327369e+01   3.80899040e+01   3.68936578e+01   1.31932697e+01
  -4.02746324e+00  -8.88786814e+00  -4.69973447e+00   3.11802184e+00
   4.20752856e+00  -7.71978479e+00  -1.69844776e+01  -1.65756519e+01
  -1.13675857e+01  -1.05004025e+01  -7.92768141e+00   4.15526291e+00
   1.24915946e+01   1.01205016e+01   1.05893643e+01   1.44446211e+01
   2.45232193e+01   3.61342507e+01   3.13095830e+01   1.88869691e+01
   2.11136333e+01   3.33442898e+01   3.13786045e+01   2.17138568e+01
   1.45830030e+01   6.24458717e+00  -2.95228631e+00  -7.04211789e+00
  -6.86139455e+00  -2.27126055e+00   7.78283247e+00   1.46890171e+01
   1.17135395e+01   2.92538145e+00  -1.14262552e+00  -5.50224497e+00
  -1.27525525e+01  -2.23145115e+01  -3.27340962e+01  -3.96229398e+01
  -4.33852059e+01  -4.60365550e+01  -3.82514046e+01  -2.52457240e+01
  -1.27204038e+01  -8.15072281e+00  -1.61935959e-01   7.65001530e+00
   1.33022872e+01   1.58746497e+01   2.13725429e+01   2.74988720e+01
   2.53903152e+01   1.30308039e+01   7.33954358e+00   1.25300136e+01
   1.29301537e+01   8.92789278e+00   8.40277744e-01  -7.97326472e+00
  -1.15107839e+01  -1.07890705e+01  -2.31010248e+01  -3.60804211e+01
  -3.92093586e+01  -4.22730851e+01  -4.08219304e+01  -3.45538478e+01
  -3.94993760e+01  -5.01816388e+01  -4.50028063e+01  -3.79768855e+01
  -2.80054970e+01  -1.56132706e+01   9.12777141e-01   9.84006192e+00
   1.57196009e+00  -5.25895550e+00  -6.44990817e+00  -1.27049838e+01
  -1.48740045e+01  -1.32385686e+01  -8.83483001e+00  -3.82321659e+00
  -5.54811382e-01   1.04812498e+01   3.76481338e+01   5.88729385e+01
   7.03642139e+01   7.41335639e+01   7.26130030e+01   6.55921893e+01
   5.50474065e+01   4.62269160e+01   2.76177685e+01   1.42038889e+01
  -3.26143677e+00  -1.03184962e+01  -2.11094138e+01  -2.43837055e+01
  -2.10371508e+01  -8.61521717e+00   2.59912076e+00   7.38526237e+00
   1.00107865e+01   1.09487315e+01   1.28996824e+01   4.66009541e+00
   2.77687472e+00   6.33430376e+00   1.90342573e+00  -2.33606389e+01
  -4.11628272e+01  -5.33307367e+01  -6.16711721e+01  -4.83135235e+01
  -3.56247802e+01  -3.43246791e+01  -2.95112279e+01  -2.70482841e+01
  -2.88490302e+01  -3.39500356e+01  -2.46578229e+01  -3.93516296e+01
  -4.12043395e+01  -3.93120548e+01  -3.43726216e+01  -2.61286139e+01
  -2.48223369e+01  -2.63860394e+01  -2.49350562e+01  -2.27950397e+01
  -1.94537080e+01],[  1.70973576   2.58979062   7.09914549  14.76115228  20.31381419
  19.09705821  13.59454594   6.79359117  -3.41864083  -6.40274054
   4.780615    10.09520777   6.76189385   9.17339195   9.50474685
  10.77384097   5.11218832   4.91031382   8.63713854  14.86106733
  19.4141026   21.47559869  23.82638316  32.20962379  30.21989229
  25.7378681   21.94835543  20.02842835  17.5243927   18.25888513
  20.01897562  22.96682535  27.73245752  27.45632877  31.29124073
  38.85557897  41.41576721  36.42695395  28.51438749  34.15907064
  28.49401711  20.65888408  15.98728645   7.35653627   6.77539819
   8.83400301  10.15125635  11.86746363  10.33752261   8.83137431
   8.98286673  12.50199857   6.30630957   6.85604324  -0.91710763
 -13.45462323 -10.09487198   0.80205281   2.44596985   0.23621806
   1.10528129  -0.8873839   -0.58292236  -0.05059453   2.52573657
  -1.31593205 -11.92582901 -19.31628747 -26.75000517 -31.60570306
 -35.04877642 -36.38028044 -36.48089319 -27.45069877 -25.63848879
 -22.23135023 -25.32621424 -31.49632767 -35.46395427 -33.85560317
 -30.41430752 -24.5165605  -18.92490143 -14.42070501 -15.87860843
 -12.35202645  -7.53872134  -4.23394504   7.96504284  10.72187139
   1.66116545   0.36887651  -0.32905007   6.88710619  19.57999426
  22.81937612  25.2753325   23.77070598  26.27575405  30.44734616
  24.62953339  20.41073524  16.49425875  21.40328578  25.51211359
  24.72388632  24.75348674  17.84313275  17.49392789  16.93205189
  13.39520733   8.74531653  -0.28862408   4.88177809  17.34513936
  23.63779068  23.8098302   18.52416033   9.15818801   4.47200958
   4.61126625   6.52108226  14.77899433  23.51239253  24.55658167
  26.08464874  34.66177781  22.99242135  11.56786278  10.56125162
  12.21740689  11.94285812   7.9426459   -4.02149852 -11.19029405
 -16.56790817 -20.537706   -17.98122265  -8.42674556   9.65029412
  13.26135317  15.39990566  17.70814418  25.48686478  27.16033368
  26.10713421  20.27107494  15.02348146  16.80136866  22.71315687
  21.7557978   26.82269893  30.8374635   33.35511669  34.14162687
  33.84331378  32.4311106   34.54188921  32.38202026  27.78729817
  27.91680565  18.82067282  12.798937    12.65424818  10.31431096
   7.28998412   3.38802193   3.86699539   0.77987509   2.80824221
  13.11565258  15.13593189  17.76043929  14.79027731  14.93481769
  16.16008664  10.59169864  11.97644514  15.75215191  14.06938731
   3.57878646   0.62460981  -0.3922407    5.01153731   7.89900321
  14.77721628   9.48331782  -3.21411009 -12.99028761  -6.07456028
  -4.22796677  -0.80042198   2.54412575  -5.65264162 -13.38613269
 -13.63160367 -16.49203727 -15.45551055  -8.94015192  -2.00819036
   3.33556339   2.70157525   7.48290093  12.40066036   3.8777338
  -1.06604232  -1.30043014 -14.85280389 -10.58709276   5.3121896
  11.42177192   5.52661532  -1.77375248   1.82620783  10.99353403
  12.00150319  17.64913834  26.46370056  31.00622292  27.84838666
  23.03151413  28.12681343  35.44696641  35.66311616  18.93000541
  11.92373393   9.17173752   4.7474034    2.46450112   0.75810541
   0.16902573  -0.61742698   0.41672766   0.65227013   1.80800165
  -1.06316077  -1.25180534   4.37738152   6.11745122  -7.28406111
  -8.78737057 -21.94042849 -28.65009862 -11.54551174  -1.10691172
  -4.9843707   -6.47844369 -13.01743559 -19.55791989 -19.60011519
 -13.33144556  -8.24244904  -0.64140052   8.88427336  17.06254316
  18.86214599  19.51426623  25.26989584  17.56757063  12.10057215
   9.7128021 ],[  1.20373389e+00   5.03948865e+00   6.66352836e+00   3.22077752e+00
   2.87670017e+00   4.20844547e+00   6.54902364e-01   1.11388011e+00
  -7.83094523e-01  -6.20327988e+00  -3.03285487e+00  -3.36332177e+00
  -4.25529990e+00   9.14325917e-01  -4.19610566e-02   2.45596977e+00
  -6.38959526e+00  -6.48947526e+00  -1.56975485e+00   5.21657829e+00
   9.74720776e+00   6.84699456e+00   8.90780744e+00   1.21547133e+01
   1.45775824e+01   9.56905238e+00   8.85385085e+00   1.38840708e+01
   9.84323078e+00   5.64079434e+00   7.59694341e+00   5.91992640e+00
   3.00545143e+00  -2.92241374e+00  -8.38334006e+00  -1.22032643e+01
  -6.75546132e+00   7.30705672e+00   8.64895110e+00  -3.09038877e+00
  -1.66555722e+01  -2.13799957e+01  -1.84270335e+01  -1.53013832e+01
  -6.74642683e+00  -3.74738266e+00   2.16714524e+00   1.53417831e+01
   2.84333272e+01   3.26275587e+01   3.02937895e+01   2.73177311e+01
   2.46733489e+01   2.81723574e+01   1.99152762e+01   5.93532903e+00
   1.44301030e+00   3.50058180e+00   6.00909340e+00   1.51936512e+01
   1.97441394e+01   1.12549195e+01   9.56470200e+00   5.92894147e+00
   3.29841189e+00  -1.13334610e+00  -1.54795558e+01  -3.13106275e+01
  -4.61662310e+01  -5.66043584e+01  -6.39636936e+01  -6.27734796e+01
  -5.86420548e+01  -4.71209573e+01  -4.44734878e+01  -3.84792448e+01
  -3.14449006e+01  -3.09803468e+01  -2.47379399e+01  -2.45794604e+01
  -2.85324206e+01  -2.50001450e+01  -2.34901073e+01  -2.12591913e+01
  -2.26995816e+01  -2.74681819e+01  -3.31179446e+01  -3.77511494e+01
  -3.31026143e+01  -2.36165821e+01  -3.28433825e+01  -4.25902079e+01
  -4.20011639e+01  -3.91950857e+01  -3.23475667e+01  -1.93667516e+01
  -1.10641514e+01  -1.01742489e+01  -9.99110234e-01   1.33886936e+01
   1.26085014e+01   1.14213322e+01   9.77531311e+00   9.07401744e+00
   7.46559599e+00   6.57063703e+00   2.17441015e+00  -9.57076769e+00
  -1.09899197e+01  -1.24529493e+01  -1.79987657e+01  -2.12794281e+01
  -2.90256310e+01  -3.45482250e+01  -3.42570500e+01  -3.28710560e+01
  -2.79664206e+01  -1.67805361e+01  -1.21973097e+01  -4.90345843e+00
   5.73296110e+00   7.86971002e+00   1.23196001e+01   2.00757877e+01
   1.60455471e+01   6.55738990e+00   7.06331829e+00  -2.06208834e+00
  -1.41876170e+01  -1.24947894e+01  -3.47289550e+00   3.19465634e-02
   1.95734285e-01  -3.15137537e+00  -7.41615912e+00  -1.38907594e+01
  -1.48182568e+01  -1.49095226e+01  -1.08823830e+01  -3.59622622e-01
  -3.62698728e+00  -7.92745727e+00  -1.49086741e+01  -2.17112854e+01
  -3.14499228e+01  -3.32226264e+01  -2.14108146e+01  -6.63515786e+00
  -5.04033779e-01  -9.26120733e+00  -1.91285056e+01  -2.33290814e+01
  -3.00445379e+01  -3.52803677e+01  -3.26619091e+01  -3.08916683e+01
  -2.64954871e+01  -2.39276756e+01  -2.30245971e+01  -2.03886409e+01
  -2.61632593e+01  -2.46742085e+01  -1.89622882e+01  -1.50529562e+01
  -8.83855053e+00   6.43648403e+00   9.40049140e+00   6.80902281e+00
  -3.26584477e+00  -1.14197712e+01  -1.32148480e+01  -1.48596468e+01
  -1.22108787e+01  -8.37654643e+00  -8.45565367e+00  -1.30244503e-01
   1.01210827e+01   1.86399595e+01   2.02834721e+01   1.54462152e+01
   7.03698193e+00   9.16001848e+00   6.72391589e+00   9.74074102e+00
   1.13100345e+01   1.42246216e+01   2.19161313e+01   2.63855906e+01
   3.11780817e+01   3.31606824e+01   2.52977027e+01   2.08095254e+01
   1.89448545e+01   1.08900651e+01  -2.83248863e+00  -1.77606605e+01
  -2.36726069e+01  -2.42709609e+01  -1.95680249e+01  -1.49071757e+01
  -1.95998924e+01  -2.51348794e+01  -1.91750113e+01  -6.72866080e+00
  -3.65591427e+00   9.47139731e-01   8.70859710e+00   4.31042374e-01
  -6.26392684e+00  -8.47406995e+00  -5.96814671e+00  -1.09249392e+01
  -1.31905518e+01  -1.24293246e+01  -1.42813207e+01  -1.98513772e+01
  -2.09648566e+01  -2.23852138e+01  -2.32573370e+01  -2.31256421e+01
  -1.94215936e+01  -1.17295493e+01  -3.05955454e+00  -3.59727208e+00
  -1.24852774e+01  -1.82283238e+01  -2.14994275e+01  -2.96965149e+01
  -3.10211483e+01  -3.12193962e+01  -2.38270412e+01  -1.12032174e+01
  -7.74267917e+00  -4.91239786e+00  -2.80699111e+00  -2.72199688e+00
  -3.03700272e+00   1.62805991e+00   1.42103847e+00  -1.25936149e+01
  -6.47011182e+00  -6.03085932e+00  -1.46915099e+00   4.23804777e+00
   5.74133596e+00   6.61037852e+00   1.35658345e+01   1.51801783e+01
   1.59631158e+01   1.25380835e+01   2.19828683e+00  -4.80924204e+00
  -9.55911698e+00  -1.10255382e+01  -1.57922591e+01  -2.82818264e+01
  -3.07922145e+01  -2.97410650e+01  -2.76733697e+01  -1.95500963e+01
  -1.19559413e+01],[  0.78156846   1.67082808   3.07956992   6.94014655   9.76093625
  10.4920117    7.16707982  10.79812197  15.78541871  12.32913061
   9.11821246   5.56857201   6.90492221  12.31747884   8.14938532
   2.67200865 -10.22725751 -13.44061316 -23.14628757 -21.41713669
 -25.03452721 -24.65513834 -18.83035745 -17.16828799 -17.03503914
 -12.79567338  -3.63930986   2.17511492   1.41073603   4.27657512
   6.2806479    6.84729439   5.96944926   3.89858442  -3.01948021
 -11.30470778 -14.88257208  -5.97420373  -4.49754385 -16.05781337
 -17.50818046 -21.00589877 -23.43331309 -27.35348622 -26.10744937
 -21.55324965 -18.63429056 -19.97728581 -25.61992008 -16.7329911
  -7.47378612  -4.21724029  -6.53601003 -12.85830988 -15.3381344
  -7.84180368 -10.6622868  -14.86608246  -9.91790022   1.34142041
   9.17374221   5.08531212   5.55192449   0.89002687  -3.85927504
  -6.52954148 -10.07730848 -16.28013407 -28.91631223 -36.41584967
 -38.49461274 -33.09072168 -30.77776566 -21.62786009 -18.56371908
 -15.85785622 -11.17802219  -4.37448349  -0.34951617   0.3622753
  -1.63146002   0.66476964  -0.41194613  -5.44358921  -9.50590335
 -10.91486842 -16.18437149 -26.23635656 -32.97751116 -24.03998895
 -24.58907975 -29.52286768 -25.66971716 -17.69903922 -20.21336721
 -18.10979856 -24.55581769 -29.10923375 -25.08911914 -24.44067624
 -24.62612533 -18.92448141 -14.06551881 -10.28491786 -13.63767121
 -14.72295736 -18.80086469 -22.61114644 -23.36873554 -17.6648606
 -14.03946192 -12.42967791 -15.29443003 -16.11490004 -18.685357
 -20.68498028 -14.96415498  -8.57623284  -7.58190796  -5.09114291
  -6.70627777  -7.86199035  -2.63166447  -0.4678975   -3.40666432
  -6.6116072   -5.99427651  -7.20013428 -13.65723922 -15.21665619
 -14.2464736   -8.80208543   9.57474511  13.05901274   2.76863067
  -3.11851207  -3.56281911 -11.54345822 -16.44637821  -9.54968282
  -6.77793821 -16.47576087 -21.89223225 -24.68329031 -31.80406357
 -27.42646281 -19.71759705 -13.39459392  -7.61079956 -20.75857733
 -31.26692114 -36.32517517 -37.96956869 -30.48254818 -24.46085222
 -19.77245621 -14.16676295  -8.47549693  -7.30956983  -6.12785428
  -9.38626913 -15.58518123 -17.29288295 -21.41211902 -21.44236996
 -10.09015859  -4.14224328  -2.69301484   0.18722751   1.48009161
   3.54402934   2.68410817  -3.05113561  -1.51572817   0.8263739
   0.51824215  -1.66251767   2.69273574   0.40060934  -7.4147677
  -8.4614571  -13.4310878  -25.09024035 -24.97972238 -18.49879279
 -15.18273692 -20.38299417 -23.84955046 -18.33490298 -11.131779
 -16.10358586 -18.24115651 -16.84962625 -13.36371959  -3.86555267
  -3.54593552   0.30640864   0.58905815   1.43828762   0.31196083
 -16.94952279 -22.57401645 -32.37137377 -31.07178681 -23.91085043
 -13.15048011  -9.30862834 -13.3788791  -19.72501083 -30.03173103
 -34.16972413 -37.68759947 -33.35853786 -32.53890099 -29.58143524
 -19.28799984 -13.03595425 -16.78482855 -26.92054267 -37.74625569
 -40.24882504 -43.62981878 -40.20770567 -31.16355381 -20.46705599
 -23.25824823 -23.16707521 -21.01234082 -19.37304296 -19.93547636
 -20.78124225 -13.7087748  -11.2714447  -10.91056394 -10.02290174
 -11.50487389 -11.00650388  -6.2486481   -5.73611455   1.00665564
  15.52622435  17.44509289  10.37106925   2.79508811   6.19981475
   9.24262227   5.36150985   2.95097642   2.8820155    5.38410753
  -4.67932553 -13.92024739 -12.97684466 -13.9555783  -20.89412658
 -28.6601834  -28.68048609 -22.47075538 -13.289093    -0.0724822
   6.12123825],[  0.87098749   1.48419803   1.07039258   5.5075392    5.76371645
  -1.04957811  -5.36387039  -6.14625694  -1.78882818  -1.27521859
  -4.57757171  -6.03424186  -5.31332939   0.75456397   5.72866638
   8.23491602   8.68767677   9.71161547  -5.0348822  -12.79743647
 -10.33279968 -12.31774199 -15.74160949 -19.41381455 -21.46063571
 -15.74823288 -17.60078316 -19.04358956 -17.02253845 -14.79642977
 -10.75106066 -13.09398539 -12.63957976  -7.8644931   -3.83809092
   0.95312072  -0.66913683  -3.62746937  -1.48631713   2.46882     14.13867915
  15.86307098   8.87422104   1.24585021  -4.86232195  -2.28356597
   2.75464294  -0.47934915  -7.82709377  -6.36707762   0.57562145
   6.04361848   6.23056285   6.54311116  11.83933557  13.2043302
   2.72252413  -7.2325171   -5.20773781  -4.97816263  -3.11933905
   1.82135481   4.35136627   1.9855924    1.979934     4.12583776
   4.87440325   4.60229851   2.72750029   6.7612885   15.63252558
  28.59178092  30.15940725  30.91469142  25.79869587  23.31950188
  18.63740544  17.82183937  18.28225772  17.13852261  17.84696246
  20.86469992  13.81900367   3.68674952  -8.12588264 -14.3463422
 -19.4896234  -19.66843459 -14.99944393  -4.20512914  -0.23000805
  -9.47427009  -9.3240674   -5.55448551 -10.95590843 -16.76351568
 -20.72727515 -25.74994753 -16.83882685 -14.19722182 -15.62029323
 -16.67561541 -18.56055001 -21.38721937 -22.52829541 -13.29243965
  -6.1421404   -3.57492726   3.10493854   7.8307723    9.19849097
  10.81374892   5.8195626    1.39178625   0.62901422  -3.34026248
 -10.23585523 -15.39681226 -13.18913519  -4.68296752  -5.04086271
  -9.83190527 -12.83680894  -9.78960226  -2.52972666 -10.20247676
 -13.29815217 -11.16397597 -19.44659365 -25.13054006 -27.38036737
 -23.51712517 -14.64881388  -4.58075491   3.79249937   9.14427973
   7.93692079   7.46016873   3.70057269   4.4782133    9.77029624
   5.43338107   7.51613887  11.33207095  12.24931268  16.83212245
  13.18384174   3.40716417  -0.59629222   1.979157     5.43949489
   6.30179139   4.01853354   3.63337245   2.83918465  -1.02604544
  -4.78895952  -6.0745837   -3.52075308  -0.75660693   1.41751135
 -10.65795962 -15.75211181 -11.51620855 -17.50389808 -23.69612265
 -17.148338   -18.69957105 -12.88183107 -14.18460519  -7.59239317
 -12.35585117 -10.79194678  -7.25579644  -5.41258757  -3.4812622
   1.16215283   2.52244864  -4.36783298 -14.33200297  -4.9967207
 -10.31041141 -19.78240645 -19.60252373 -15.92178457  -6.58113798
 -10.93517594 -11.4983394   -6.49422534  -2.4038683   -1.15211473
  -0.38261591  -2.63412633  -8.77885801  -3.4563664   -0.05982144
   5.53251095  12.35459986  15.48735551  14.74187529   6.73667522
   3.06239475  -5.2826564   -5.39047619 -10.34661638  -4.78252713
  -6.83135003 -11.72861915 -11.64196934  -6.40942594 -11.0493426
 -23.35236427 -22.440923   -17.93342732  -3.83901748  12.19967835
  16.69915477  16.88229338  14.70286398   8.77016443   3.64528362
  -7.24156927 -10.35838943   0.58212305   9.60334804  12.51361501
  21.62777749  28.28869184  23.91670043  14.7310078    1.21782645
  -5.1341416   -4.78039023  -8.77274627 -12.26419295 -14.88681006
 -16.07661265 -10.54122595  -8.12461418  -6.58365002   4.1098925
   7.98804614   9.04060737   0.76238595   4.67984495  11.45109573
   8.62244544   3.06271513  -0.79697172   7.89639872   2.81999773
  -4.50355504   0.13848991  10.15349929  13.39588239  18.31509498
  24.3720737   23.09195132  14.11789692   9.50742949   8.19698051],[  0.9079765   -1.74120796  -6.24677269   0.118261    -1.24220673
  -9.59641668 -17.14924477 -18.10602975 -18.25361057 -19.4430378
 -18.21269511 -20.23481311 -23.40347465 -27.41558311 -24.7886998
 -20.05778206 -20.15755617 -17.8780208  -24.72087086 -26.7808164
 -27.11282148 -31.52722531 -37.45900344 -42.78733795 -43.74425754
 -44.55963783 -44.24294245 -42.05053244 -45.72398429 -44.38662591
 -44.22319523 -45.09066482 -43.9520802  -42.81253655 -42.5954583
 -38.30151456 -30.81831759 -26.6829064  -25.64309111 -20.01430276
 -26.38711419 -24.36009663 -24.46161277 -23.45703202 -26.60443196
 -31.30241302 -29.09640645 -26.60404804 -23.24432309 -28.90459156
 -31.45972191 -28.55301302 -24.22552002 -16.42119305  -6.56911994
  -5.20547334  -7.17177411 -14.21707597 -12.14655765 -12.46108156
 -11.49621458  -8.10219973  -8.43776404  -9.0968945  -12.24012558
 -13.24450746 -19.11343962 -22.40020415 -22.71575739 -12.75342378
  -6.01999203  -4.79514201  -6.47385192  -4.07532637  -8.09564245
  -9.0493626   -6.33038213  -8.75360807 -12.61131447 -14.65617523
 -11.91064384  -8.26357463 -11.8702285  -11.53151823 -10.38046977
  -8.3440362  -11.7559515  -12.11493377 -12.46162675 -13.58234682
 -17.97017174 -20.93542124 -15.24499148 -16.41265452 -14.69755079
 -18.83258694 -21.40112341 -21.61078454 -17.8567835  -19.21054203
 -21.85810092 -21.42123482 -16.58640666 -18.5827645  -21.79399323
 -12.76094688  -1.61631433  -3.08362408  -7.08770541 -10.39039161
 -14.06666044 -11.92513593  -6.12910006  -9.99462168  -9.79141197
  -1.60790205  -6.73054166 -13.56179647 -13.73730508  -4.5622632
  -2.68657161  -3.16565339 -14.91418166 -14.71778546  -2.48170977
  -6.57709156 -16.35035446 -13.36117105 -15.11232362 -22.34473054
 -21.88665631 -20.10180047 -33.62570782 -30.59724851 -18.91949775
 -18.04955776 -15.10242552  -8.03044617  -3.22465607 -10.1770435
 -18.04940628 -29.9282454  -35.79356355 -27.03865998 -17.32627928
 -16.35336956  -9.51662859  -9.11922138 -15.87789832  -4.12573348
  -1.14469503  -3.32642191  -8.14900577 -10.72717651  -9.26940271
  -9.75484539 -13.97826956 -20.91561811 -25.50687346 -27.42523691
 -27.76888241 -27.08690937 -30.27905337 -29.26764124 -26.88478907
 -28.39240056 -26.89914058 -35.71711461 -30.10478933 -36.89629066
 -43.87272634 -50.62125853 -35.92796216 -27.93323133 -34.2580126
 -40.76601377 -36.00750301 -28.49592232 -19.82867473 -14.18658116
   2.32187483  -2.47568445 -21.64054027 -34.20163751 -41.7092547
 -39.26726973 -31.283322   -25.31022847 -20.41074389 -27.53801016
 -29.19078425 -27.7746832  -30.40184828 -35.77622675 -38.3218616
 -32.37098321 -25.52790805 -22.44718413 -25.4457777  -20.48461289
 -18.22944107 -23.93081514 -17.54264958  -8.36158068  -3.52934314
  -4.33828154  -6.90435917 -10.50484554 -14.64708586 -11.2383715
 -13.51171216 -18.24631618 -15.79294357 -12.58377371 -12.5629605
  -9.5799559  -11.77715928 -16.63616396 -18.00943805 -12.80078366
 -10.84344335 -19.5845964  -32.0306841  -41.27362259 -44.62260676
 -40.04686244 -31.36095342 -24.21807331 -22.04665231 -16.21750825
 -12.82825999  -6.96394781  -4.34888746  -5.04480826  -5.18222184
  -7.71416246 -12.92448259 -12.8594044  -14.86627747 -14.30767377
 -11.4440878  -10.84201308 -10.75506512 -10.31538122  -4.01857804
   6.39070634  10.42803034  10.46102095   4.47580119   1.47420405
  -7.15868213 -25.62331784 -41.78105642 -40.88832537 -36.89887654
 -28.40704813 -19.53509323  -5.80289097  -4.84052254  -5.56770521
  -1.74135849],[  0.40303463   0.54812347   0.93088069   3.44071009   5.24270941
  -0.20612361  -2.75073209  -0.23800166  -6.75979778 -10.45698428
  -2.06771526  -1.57372096 -10.28032845 -12.96656733  -8.86365292
   1.69368256   4.56103069   0.68377391 -13.4821356  -18.84190628
 -24.09855538 -24.65470212 -26.88379003 -30.40367702 -28.00912903
 -22.60522614 -22.90646529 -26.98835108 -23.77664445 -17.43238318
 -16.68917115 -16.4964387  -12.89155258  -9.55548324 -13.05856806
 -10.52031248 -10.900553   -15.87522503 -13.50508813  -9.89220434
 -13.6383369  -13.89202915 -18.2554067  -17.7383918  -18.69319087
 -15.38404974 -11.31446005 -12.92903768  -9.93390569 -16.4596232
 -19.7705797  -19.47145629 -21.83262206 -25.31814993 -22.26225994
 -12.11391227 -11.14406439 -16.88518618 -19.77020051 -23.70973465
 -21.70339286 -20.01532789 -19.79525827 -16.69619728 -23.53705058
 -25.66652909 -28.48321065 -31.63222605 -33.28157022 -19.5381302
 -11.46589969 -11.94087661 -16.86764122 -16.32993805 -16.43141936
 -17.87115062 -16.57500619 -15.0808332  -11.40557786  -8.1674327
  -9.8414348   -8.20693183  -4.41066378  -0.35749577   6.61971709
  11.87685705   9.91666905   6.18880105   3.92354066   1.45479696
  -2.79304811  -4.03383798  -4.17442503  -9.35194989  -5.418359
  -5.23218021 -11.12096622 -10.49459925  -2.74203126  -0.90167243
   0.16012112   2.70977634   7.40797486   7.58269905   9.35635334
   6.8640435   -1.36452427  -7.36020012 -14.74518255 -21.62663257
 -25.43910757 -28.48135368 -25.60138725 -28.71650587 -29.49795604
 -18.81454684 -17.66626483 -19.91936918 -19.03738938 -17.41185378
 -17.58294105 -16.02056281 -18.27636056 -18.02498184 -12.57329104
  -7.17049104  -5.11451241   3.68454235   7.40522367  -0.28913218
  -2.26412246   6.11803704  10.52331856   5.97102823  -2.96145261
 -14.22237417 -21.07108187 -27.18229345 -22.25818454 -24.23308298
 -34.63212697 -36.54327013 -37.28083832 -25.83725689 -20.91141396
 -24.87735096 -21.61259439 -18.73371023 -21.77357724 -16.73248285
 -20.15840099 -26.12077318 -24.48010621 -17.94961162 -16.11626299
 -18.91703266 -23.95645385 -31.43275798 -31.8568715  -24.58534459
 -24.45788451 -17.8420415   -9.40887414  -8.8319443   -6.82974691
  -5.93181744  -6.11845628 -12.20717023  -4.62303514   4.97366984
  -0.3503105   -6.00389174 -12.40945237 -18.70469685 -25.6084404
 -30.91573297 -33.01911014 -30.14214336 -21.02437083 -14.16652174
  -3.3406581   -5.84642818 -25.38252072 -30.78499548 -34.3474055
 -31.93912703 -22.87478283 -16.86636173 -10.81959525  -8.5135369
  -4.18404988   2.08453246   1.22018904  -8.57143388 -17.456771
 -17.94061561 -15.07464199 -14.48568396 -14.57233068 -10.37963596
  -8.77578846  -7.68858928  -2.74739337  -4.19774388   1.00324843
  -0.34261877  -5.85722708  -7.45817175  -8.92177103  -3.47272437
  -0.14671586   3.64289583   3.08516665  -4.5286168  -19.0505816
 -22.51427468 -21.32566358 -20.14876024 -21.81831048 -21.03701209
 -18.37537921 -10.53707627 -12.05900516 -24.76180819 -27.83408017
 -27.4654453  -25.54007079 -16.09833412  -7.55437676   5.73407135
   6.88585594   0.66322259  -3.38067919  -4.69209986  -6.0249119
  -4.59667256  -6.36161687 -10.75876209  -9.4815572    1.45920502
   1.92487024  -7.43353086 -16.48169155 -17.73655454 -16.05756004
 -15.14127213 -15.78721014 -12.04386904 -12.8235416  -12.50623478
  -9.10146117 -10.98138774 -15.33366042 -11.50984605  -2.26889624
   5.45509206  10.65161747  13.57990721  11.72988091  14.59830495
  20.36261801],[ -1.43219750e-01   6.76294729e-01   1.18718602e+00  -3.86063352e+00
  -5.59318506e+00  -4.31892108e+00  -7.62729783e+00  -1.13318322e+01
  -1.15037399e+01  -1.08435900e+01  -2.15801327e+00   1.21998532e+00
  -7.54608348e+00  -7.09571627e+00  -2.49241337e+00   1.21108888e+00
   2.61413090e+00   9.82174361e+00  -2.11052501e-01  -7.65526356e+00
  -6.18419460e+00  -2.21150371e+00  -3.64637944e-01   1.61992471e-01
   4.75128731e+00   8.67550348e+00   4.02483877e+00   4.88301099e+00
   9.89195453e+00   1.24808009e+01   1.27435927e+01   1.15482901e+01
   1.41313859e+01   1.73046515e+01   1.28617768e+01   1.14309623e+01
   9.25498429e+00   5.02108745e+00   5.49881172e+00   4.42113875e+00
   1.41550186e+01   1.67133683e+01   1.26234698e+01   1.16504307e+01
   6.69901888e+00   6.17671934e+00   8.13658265e+00   2.92873695e+00
  -3.74206371e+00   3.82436312e+00   1.48267920e+01   1.81332918e+01
   1.38921119e+01   4.57331732e+00  -5.46218023e+00   1.79325059e+00
   1.57581560e+00   8.20777639e-01  -5.45077036e+00  -1.39563253e+01
  -1.60664520e+01  -1.05598075e+01  -5.57580225e+00   9.83220767e-01
  -2.43046861e-01   6.77004950e-01   3.26205173e+00   1.85942448e+00
   3.89915838e-01   3.57405317e+00   7.58006291e+00   8.66808863e+00
   4.00750658e+00   2.24311031e+00  -3.90632584e+00  -1.16121438e+01
  -1.66807593e+01  -1.66014325e+01  -1.13021982e+01  -6.29372130e+00
  -8.35423865e+00  -8.13099209e+00  -4.62108907e+00  -1.34606874e+00
  -3.75445762e+00  -4.31531116e+00  -1.17696823e+01  -1.95832492e+01
  -2.56192373e+01  -2.64925233e+01  -2.75033180e+01  -3.54278334e+01
  -3.65146795e+01  -3.76897543e+01  -3.34965194e+01  -2.40911932e+01
  -2.40399841e+01  -2.66613153e+01  -1.92781324e+01  -1.63160931e+01
  -1.22302373e+01  -5.45874896e+00  -6.13101961e+00  -1.12752501e+01
  -1.26059883e+01  -2.07385969e+01  -2.85527705e+01  -2.44613955e+01
  -1.79636767e+01  -2.02493324e+01  -2.14753560e+01  -2.46527890e+01
  -2.48400548e+01  -2.68394635e+01  -2.78955009e+01  -2.14465953e+01
  -1.66729654e+01  -1.34937340e+01  -4.94998185e+00  -1.22386998e+01
  -1.53593964e+01  -1.87865561e+01  -5.82190431e+00   1.16253201e+00
  -8.18194283e+00  -1.45442707e+01  -1.28902937e+01  -8.68050510e+00
  -8.60098891e+00  -1.26824626e+01  -1.15598086e+01  -3.69811203e+00
   3.12013161e+00   1.12473762e+00  -1.69065549e+00  -1.98960519e+00
  -5.76015542e+00  -1.26852444e+01  -1.68492769e+01  -1.21489548e+01
  -7.55996669e+00   1.44745831e+01   2.41309677e+01   2.31865046e+01
   1.33007909e+01   1.82060427e+00  -6.10780554e+00  -7.83549454e+00
  -7.12284201e+00  -7.35117554e+00  -8.84128411e+00  -1.07299818e+01
  -3.72199297e+00   7.39330365e-01  -2.22098875e+00  -4.03444918e+00
  -6.44613926e+00  -1.55648946e+01  -1.65338050e+01  -5.43228265e+00
  -3.63080771e+00  -3.44961338e+00   1.62344974e+00   3.63646971e+00
  -5.88708393e+00  -2.42769463e+00   7.06496955e-01  -5.44161516e+00
  -5.99895690e+00   5.17975078e+00   7.85677979e+00   5.67639667e+00
  -1.26999770e+01  -2.55670465e+01  -2.60868680e+01  -1.62172562e+01
  -1.00844185e+01  -1.00321812e+01  -1.09151013e+01  -8.74888481e+00
  -5.83637303e+00  -2.07565678e+00  -4.20793436e+00   1.72793533e+00
   4.36525028e-01  -6.39544913e+00  -7.75004156e+00  -4.73432791e+00
   1.84823162e+00   2.28516907e+00  -1.32349495e+00   1.99840286e-01
  -1.60228361e+00  -1.14828343e+01  -1.29188835e+01  -1.28488991e+01
  -1.21464391e+01  -1.21706929e+01  -6.97859158e+00  -4.44027498e+00
  -2.39536357e+00   3.58383512e+00   3.13220327e+00  -3.75368346e+00
   1.90808020e+00   3.78733833e+00  -3.31037012e+00  -3.46749393e+00
  -8.60394766e-01   2.86798611e+00  -3.93263761e+00  -5.26828409e+00
  -4.45726506e+00  -1.01583163e+01  -1.17190827e+01  -8.21217478e+00
  -4.14018641e+00   1.48505518e+00   2.38005850e+00   3.63277472e-01
  -3.07121827e+00   5.46993542e+00   1.47843723e+01   1.44958617e+01
   9.95307378e+00   4.96414044e+00  -2.96489243e+00  -4.83286864e+00
  -4.03499239e+00   2.77902246e+00   3.23848719e+00  -1.95461096e-02
  -1.85634294e+00  -7.79944161e+00  -1.44849467e+01  -1.23283368e+01
  -7.02500629e+00  -5.63143516e+00  -5.66715631e+00  -4.60929308e+00
  -7.08743317e+00  -1.25704235e+01  -1.43949027e+01  -1.29995975e+01
  -2.07932005e+01  -2.70326664e+01  -2.45566244e+01  -2.16921660e+01
  -1.69479324e+01  -8.66287986e+00  -9.56126244e+00  -1.06834270e+01
  -4.82006513e+00   7.37300148e+00   1.92304122e+01   2.26102685e+01
   2.13278070e+01   6.12133078e+00   9.99057886e-01  -9.38777943e-02
   6.66188806e-01],[ -1.07969176e-02   1.06575796e+00   2.70064918e+00   1.72199805e+00
   2.12379129e+00  -5.49660410e+00  -9.16210930e+00  -1.58433101e+01
  -1.82849764e+01  -2.01361841e+01  -1.70919192e+01  -1.40168024e+01
  -1.61252339e+01  -1.11551635e+01  -1.01667297e+01  -1.20122984e+01
  -7.38131471e+00  -6.82552698e-01  -7.41040426e+00  -8.30818686e+00
  -9.97514207e+00  -9.79527795e+00  -8.23426222e+00  -8.67732511e+00
  -7.08748018e+00  -5.29689399e+00  -2.94649261e+00   4.50987549e+00
   4.87496641e+00   5.07509937e+00   4.54996805e+00   5.42421393e+00
   4.47449653e+00   5.74929328e-01  -2.45717765e+00  -6.65656062e+00
  -4.49060435e+00  -9.26655846e+00  -1.83807904e+01  -2.39472975e+01
  -2.90258259e+01  -2.83314714e+01  -2.76147109e+01  -3.22810831e+01
  -3.76432990e+01  -4.03808985e+01  -3.72666366e+01  -3.32514464e+01
  -3.56417559e+01  -3.05270284e+01  -1.88368222e+01  -1.08945257e+01
  -9.19187521e+00  -9.88886460e+00  -1.99185044e+01  -2.24375901e+01
  -1.88598267e+01  -1.71559557e+01  -1.87625734e+01  -1.83445486e+01
  -2.02586187e+01  -1.55721357e+01  -1.13853656e+01  -7.36079176e+00
  -4.20283932e+00   7.05004818e-01   1.72546361e+00   2.58910535e+00
   2.81993618e+00   3.85208087e+00   4.88544074e+00   3.23591460e+00
   5.35044458e+00   8.85922972e+00   9.41712217e+00   4.41372184e+00
   3.70588335e+00   8.52429600e+00   7.68726143e+00   7.11118751e+00
   7.66257051e+00   6.65367377e+00   7.79117201e+00   1.35595545e+01
   5.39762537e+00   3.38294779e+00  -5.39740378e+00  -1.72034323e+01
  -1.53931006e+01  -1.66888874e+01  -1.39080689e+01  -1.40824607e+01
  -1.28276511e+01  -1.52511805e+01  -1.87122558e+01  -2.43111581e+01
  -2.71207624e+01  -2.60505979e+01  -2.53000134e+01  -2.40075245e+01
  -1.91058053e+01  -1.69500167e+01  -1.45625835e+01  -1.39740343e+01
  -1.78771103e+01  -2.29243521e+01  -2.11199968e+01  -1.90554833e+01
  -2.03245391e+01  -2.20174151e+01  -2.25107894e+01  -2.43163398e+01
  -1.83783183e+01  -1.25758505e+01  -1.17349133e+01  -5.69545712e+00
  -4.15409321e+00  -7.30174477e+00  -9.75425325e+00  -1.17085402e+01
  -1.34371474e+01  -1.66181748e+01  -7.44194396e+00  -8.69968268e+00
  -1.66756509e+01  -1.93262437e+01  -2.69028970e+01  -2.31269068e+01
  -1.90379708e+01  -1.60020076e+01  -8.83127193e+00  -7.51533297e+00
  -7.15544843e+00  -4.27314312e+00   2.11705347e+00   3.83611498e+00
   8.28522797e+00   5.77417256e+00  -5.69679983e+00  -1.05700921e+01
  -7.20004332e+00   6.38626032e+00   2.96249665e+00  -3.96298709e+00
  -1.00594390e+01  -1.78193399e+01  -1.94617070e+01  -1.61883760e+01
  -1.28330491e+01  -1.60233365e+01  -1.89907634e+01  -1.20466310e+01
  -2.41533965e+00   7.87092722e+00   1.48072584e+01   2.06701920e+01
   2.76774562e+01   1.86238700e+01   6.02999170e+00   6.11438481e-01
  -1.48120943e+00  -2.33858351e+00  -1.04107531e+01  -1.61162805e+01
  -1.36089821e+01  -4.75043893e+00  -8.26218494e-01   3.84171890e-01
  -3.76746039e+00  -6.11096072e+00   9.90310472e-01   5.05001258e+00
  -6.97060968e+00  -1.07476716e+01  -9.68523049e+00  -9.06732468e+00
  -1.30553717e+01  -1.31211199e+01  -5.98286408e+00  -9.08717921e+00
  -1.62658874e+01  -1.23167989e+01  -1.13264394e+01  -1.01115877e+01
  -1.01163368e+01  -1.21575456e+01  -1.05428377e+01  -9.39310555e+00
  -9.05109731e+00  -6.31400667e+00  -6.44595729e+00  -7.47826547e+00
  -7.79728675e+00  -4.10515540e+00  -1.44872213e+00   6.71583632e+00
   1.40266832e+01   1.53828694e+01   1.51251540e+01   1.71765899e+01
   1.48699321e+01   6.02823497e+00  -9.94523999e+00  -1.62249208e+01
  -9.47145709e-01   6.93981736e+00   3.48225378e-01   2.97018519e-01
   3.27917506e+00   3.60738431e+00  -7.64960930e+00  -1.55225920e+01
  -1.33700962e+01  -1.81829687e+01  -2.51098783e+01  -3.17207871e+01
  -3.25644443e+01  -3.00486429e+01  -3.17377255e+01  -3.38320879e+01
  -4.00990061e+01  -4.12410927e+01  -2.77656664e+01  -1.47003394e+01
  -1.14482187e+01  -1.11604881e+01  -2.02199542e+01  -2.50675608e+01
  -2.52387952e+01  -2.47926975e+01  -2.16844465e+01  -1.07564843e+01
  -5.03081059e+00  -9.07612388e+00  -1.40165931e+01  -1.84931939e+01
  -1.31128796e+01  -7.64405801e+00  -1.12255473e+01  -1.15935864e+01
  -1.26509012e+01  -1.24081255e+01  -1.24319134e+01  -1.08269705e+01
  -1.13687148e+01  -1.46615576e+01  -1.40233502e+01  -1.20265716e+01
  -7.20844956e+00  -1.76476930e+00  -1.07332639e+01  -2.28463281e+01
  -2.69431366e+01  -1.71587884e+01  -1.01825123e+01  -9.50230827e+00
  -1.03535272e+01  -7.05724929e+00  -5.01463492e+00  -4.60601723e+00
  -6.28085240e+00],[  0.53657649   1.79647972   1.52636042  -3.13972069  -5.65349155
 -11.07064746  -6.38230424  -9.45357159  -5.41324983  -6.82326839
 -12.98069491 -20.93229085 -23.99230531 -21.74613957 -23.59405648
 -26.56003684 -19.84201742 -13.86579852 -17.5395759  -11.75623927
  -6.46148023  -8.75787144 -11.62083927 -16.92331274 -18.30877921
 -15.72080313 -16.2453772  -16.84091154 -15.76984716 -10.93154073
 -11.83529754 -15.97910581 -20.3457761  -21.673709   -24.50819644
 -26.10768201 -21.07622902 -23.77939401 -25.58082175 -25.42549469
 -26.47680224 -23.34375571 -24.41551546 -27.9213374  -23.65097615
 -19.76529856 -16.44312141 -10.02851211  -5.51953045 -13.37486301
 -20.78967334 -20.84973161 -22.5881532  -15.65499731 -22.68336568
 -29.82221011 -22.26162783 -24.37567164 -22.03122468 -19.80395501
 -20.17190974 -19.86803062 -21.44369986 -19.41187289 -15.59030771
 -11.63989605 -15.85548426 -16.36381446 -16.05780726 -16.11205183
 -19.04628777 -15.1665877  -14.31357073 -14.56082958  -8.0772513
  -3.78527956  -3.73825398   1.05842574   4.27115155   2.85613184
   5.22749784   7.18578594   7.24916093   6.03255358  -1.4574664
  -7.90449995 -13.71134281 -20.69409119  -8.98882569   1.207386
   5.01537189  -0.30471444  -8.18007752 -14.34288976 -22.61388024
 -26.31890657 -27.15644636 -29.12356333 -27.6804239  -20.64584294
 -10.99380964 -16.29403148 -22.55977939 -21.44086283 -13.08232704
  -9.87860592 -11.36102591 -13.16999841 -14.34404165 -13.64816393
 -17.6977308  -22.84385078 -22.62673606 -21.39815151 -21.84928017
 -22.82159469 -28.89917074 -34.05409628 -38.31865101 -25.5279286
 -17.69116899 -17.19137845 -27.41673741 -29.93078894 -23.29742869
  -9.36524867  -9.08831018 -10.86048422 -14.01252935 -14.17799938
  -9.46509143 -13.83263138 -10.01935557  -0.2914212    9.67083332
   9.38833213  11.75728757   7.19022893  -4.60567158 -15.65407594
 -16.00987854 -17.97259781 -26.09693259 -31.81502531 -29.26766009
 -21.11025685 -24.0917148  -24.56965744 -20.38369249 -19.09396676
 -23.20670097 -21.06953492 -23.33846246 -21.43360154 -19.81553525
 -20.19606864 -12.35190801  -9.60405658  -8.55982303 -13.99388217
 -14.81529011 -12.4985211  -11.52471151  -9.699196    -4.09494113
  -7.13999618  -6.76732383   0.69542939  -7.7512285  -22.38923058
 -18.34421827 -11.89067491 -19.1578256   -9.98634098  -4.36177057
  -4.97970908  -9.0326007  -10.99236013  -3.93484632  -8.49181446
 -14.79736299 -14.86285756 -15.16387062 -11.19156068 -10.54442797
  -6.58454895   0.16410744   1.79445396  -3.88895482  -5.06855806
  -1.25508638  -5.30323996  -5.22592006   3.668712     2.05965173
   5.53375019   9.66431836   6.14144936   6.50211047   1.59418969
   0.5436364   -2.25236574  -6.79521941  -3.95922706   1.5601268
  11.01742339   8.0156259    9.53188469   6.65020408  -3.19964108
 -11.30491104 -10.52695169  -5.21137834  -7.07138898  -8.13208132
 -18.66364971 -21.51337298 -14.89969877 -13.71488425 -19.08496525
 -25.09767165 -28.28378714 -19.55784384  -5.96651595   2.44612735
   6.61261835   2.65699582  -2.6569784   -8.03805988 -10.38077094
 -11.67643577  -8.67358272  -3.93100172  -2.49674389  -5.42873915
 -13.17366302 -11.48842934 -11.10053968  -9.58869171  -6.84364311
  -6.86214456  -2.62235606  -7.66402066 -15.76661016 -14.59137092
 -20.01993031 -21.68929154 -16.9212357   -8.15677901  -3.22054373
  -2.69921976  -8.14761779  -6.92439379  -1.85658939   0.8882418
  -1.45825608  -4.36093569 -11.44487737 -15.63903528 -12.50956642
 -11.68741348],[  0.54533224   0.64048818  -0.72784756  -3.75089297  -4.73144496
  -4.00410308  -1.00526804   0.18600237   6.37887251   8.97444342
   3.19997257  -0.41457224  -1.60437211  -1.89583349  -0.83378149
  -4.24577174  -7.83837774  -2.91053234  -8.33462154  -9.33757046
 -13.3902694  -12.70276455  -8.512517    -4.58831194  -7.21298747
 -11.02573959 -11.42130152 -10.0086354  -13.25649563 -10.21932983
 -10.34594815  -9.81096576  -9.93594449 -11.98425352 -16.65875242
 -16.69873577 -15.15676217  -7.03194847  -6.68607093  -7.71724376
  -2.48658876   2.97741805   4.90422204   6.20977517  11.2773311
   6.04456844   1.4576276   -0.9956071   -5.85035068  -1.66126823
  -3.45183064  -4.91470794  -9.27812917  -4.26493131 -12.31095668
 -16.41469953 -10.38194107  -5.32402865  -0.2442917   -4.50490681
  -3.63646187  -3.56597328  -7.11453664  -3.75232711   0.11768268
  -4.26162992 -11.17582804 -14.16224144 -18.15175083 -16.10000194
 -16.28535276 -15.37309837 -16.07102115 -13.10126554 -11.38354091
 -10.47391775 -13.91656302 -15.35436426 -17.21602791 -13.2398693
 -10.42395601 -11.72291803 -12.34503349 -15.13475845 -16.56063968
  -7.8365663    1.45075556   4.35787679   3.17780442   2.76335802
  -2.93076841  -9.98419356  -9.88604548   0.13139905   4.37232933
   7.4085362    5.92202597  -3.91093177 -12.88559148 -16.89008886
 -11.689867    -6.66486892 -11.98655358  -7.17324947   4.11399351
   1.61187967  -5.49970847 -10.3784038  -10.6939663   -8.72987454
 -10.45518544 -10.96145136  -8.50501159   0.66431043  10.49943135
  12.96518871  18.77186017  15.43579794   9.79848562   6.09739453
   3.28043742   1.98847998 -16.55190758 -13.34476187  -7.73665382
   0.99317226   1.77235989  -4.73716689  -2.98602483   0.41994327
   0.92787805  -7.28781868  -8.34551911  -7.58722508  -9.54528813
  -9.22188946  -3.83111642  -2.07653738  -3.70928446  -2.97882464
   3.81468317   0.70156029   2.96919524   5.98361438   9.670614
  20.53799106  15.97025968   5.60868595   3.36802714  15.22966624
  19.47510036  20.15431824  19.60156578  16.76398438   7.83889889
   0.55106322  -6.61381384  -5.11600884  -0.52001745  -4.16500262
   0.48595326   0.84419376   4.47400883   8.34272898   3.83239228
  -3.07227035   4.38982455  14.18370505  11.78802388   2.19481665
  -1.58583921  -4.26179158 -14.89399244  -6.65469715  -2.23255203
  -1.3933509   -5.83942855 -12.12249437  -7.68203123  -4.47913966
  -4.99597536  -8.92873268  -4.78783076   1.60586048  -1.45696555
  -4.83740239  -8.80956392 -14.09735911 -12.86547006  -6.94408755
  -4.00501652  -3.19556201   0.85695092   4.72336621   8.27033834
  14.18988217   9.98240389  -1.3092543   -3.58784891  -3.96746097
  -2.12482676  -1.23634771   5.58395682   0.20452767  -1.73623293
   0.30933733  -0.27457102   1.17997228  -2.02967636 -12.12709728
 -17.70429288 -12.75394492  -6.64168031  -7.54097854   0.53971471
   3.9949278    4.92087221   8.38834356   9.94404805   9.42968323
   9.35434407   2.78836148  -0.44373597   1.32689627   3.5595892
   6.14340719   7.0017174    0.54917459  -9.48392345 -11.20874458
  -9.49589541  -9.76667927  -7.69513777  -0.65673041  -1.48668176
 -11.77413847  -9.5217157   -9.47061557  -5.5065495    1.33471602
  10.64908174  10.95557588   4.20239884   6.10031404   6.4713506
  -0.58832817  -3.15117291  -1.72918316   4.05157584   5.72537618
   2.60354696  -3.62836088   2.13639411   5.28076277   1.2751863
  -8.11517674 -15.43704444 -21.14403874 -14.92503572  -7.15005058
  -6.61279456],[ -2.27164384e-01   7.61599944e-02  -2.08991153e-01  -6.94697217e+00
  -9.01805112e+00  -1.13048100e+01  -1.70043261e+01  -1.10364890e+01
  -9.47651952e+00  -7.89770398e+00  -7.87744938e+00  -4.21747705e+00
  -1.08075590e+00  -5.18938384e+00  -8.48410180e+00  -6.30593250e+00
  -7.53317623e+00  -6.46663216e+00  -1.04939173e+01  -1.42206511e+01
  -1.33674649e+01  -7.56042977e+00   4.64386757e-01   4.74830228e+00
   3.57796722e+00   4.61864676e+00   5.04730412e-01   3.64578628e-01
  -2.19817862e+00  -4.79069784e+00   3.06501850e-01   3.64708771e+00
   5.23023572e+00   3.57425669e+00   6.33213774e+00   1.30199393e+01
   4.44311075e+00  -1.10590188e+00  -6.44215382e+00  -6.59228277e+00
  -7.57672969e+00  -6.82387682e+00  -5.45039413e+00  -1.38295212e+01
  -1.73583906e+01  -1.78285229e+01  -2.19324323e+01  -2.25261522e+01
  -2.23846331e+01  -1.90537500e+01  -1.32319490e+01  -1.17267583e+01
  -1.55733407e+01  -1.13609251e+01  -1.15734425e+01  -1.39281755e+01
  -1.63111329e+01  -5.83146433e+00  -2.39778615e+00  -4.89113748e+00
  -3.66599669e+00  -4.66584504e+00  -7.60517027e+00  -6.65563397e+00
  -4.31006921e+00  -6.35654395e+00  -4.27447625e+00  -1.47522721e-02
   1.93040005e-01  -2.60750988e-01   7.09065530e-01  -1.05123839e+00
   1.00065073e+00   3.59919869e+00   5.60300596e+00   2.36147923e+00
   2.61006597e+00   3.00677429e+00   2.14491631e+00   5.57463011e+00
  -1.77506846e+00  -9.35320029e+00  -1.20329286e+01  -1.15427453e+01
  -1.12626281e+01  -4.81812614e+00   2.60718913e+00   2.61392012e+00
  -2.22891277e+00  -6.16781786e+00  -4.23941172e+00  -4.39756446e+00
  -7.83050996e+00  -1.14564681e+01  -1.16056958e+01  -1.16251482e+01
  -8.27825108e+00  -8.98824382e+00  -1.49933971e+01  -1.80190365e+01
  -2.10651188e+01  -2.02628859e+01  -2.74604014e+01  -2.37361848e+01
  -1.87404774e+01  -2.36921600e+01  -2.35054772e+01  -2.27392468e+01
  -1.94170933e+01  -1.76088083e+01  -2.20206385e+01  -2.08633346e+01
  -1.65417497e+01  -1.22998778e+01  -6.70543787e+00  -4.82320358e+00
   5.19286354e-01   5.42544998e+00   3.70850608e+00  -7.42769486e+00
  -9.53737407e+00  -8.83137206e+00  -1.33721016e+01  -1.34143132e+01
  -1.44335912e+01  -7.82633496e+00  -1.21455300e+01  -1.37719472e+01
  -5.77626538e+00  -1.15852916e+00   1.45645606e-01  -6.13563323e-01
  -3.51210059e+00  -9.79522738e+00  -1.36006962e+01  -1.12597007e+01
  -5.08520984e+00  -3.90262460e+00  -3.67546622e+00  -3.57255019e+00
  -4.74125533e+00  -9.60100433e+00  -8.69186180e+00  -4.71536657e-01
   2.52996792e+00   1.05053997e+00  -4.94735305e+00  -8.49805142e+00
  -1.10484061e+01  -9.73138265e+00  -1.55342244e+00   1.57659999e+00
   4.65453225e+00   3.33361544e+00   2.08414128e+00   1.23085752e+00
  -4.38138192e+00  -1.03395233e+01  -1.41745072e+01  -1.65615375e+01
  -1.87142204e+01  -2.06278493e+01  -1.58236041e+01  -1.23701210e+01
  -1.14175376e+01  -1.86651505e+01  -1.70424608e+01  -1.25473152e+01
  -1.17917050e+01  -8.87796968e+00  -2.69701199e+00  -1.43649891e+00
  -1.35392438e+01  -1.57857906e+01  -1.26766648e+01  -1.06520178e+01
  -1.51929022e+01  -1.92598435e+01  -1.01193754e+01  -8.01646061e+00
  -1.19355542e+01  -1.74566781e+01  -1.79583161e+01  -1.62208697e+01
  -1.66838475e+01  -1.38175922e+01  -1.55718344e+01  -1.60008951e+01
  -1.26460930e+01  -2.05329143e+00   3.64740638e-01   5.65766784e-01
  -8.26571885e-01  -7.54333270e+00  -2.02857483e+00   2.21551677e+00
  -5.96757314e+00  -1.22277320e+01  -1.01351886e+01  -4.42025937e+00
  -1.90057566e+00  -5.59755717e+00  -5.96992457e+00  -1.59215631e+01
  -1.47181728e+01  -1.17529692e+01  -1.13694797e+01  -1.16641657e+01
  -8.08255495e+00   4.27612188e+00   7.69209122e+00   2.51496411e+00
  -1.93520444e+00  -1.11162841e+01  -1.71325507e+01  -1.77181494e+01
  -2.01595515e+01  -2.21333124e+01  -2.13859839e+01  -1.57885280e+01
  -7.76335779e+00  -5.31513181e+00  -9.34098886e+00  -1.19134975e+01
  -1.14916149e+01  -1.04002752e+01  -7.87975994e+00  -5.31730822e+00
  -6.36685808e+00  -8.64375069e+00  -8.86424293e+00  -1.11884838e+01
  -1.45313575e+01  -8.08427503e+00  -6.10274372e+00  -1.79805113e+01
  -1.50256169e+01  -9.38877230e+00  -6.92963876e+00  -8.84332743e+00
  -4.70424130e+00  -1.19678758e+01  -1.14225528e+01  -5.88771332e+00
  -4.34392243e+00  -1.77328929e+00   8.50237405e-01   2.17754045e+00
   5.71335416e+00   5.67097162e+00   3.60360687e+00   8.66344072e+00
   1.28092306e+01   1.28369055e+01   1.56299527e+00  -7.46899650e+00
  -8.13797561e+00  -7.30263032e+00  -8.10904808e+00  -9.44270281e+00
  -9.63334885e+00],[ -8.66001369e-01  -2.00746348e+00  -4.47562527e+00  -5.53970741e+00
  -7.47595439e+00  -9.58677341e+00  -1.64647437e+01  -9.75459860e+00
  -6.49871037e+00  -6.70778412e+00  -7.73914396e+00  -3.08139089e+00
   3.92761618e-01  -2.56799224e+00  -7.89307576e+00  -1.04553445e+01
  -9.01913992e+00  -5.79074355e+00  -5.69665978e+00  -7.79229066e+00
  -4.00158015e+00  -1.70454157e+00   1.68523535e+00   2.76165085e+00
   5.86158490e+00   8.34796108e+00   3.41616313e+00   1.44871664e+00
  -3.98085761e+00  -4.43932187e+00  -3.29498446e+00  -3.92734284e+00
  -3.72901271e+00  -2.35266011e+00  -4.28723575e+00  -3.40226145e+00
  -8.18855686e+00  -1.44720914e+01  -1.59075632e+01  -1.02013889e+01
  -9.20793235e+00  -1.22246419e+01  -1.07152862e+01  -1.36285072e+01
  -1.46899931e+01  -9.21716792e+00  -1.55696767e+01  -1.23902391e+01
  -4.65376891e+00  -5.08978898e+00  -2.46806526e+00  -7.34737257e+00
  -1.04155519e+01  -8.12110677e+00  -9.68766248e+00  -8.95523927e+00
  -1.20536433e+01  -9.78093621e+00  -6.68890425e+00   1.34684396e-02
  -1.99792925e+00  -8.47872048e+00  -1.29084622e+01  -1.54706960e+01
  -1.60691780e+01  -1.74466991e+01  -1.39854931e+01  -9.73276311e+00
  -4.22319472e+00  -2.56585669e+00  -4.65663766e+00  -6.38878791e+00
  -7.02419074e+00  -4.77205595e+00  -2.79741541e-01  -2.94777142e+00
  -4.74358480e+00  -3.69851282e+00  -4.06249201e+00  -5.09790632e+00
  -1.03412781e+01  -1.26863354e+01  -1.13483294e+01  -1.04880862e+01
  -1.02612712e+01  -5.06743796e+00  -5.82700536e+00  -8.00132281e+00
  -1.05567233e+01  -1.39013484e+01  -1.48989965e+01  -1.82983789e+01
  -2.35600387e+01  -2.83173256e+01  -2.91620744e+01  -2.11298769e+01
  -1.82955808e+01  -1.75556811e+01  -9.10051835e+00  -2.65691370e+00
  -2.20166536e+00  -3.11116543e+00  -8.02274805e+00  -6.96490068e+00
  -7.12427584e+00  -1.19162307e+01  -1.31123509e+01  -1.52163138e+01
  -1.45293955e+01  -1.75737102e+01  -2.27876730e+01  -2.35145110e+01
  -2.17344747e+01  -2.46765720e+01  -2.70123271e+01  -2.34978970e+01
  -2.68744993e+01  -2.46609466e+01  -2.48326283e+01  -2.74130855e+01
  -2.91871983e+01  -2.59052339e+01  -1.87200786e+01  -1.71725371e+01
  -1.66596946e+01  -9.36473120e+00  -4.59281478e+00   2.21814338e-01
   6.15347947e+00   6.78354763e+00   3.24609470e+00  -1.88517049e+00
  -1.14060222e+01  -1.64596841e+01  -1.79788321e+01  -2.11661931e+01
  -2.15384040e+01  -1.92852570e+01  -1.95058183e+01  -2.55858058e+01
  -2.61425199e+01  -2.14721850e+01  -1.64674550e+01  -1.58448573e+01
  -2.14353590e+01  -2.98764205e+01  -3.75000037e+01  -3.05390843e+01
  -2.63527586e+01  -3.47058361e+01  -2.70605765e+01  -2.50181189e+01
  -2.30583362e+01  -1.93548025e+01  -1.77668850e+01  -1.23071068e+01
  -7.04642454e+00  -1.39863055e+00  -3.39751967e+00  -8.10036586e+00
  -8.84407142e+00  -5.62678007e+00  -3.56629028e+00   1.28749374e+00
   6.77390308e+00   1.10538387e+01   1.14323446e+01   1.36101412e+01
   1.33639584e+01   1.69207089e+01   1.59514150e+01   7.72666235e+00
  -6.10045531e+00  -1.42037440e+01  -1.73696443e+01  -1.18354152e+01
  -1.08539513e+01  -8.35687774e+00  -4.46291755e+00  -5.97447687e+00
  -7.91776903e+00  -1.19625807e+01  -1.56018474e+01  -1.14250127e+01
  -8.05134742e+00  -5.07956330e+00  -3.32513466e+00  -1.13688232e-01
  -5.77829706e-01  -1.08841592e+00  -1.88157109e+00  -1.26912160e+00
  -6.98582906e+00  -1.45360776e+01  -1.37530258e+01  -2.06520599e+01
  -2.54990525e+01  -2.74670991e+01  -2.96754697e+01  -3.50305110e+01
  -2.72788883e+01  -1.66687585e+01  -7.93704684e+00  -4.37794405e+00
  -9.36526221e+00  -9.51776246e+00  -9.86226946e+00  -9.61742490e+00
  -1.11302280e+01  -1.41638539e+00   2.15892498e+00  -1.84344256e+00
  -8.68703987e+00  -1.18194299e+01  -1.37214580e+01  -2.05942589e+01
  -2.74994899e+01  -3.29796621e+01  -3.00729266e+01  -2.61616513e+01
  -2.15837985e+01  -9.62899864e+00  -3.93044789e+00  -4.16293649e+00
  -1.03001345e+01  -1.48397652e+01  -7.30809712e+00   2.85684450e-01
  -1.61787014e+00  -5.82431656e+00  -9.15123840e+00  -8.02545305e+00
  -1.06524015e+01  -1.08281392e+01  -1.04961015e+01  -1.64247461e+01
  -1.46929145e+01  -8.47515510e+00  -2.54985721e+00  -3.61663234e+00
   3.37173648e-01  -1.33221450e+00  -4.66744628e+00  -1.07345825e+01
  -1.71374996e+01  -1.15798659e+01  -7.02039426e+00  -5.49883257e+00
  -5.00451534e+00  -6.74406606e+00  -3.58642446e+00   4.05987473e+00
   3.22592717e-01  -5.40118054e+00  -1.48436114e+01  -1.76620438e+01
  -1.33256044e+01  -6.06270829e+00  -6.79078319e+00  -7.34447170e+00
  -2.95020627e+00],[ -5.02687843e-01  -4.04620442e+00  -5.88021526e+00  -1.26245204e+00
  -1.47117175e+00  -1.26007474e+00  -4.61795521e+00  -2.33706344e+00
   6.08610331e-01   1.26869382e+00  -1.94825473e+00   1.07238010e+00
   6.19818433e+00   7.05880510e+00   1.99261470e+00  -1.61929969e+00
   3.16600546e+00   7.90211584e-01  -1.87089054e+00   2.50799754e+00
   1.63356207e-01  -1.93897139e+00  -3.01323855e+00  -4.73118028e+00
  -6.01166035e+00  -1.02411935e+01  -1.50711121e+01  -1.34351546e+01
  -1.70702895e+01  -1.98164981e+01  -1.86071021e+01  -1.73544251e+01
  -1.63812566e+01  -1.81727326e+01  -1.70465031e+01  -1.35982101e+01
  -8.63107137e+00   2.18409396e-02   2.54923146e+00  -8.56753328e-01
  -7.65720059e+00  -1.12649041e+01  -5.78534293e+00   2.02785314e+00
   4.66772868e+00   3.10357360e+00  -1.41697894e+00   4.32489477e+00
   5.71510695e+00   1.71998168e+00  -4.88839895e+00  -1.57104014e+01
  -1.33248199e+01  -1.02828795e+01  -1.01156191e+01  -4.44202771e+00
  -4.85959357e+00  -4.09889261e+00  -1.62932856e+00   6.73251518e+00
   7.14547422e+00   2.42465324e-01  -2.05474287e+00  -6.68689056e+00
  -9.69636327e+00  -1.58045194e+01  -1.84105270e+01  -2.17625329e+01
  -1.61824249e+01  -4.93268154e+00  -4.79328666e+00  -1.26963562e+01
  -1.23112330e+01  -9.42832897e+00  -1.30448483e+01  -2.31824852e+01
  -2.92202204e+01  -2.59533437e+01  -2.60971679e+01  -2.90983243e+01
  -2.46227266e+01  -1.80618823e+01  -1.76992193e+01  -1.53540842e+01
  -1.47433002e+01  -8.49813375e+00  -8.32657284e+00  -7.73295201e+00
  -5.07942079e+00  -5.52635052e+00  -8.37379313e+00  -9.35680191e+00
  -1.75415325e-01   4.37641646e+00   3.52458577e+00   5.39875568e+00
   1.98432714e+00  -2.67094745e+00  -1.50536880e+00  -6.53733873e-01
  -2.15771963e+00  -5.96911188e+00  -6.59540176e+00  -4.59702195e+00
  -5.45310737e+00  -5.30877688e+00  -2.43189951e+00  -8.63616344e+00
  -5.37856247e+00  -1.54457084e+00   1.31616341e+00   4.64550225e+00
   8.44074347e+00   6.39239535e+00  -8.03021390e-01  -4.32909458e+00
  -6.58955006e+00  -5.17335084e+00  -6.83459815e+00  -6.16547879e-02
   2.70596453e+00   5.15663912e+00   8.58938270e+00   6.47935668e+00
   2.98535685e+00  -4.96560719e+00  -6.97497020e+00  -7.98230615e+00
  -8.45487312e+00  -2.25909421e+00  -3.02696701e-01   4.21666845e-01
   1.05812675e+00  -3.72129707e+00  -1.22489042e+01  -2.15471230e+01
  -2.61943135e+01  -2.08185612e+01  -1.99416686e+01  -2.22457400e+01
  -1.00314386e+01  -2.06990196e-01   2.39288596e+00  -6.03021788e+00
  -1.24546127e+01  -1.00517436e+01  -9.54022005e+00  -4.57364570e+00
  -9.67539504e-01  -5.20857332e+00  -4.02445811e+00  -9.33093045e+00
  -1.04041227e+01  -9.29314395e+00  -1.08618973e+01  -1.13208643e+01
  -6.35919099e+00   1.20461679e+00   6.43164599e+00   1.12490490e+01
   1.25954312e+01   9.64374230e+00   3.43100292e+00   3.93158329e+00
   7.28818319e+00   9.92644397e+00   8.61310643e+00   4.70631113e+00
   7.16011445e+00   1.18160593e+01   3.98201332e+00  -9.12511280e+00
  -9.05659446e+00  -9.90548679e+00  -1.02778625e+01  -8.95879463e-01
   5.99407237e+00   5.69933732e+00   1.52241712e+00   1.12217372e+00
   1.19928914e+00  -1.40758499e+00   2.45703709e+00   4.77711476e+00
   6.29525366e+00   9.35848553e+00   9.41052473e+00   9.01308182e+00
   3.48858628e+00   4.23014602e+00   9.29222817e+00   9.37402204e+00
   3.14759480e+00   3.78160380e+00  -9.25381007e-01  -1.03604015e+01
  -1.48640281e+01  -1.38670124e+01  -1.65763370e+01  -1.82581803e+01
  -9.78796556e+00  -2.26361308e+00   3.41365554e+00   1.89305873e+00
  -7.03072594e+00  -9.01552682e+00  -8.25556022e+00  -4.44996965e+00
  -3.78071351e+00  -1.62773785e+00   2.10722903e+00  -1.14301458e+00
  -8.26361346e+00  -5.90981384e+00  -6.12032566e+00  -6.68580785e+00
  -7.94521027e+00  -1.68503769e+01  -1.62781478e+01  -1.39392926e+01
  -1.35829106e+01  -6.05147545e+00  -1.00314982e+00  -1.16828193e+00
  -1.11133151e+01  -1.61346785e+01  -8.77330028e+00  -2.28572719e+00
  -2.19495823e+00  -5.11556761e+00  -9.01740793e+00  -8.13144872e-01
   3.68397597e+00   1.70110263e-01  -2.56062499e+00  -5.49283056e+00
  -5.39957922e+00  -2.39496085e+00   4.22658453e+00   3.41810063e+00
   9.88523795e+00   7.66109098e+00   6.52032393e-01  -6.23992527e+00
  -7.26604867e+00   2.52508425e+00   5.79139664e+00   5.60537901e+00
   3.35329192e+00   2.46824108e+00  -3.10575623e+00  -1.29783332e+01
  -2.55237107e+01  -2.79539896e+01  -2.51007955e+01  -1.93659486e+01
  -1.54412885e+01  -4.30543158e+00  -1.22882972e+00   1.81993197e+00
   7.45367052e+00],[  4.77244793e-01  -3.32964533e+00  -6.63482748e+00  -4.51166904e+00
  -5.45780793e+00  -1.77665491e+00   1.20739803e+00   2.18231458e+00
   2.25475548e+00   3.06705763e+00   1.35650586e+00  -1.79345588e+00
   5.89698221e+00   4.25590331e+00   3.59540801e-01  -1.47092630e-01
   4.89434482e+00   4.15485214e+00   4.21085247e-01   2.84572881e+00
   6.11988301e+00   7.51000368e+00   8.99765082e+00   8.32025654e+00
   5.71196970e+00   2.86964913e+00  -4.94866749e+00  -6.07770741e+00
  -1.77217966e+00  -4.50907004e+00  -3.85225268e+00  -2.12870562e+00
  -1.36268998e-02  -3.49810770e+00  -3.55128106e+00  -2.70955829e+00
  -1.37747520e+00   4.98347910e+00   7.20551746e+00  -1.47839945e+00
  -5.63543156e+00  -1.83396160e+00   2.38892241e+00  -7.33794993e-01
  -2.20591105e+00  -4.23579951e+00  -4.30067488e+00   2.89539921e+00
   5.69724196e+00   5.18074325e+00   2.56788970e+00  -3.29543738e+00
  -3.57199321e+00  -2.35959951e+00  -2.03892332e+00  -1.16945202e+00
  -1.80176916e+00  -3.43402329e+00  -5.36130832e+00  -5.77619301e+00
  -1.19204207e+00  -2.29242486e+00   2.44688437e+00  -4.52426210e+00
  -8.66867292e+00  -8.84889802e+00  -6.90843208e+00  -6.84652187e+00
   1.45254434e+00   2.70932994e+00  -2.45786762e-02  -3.32893139e+00
   5.21599968e-01  -2.28754489e+00  -8.38772695e+00  -1.46152836e+01
  -1.32031595e+01  -9.77941906e+00  -6.72764686e+00  -6.49015056e+00
  -3.17108415e+00   1.48148972e+00  -6.86006085e-01   2.18113990e+00
   4.65293906e-01  -9.69453802e+00  -1.64549143e+01  -2.00906492e+01
  -1.46935301e+01  -4.02339681e+00  -2.59226612e+00  -6.95718432e+00
  -3.06783154e-01  -4.89253888e+00  -8.28904712e+00  -7.39231947e+00
  -1.11312372e+01  -1.38170602e+01  -1.58871238e+01  -1.27200566e+01
  -1.10111801e+01  -1.33653888e+01  -1.52373359e+01  -1.13099946e+01
  -1.40179404e+01  -1.12720533e+01  -4.62344941e+00  -7.33996281e+00
  -5.94418104e+00   1.35808710e+00   1.77128533e+00   2.18817593e+00
   5.38478941e+00   1.35388569e+00  -1.88017871e+00  -3.02333002e+00
  -3.30504407e+00  -3.67196920e+00  -7.91115860e+00  -4.52020169e+00
   2.69281378e+00   6.53871761e+00   8.71922966e+00   7.13310145e+00
   2.58367139e+00  -2.17630395e+00  -4.49250873e+00  -5.97380787e+00
  -1.37448587e+01  -1.02598600e+01  -8.35385818e+00  -5.93767925e+00
   4.80618515e-01  -5.04204560e+00  -9.99883458e-01   2.13479561e+00
   2.31529704e+00   4.46180754e-02  -5.02134836e+00  -6.17217210e+00
  -9.42487898e-01   4.54477657e+00   3.35875901e+00  -3.55914087e+00
  -3.74169912e+00   5.13518763e+00   4.80019330e+00   7.74777716e-02
   1.67193393e+00   6.69975129e+00   6.51030351e+00   3.48967659e+00
  -2.36841737e+00  -6.98578299e+00  -2.73887011e+00   2.95680016e+00
   7.82085109e+00   5.65316052e+00   4.23247636e+00   8.71049978e+00
   6.18832629e+00  -1.54669636e+00  -3.82479678e+00   1.81584939e-01
   1.17038997e+00  -2.93280009e+00  -4.37372067e+00  -9.91603940e+00
  -6.08785007e-01   6.68815298e+00   2.29640224e+00  -6.18179480e+00
  -6.03983362e-01  -4.95506698e-01   1.48412159e+00   3.98501314e+00
   4.49790734e+00   4.34665441e+00   5.71551573e-01   9.35384883e-01
  -6.38540103e-01  -2.59587392e+00   1.41552972e+00  -3.11393333e+00
  -4.74699011e+00  -2.07517370e+00   4.31168562e-01   4.61836336e+00
  -3.33443668e-01  -4.30719995e+00  -7.74716479e-01  -6.59650621e+00
  -1.34995466e+01  -6.95672318e+00  -1.16363703e+01  -1.07859023e+01
  -8.40864040e+00  -1.15292954e+00   5.20911639e+00   7.11842675e+00
   4.78150951e+00  -1.73407652e+00  -5.98132779e+00  -1.27106395e+01
  -1.33924888e+01  -7.37618878e+00  -8.91808869e+00  -3.95922476e+00
  -7.77156510e-01   8.24862794e-01   3.79104127e+00   1.72383858e+00
  -2.93223423e+00  -3.21568327e+00  -2.71882709e+00   1.79581608e+00
   3.83239095e+00   3.97877152e+00   6.48186060e+00   9.37495064e+00
   1.08897840e+01   1.34122903e+01   1.33593701e+01   1.40522638e+01
   1.38047880e+01   9.56482164e+00  -2.33780322e-01  -5.63595733e+00
   2.18768159e+00   6.59726504e+00   4.78597033e+00   8.71875400e+00
   1.16443766e+01   7.77185623e+00   5.80489807e+00   4.18015792e+00
   1.56795931e+00   1.41897226e+00   4.52529485e+00  -1.86354071e+00
  -2.36600696e+00  -9.05559621e+00  -9.24286622e+00  -6.62561298e+00
  -1.81508822e+00   4.02030368e+00   2.82765802e+00   6.43533107e-01
  -2.27373595e-01   3.27675647e-01  -4.76696966e+00  -1.33073858e+01
  -1.62350168e+01  -1.53717009e+01  -1.12847217e+01  -4.58143533e+00
   1.96424479e-01  -2.85984874e-01  -2.13602835e+00  -4.41025205e+00
  -1.15010018e+00],[  0.9102602    1.55364281   1.02901887  -0.35035098  -1.22519962
  -3.30752693  -0.74348614   0.42261895  -1.34397064  -3.05879865
  -9.48272948 -11.25268555  -8.37019777  -6.23990302  -5.58010274
  -2.56090259  -0.05611729   2.77784246   0.27927311  -4.49095511
  -4.86310198  -3.56020088  -1.68244833  -1.24692582   2.34937313
  -0.29395186  -6.3238903   -8.61812961  -7.12744709  -2.56574981
  -5.26793655  -3.88051004  -2.80128613  -5.12278072 -12.07843758
 -16.83154483 -17.30274252 -17.10967939 -14.7652475  -17.03466975
 -12.29240906  -7.33131302  -6.64441256 -11.14012083 -13.44139979
 -18.81656877 -20.77166532 -16.22268601 -12.65718352  -7.46118496
  -5.94740018  -4.3113068   -1.16361312   2.62842563   3.42707986
   0.12162964  -3.21774054 -14.69428694 -11.69657755 -11.59565594
  -9.55443877  -8.79732812  -1.81145022  -5.40290709  -9.75994762
 -12.2316923  -11.14577774  -8.2714019   -6.12982926  -5.56089627
  -6.47805534  -6.7365555   -3.5893525   -3.22428205  -2.38952313
  -2.1542121   -3.46748898  -4.99590693  -5.92220955  -1.16982241
  -3.30715644  -3.65961624  -3.75723179  -7.70612251 -13.3003076
 -15.63473401 -12.93990663  -6.33156775   2.68244806   6.11734388
   1.0231042   -7.60995726  -5.7298163    0.88652041   6.90128422
   4.92377849  -8.65683951 -12.89049351  -7.79837283  -6.26373624
  -8.59149932  -8.64162075  -9.55409137  -2.37295939  -4.90236739
  -1.98381867  -4.83719056  -7.1857003  -11.87884234 -12.1594968
 -11.60438938 -12.6383729   -9.14430639 -10.17096688  -8.85537439
  -3.81573649  -3.55844475 -11.91878448 -14.88907816 -11.69648296
 -13.5967946  -13.71152768 -10.92105158  -8.8149863  -11.73397719
  -7.15726759  -7.67805752  -2.07265998  -4.89697014  -2.02612772
  -3.72667042  -3.40996682   2.22836243  -9.29750298 -13.13714811
 -14.80220103 -13.67827524 -14.99528728 -12.80644443 -10.09617217
 -12.97553412 -15.15418608 -18.49120726 -20.31373467 -16.89034045
 -11.16039603  -4.69257639  -8.16170966  -3.88927216   1.94861997
   2.42450059   6.87239272   3.42795183  -1.69525248  -5.01664945
  -3.73998958  -7.36146325 -11.30729417  -7.97395884  -9.49631205
  -8.8472283   -7.94476823  -8.78780691  -8.77606071  -5.15858586
  -3.45845161  -6.10877741  -9.11801106   4.48824126   9.38019579
   6.35118166   7.31688056   8.82057917   5.501897     1.01538008
  -7.3270486   -9.86987319  -6.42060964  -4.38785384  -0.67303604
   0.27770359  -7.22105544 -14.33168355 -17.90983756 -17.99051615
 -15.97972184 -13.14943998  -8.91622569  -3.30017592  -5.01234689
  -5.19444492  -9.05619562 -10.55940836  -2.65980399  -7.90039667
  -9.52280441  -6.09584471   0.08324998   0.69319671  -2.27348634
 -13.04127679 -17.73135747 -11.9203242   -9.92697842  -5.6936213
  -6.83379528 -12.58071992  -8.81978912  -9.37671689 -12.95933698
 -11.82198917  -6.38901691  -4.34796147  -7.70057212  -7.07752618
  -6.13733322  -7.00148283  -5.18008568  -1.98417567   2.73590951
   1.19095464  -3.64141486  -1.73363394   0.77461597   5.60673823
   5.60259302  -2.35052496  -7.98594863  -3.67041759  -2.71433093
  -5.96268102  -4.18845052  -0.96273732  -2.5716977   -0.65812094
   1.78134114  -0.64377625   1.35275213   0.13439591  -5.35542759
  -0.97785779  -5.92527439  -6.59989096  -4.12848608  -3.19744003
  -2.84456415  -6.39597644 -10.41507545  -9.66845131  -6.41178848
  -3.58615041 -10.05780771  -5.64608271  -2.95032917  -3.05894992
  -3.13092717   0.02502915  -0.64501507   3.36870748   2.6152582
   5.81571116]