[-742.60394319 -716.50651033 -682.92865651 -479.56424977 -408.28372919
 -421.38347152 -449.39525137 -427.11445476 -397.94083908 -373.19006259
 -350.33469774 -338.77612088 -334.98722441 -334.57754402 -330.93111894
 -337.30570132 -347.62384882 -348.99052674 -354.68257497 -362.85058024
 -370.31734433 -368.0511822  -365.30257356 -367.15248179 -372.75331888
 -375.25785452 -383.56184612 -387.75588609 -380.00805802 -377.39935143
 -385.9117725  -387.45764024 -384.98341775 -399.26386444 -429.51522929
 -448.94410064 -444.5487719  -453.07409932 -468.26276229 -447.08811801
 -435.27137523 -434.73794695 -434.66064196 -442.86162099 -437.40972499
 -427.03236002 -423.4071978  -416.74703612 -423.44027933 -420.1784944
 -418.4122673  -423.78467145 -423.67023706 -416.47423946 -417.55918187
 -420.7336046  -427.48751443 -417.20906835 -402.42945437 -407.12475663
 -423.28010808 -429.94399088 -428.73674757 -429.58739624 -436.49192229
 -443.77856906 -451.1548603  -456.02400506 -450.35114183 -433.69787392
 -426.49072321 -424.03223951 -421.05016574 -424.60328158 -432.81875896
 -440.70816679 -457.41032548 -476.78516467 -496.83460713 -502.4084134
 -490.38947104 -481.70309918 -474.83404969 -459.65074315 -435.84388557
 -422.70574652 -419.72635162 -429.28227598 -442.13005777 -463.42929135
 -481.0036317  -487.28966239 -487.39378554 -495.88781817 -481.79533111
 -475.7681196  -475.37713626 -479.30398193 -491.1545796  -501.28583404
 -492.20739474 -475.47558248 -460.96994671 -454.79454591 -466.39064796
 -473.04605807 -489.16687545 -510.50893532 -522.15876244 -529.48928081
 -538.37555698 -539.16478262 -525.10205622 -491.76401831 -477.06120482
 -463.59950381 -454.80039191 -451.28073599 -454.5824532  -457.08359666
 -456.99389743 -458.83477463 -463.00559831 -468.55454238 -470.3093619
 -476.89072775 -493.523175   -503.00635149 -480.8790392  -465.18729344
 -444.2294112  -408.96179064 -391.59725877 -393.52593486 -395.86984326
 -420.21113721 -446.75510312 -456.85759606 -442.40531661 -416.43332671
 -385.96237067 -371.78564409 -371.9993621  -379.9145429  -387.44678663
 -405.66410847 -440.30223209 -441.40548893 -404.67410493 -370.89923414
 -367.10122131 -379.21258608 -375.33711847 -369.30298667 -368.20658451
 -370.69336365 -377.71972189 -378.52458481 -385.48861577 -402.27109273
 -429.95638296 -453.41631015 -462.26566793 -460.58875688 -459.57945994
 -445.27417836 -437.45798125 -432.42183385 -433.34772602 -442.61357408
 -462.396639   -474.76058393 -480.30546807 -487.30435292 -501.59456619
 -516.92167213 -529.17652057 -527.65792883 -465.87850355 -425.02230665
 -405.78480025 -399.97322037 -395.93575645 -389.4589428  -386.89382154
 -384.68676711 -384.42618581 -389.20937148 -401.37895015 -419.99627733
 -449.35603164 -482.03305871 -498.72302283 -505.95221918 -513.77425278
 -506.83613412 -494.61740027 -479.44717932 -475.68764558 -467.9534811
 -458.58551987 -450.50945252 -452.779216   -459.31567423 -468.75034847
 -476.0788333  -481.03568951 -473.40177034 -461.89966092 -469.8038403
 -474.27790276 -476.34202324 -467.83288981 -460.72909889 -461.73227968
 -457.44657442 -455.72181715 -455.15203528 -452.84929064 -453.98977219
 -464.7740814  -480.37711793 -496.66424508 -512.21149903 -490.6168013
 -456.9018443  -407.56110507 -357.37674262 -344.54386183 -349.49190308
 -356.69206834 -377.23365284 -394.7952137  -404.55144023 -407.43716643
 -389.24662074 -369.25139495 -350.31805014 -341.79328748 -346.12985938
 -352.63533596 -343.538174   -328.14462588 -325.02286615 -330.039186
 -347.16734579 -380.888404   -404.04416824 -411.13622611 -399.24183552
 -386.7124163  -381.91170562 -388.35241123 -405.51830573 -424.53535617
 -433.85548378 -420.08736358 -400.69434679 -386.84651315 -365.06319319
 -357.37919371],[   3.04493152    7.39465998   11.39332467  146.39015     174.3794212
  175.48154896  160.21142689  170.82163478  186.14923976  190.15833827
  193.93645148  192.67074742  189.65808452  179.49041464  174.08192871
  173.0505531   167.23295491  163.42567049  163.52549404  164.44635657
  159.86919981  156.89914181  159.4893827   165.7681957   162.98490789
  164.87558659  162.91835355  156.91060686  135.11852121  107.81049344
   86.08419231   82.11409119   88.24483887   92.54699615  108.43579794
  116.78386564  121.28582492  115.41918824  111.41044276  153.73951851
  173.27577632  167.76544332  165.94490891  156.96477778  153.57611495
  151.42122798  138.47476604  128.10306795  107.49156942   93.38858637
   79.86691711   71.23921378   73.39826555   77.35684765   77.44623844
   84.36881692  100.93977221  147.49638588  188.52152055  199.62268586
  196.82530248  191.11273451  191.22479678  194.69472866  191.62251934
  184.84792006  177.67250186  175.85097362  179.7838548   193.59012108
  195.70432975  194.40895961  192.34182242  189.36546149  187.41402761
  188.97359035  184.5615238   181.14674376  173.76670608  161.21616843
  154.23600684  148.5278007   156.38865583  176.36728903  189.99924345
  189.41434874  191.81199015  192.50920589  195.71483667  186.49059797
  172.16306348  164.35885375  159.37626987  146.46042074  159.63744967
  170.91567104  170.36502105  165.76328452  162.76756727  154.42001211
  158.02817784  167.31806273  171.73136746  170.32366967  162.53983653
  162.39613005  156.22798587  147.36745275  142.77828534  138.98584847
  131.51189944  132.1273544   132.34175756  141.30033958  135.22753641
  132.78984543  135.72582068  133.55677098  125.9761946   128.09296714
  132.0797302   138.68416671  142.62253855  143.05122298  151.89290794
  155.24699783  146.55426923  138.78258955  170.72722546  194.08425693
  211.32097019  226.96778398  234.76544547  234.50072233  233.37365134
  221.26708189  198.85676651  192.10257605  201.03950816  206.89292606
  210.34022398  205.4448039   193.38968736  183.45562924  177.96974284
  163.52127774  149.80559832  122.2811848   102.981542     89.17716988
   83.26042317   89.44198943  121.9146254   153.67010575  159.0769969
  159.9912618   159.365661    168.06008733  168.44306038  164.16664972
  159.71483379  140.94626907  128.92194663  131.07026529  133.77558718
  146.8395493   150.50638355  155.20120595  159.00936898  161.04148058
  160.9666995   164.66133776  168.35557034  167.98474087  166.79929963
  167.51999885  165.7842949   161.34320708  175.62464148  191.65903196
  190.49723239  176.80269007  173.17453032  173.11602523  175.38934401
  182.75300557  185.12292346  187.10195195  190.42060503  184.59327172
  175.29044281  162.64239785  155.85498798  148.55988612  136.99639772
  118.19872876   96.80341792   84.85389071   74.20296796   67.21599715
   65.31438093   72.31973245   72.3672129    72.53101827   83.79253191
  100.92670411  124.2613344   138.45479765  152.65625495  147.24265799
  138.257924    129.27051429  125.63668133  125.48894778  120.33084784
  123.40310436  126.29054761  126.84409185  131.04514569  140.83675603
  146.97274792  141.96509665  130.07973644  115.67142946  116.51906744
  126.15860997  155.0594003   176.29912317  172.57683872  165.31367323
  177.21957521  189.06990762  188.96736953  180.31372725  177.49730366
  189.72285196  195.29852247  199.23118984  200.97582453  179.80013872
  144.24863998  119.47665585  110.23617227  105.49427233  105.02335852
  105.6048006   112.24723201  121.92908722  130.22578356  156.39497192
  174.13300973  186.45500878  194.70458557  186.27087046  174.36131326
  173.86952976  190.67895936  196.05069659  195.79918862  213.31957842
  199.65652924],[   0.93080162   -7.74112061  -18.72027524  -20.49433415  -32.36459721
  -24.04555002  -19.8964457   -26.90708108  -41.68768104  -54.39495689
  -64.76846174  -74.26137438  -75.50388386  -76.40061205  -81.60980398
  -81.36267248  -86.30880349  -87.467716    -83.00343026  -76.52871197
  -76.11429286  -80.41337098  -85.56826821  -82.84220352  -80.08161608
  -71.90194408  -68.49842677  -61.68990989  -71.36913784  -90.66956346
 -105.42203106 -110.30484991 -112.51101168 -106.15707174  -74.20736355
  -63.43569333  -65.18927878  -59.34718367  -54.49217929  -35.90499306
  -35.35955196  -48.359097    -48.29159134  -44.00475396  -45.7923768
  -46.89498812  -51.09264242  -52.73271711  -55.39031337  -68.06305155
  -80.26447467  -85.25998431  -85.95198387  -86.60856527  -94.60261738
  -94.2380972   -84.01168839  -59.74269892  -44.85001927  -42.84578433
  -35.71326139  -34.31002974  -35.93850084  -33.43813803  -34.23941947
  -35.63344149  -39.36199527  -37.25826547  -36.29762567  -35.67006803
  -44.34090936  -54.12201138  -58.07267666  -59.58649181  -57.24605571
  -50.9059005   -41.70593345  -22.33536672   -9.65883844  -12.65839676
  -23.09237219  -36.28174715  -34.62040455  -26.85993671  -36.91387206
  -44.16784224  -39.93458378  -33.30681687  -19.5581027   -12.99387207
  -13.26831851  -14.26544767  -20.25759187  -25.31039606  -23.15149449
  -14.40246088  -16.81052903  -20.46637799  -12.35051285  -14.19176226
  -24.0864982   -32.65237767  -38.93095384  -43.88638539  -37.82414212
  -32.98663219  -28.84503397  -18.80626122   -7.52799969   -3.42204331
   -9.54576723   -6.71222228  -13.43852551  -30.11120629  -44.99037339
  -56.92347221  -60.7352377   -69.25007104  -72.12322708  -69.55084801
  -69.66280426  -60.38170423  -58.34065568  -58.61384038  -54.56210381
  -46.30374303  -37.04780679  -36.13528937  -22.80607882   -7.7965422
   -2.3200959   -11.47589931  -16.26175717  -13.18430631   -6.37780945
    6.55659685    7.19542044    5.61163853   11.46716099    1.98805858
  -20.4920106   -46.51318485  -68.6637282   -78.36315221  -75.54090366
  -54.51740741  -24.00476484  -24.0107141   -47.04577992  -74.49613783
  -79.49971569  -73.32738494  -71.52237965  -72.53344668  -79.26428997
  -80.70660197  -79.78446509  -78.24961235  -81.88427903  -77.60385361
  -56.3858792   -48.89978946  -52.17765459  -45.54075395  -39.31191412
  -43.08117225  -51.31367788  -50.14950792  -42.14021742  -34.16424953
  -27.12023214  -18.56586251   -4.28947152   -2.18452396    4.15976143
   18.93244866   25.08273201   16.01120486  -22.47635254  -34.92244862
  -41.26697778  -49.16940072  -53.25680412  -56.57382023  -60.36434258
  -58.75339968  -57.29526075  -57.90003266  -52.4140476   -42.13545058
  -27.67077661  -14.79031426  -12.47029913   -4.29107234    0.40436146
   -2.38275529  -12.55932092  -22.12736402  -25.65788825  -34.9518722
  -46.02371431  -44.89222443  -46.88815798  -58.78215833  -59.84831688
  -48.29094876  -26.9699975   -24.70838545  -24.12375838  -28.42834774
  -44.68726999  -61.92507343  -71.70367034  -69.07153612  -68.2538561
  -72.11728503  -67.78355493  -67.02458529  -62.88825864  -53.52507546
  -47.94658394  -35.97066845  -29.69954949  -24.82422767  -38.36976381
  -44.91929445  -42.79278567  -58.22448253  -75.01708135  -76.4035614
  -61.84075768  -45.59730647  -37.34196941  -37.84805179  -38.2453721
  -33.8040636   -39.92159861  -52.52449646  -55.57152924  -57.1446668
  -68.16056936  -89.07783452 -104.62158427 -113.03467162 -121.72192087
 -119.25003993  -97.66736823  -71.7492758   -59.55038756  -47.26728435
  -50.78696097  -44.66562646  -29.77194385  -26.74672394  -27.27319841
  -27.54732299  -24.71704321  -40.60919037  -62.01837689  -53.35467996
  -35.8317992 ],[  9.58460190e-01   8.48795670e+00   1.63203988e+01   2.00593452e+01
   3.28472740e+01   2.96109725e+01   3.35750647e+01   3.40523938e+01
   1.58075740e+01   1.05845846e+01   9.97679089e+00   8.87926014e+00
   1.61274833e+01   2.50888721e+01   3.23630567e+01   3.41493493e+01
   3.71488195e+01   4.27665175e+01   4.56675101e+01   4.72767933e+01
   4.68667249e+01   4.94253971e+01   4.02477432e+01   3.56345210e+01
   3.86539395e+01   4.09857233e+01   3.44845597e+01   4.96604470e+01
   8.75186762e+01   1.11084548e+02   1.18454646e+02   1.18286971e+02
   1.07915776e+02   9.51359690e+01   8.21499123e+01   6.64610375e+01
   6.81000256e+01   7.70707852e+01   7.64574163e+01   6.59422839e+01
   5.16399865e+01   3.79062619e+01   3.87894051e+01   4.77562453e+01
   5.33151612e+01   5.82264936e+01   7.01257799e+01   8.57147206e+01
   1.05903780e+02   1.17175641e+02   1.19777389e+02   1.20480480e+02
   1.16724366e+02   1.17127824e+02   1.11545975e+02   1.06165601e+02
   8.76912671e+01   5.50217782e+01   2.68794649e+01   1.00393471e+01
   8.54801090e+00   1.27794097e+01   1.18806608e+01   1.06706261e+01
   1.37237299e+01   2.26924495e+01   2.10144636e+01   1.98642659e+01
   2.01325882e+01   1.26891542e+01   3.85581479e+00  -2.16988882e+00
   2.69456060e+00   3.96757564e+00   2.66196916e+00  -4.31632439e-02
   8.19947560e-01   8.76256441e+00   1.07473633e+01   1.85285608e+01
   3.16229333e+01   2.77683882e+01   2.01427216e+01   2.11005786e+01
   1.79258388e+01   1.32924192e+01   7.62384711e+00   2.50354473e+00
   7.96830583e+00   1.50624011e+01   2.05542015e+01   2.33558297e+01
   2.33211899e+01   2.62010938e+01   2.27104570e+01   2.34674408e+01
   1.96061213e+01   1.69063981e+01   2.31766239e+01   2.54642344e+01
   1.81770176e+01   1.53966051e+01   1.84831164e+01   2.15113590e+01
   3.01286848e+01   3.14447633e+01   2.97523795e+01   3.00763593e+01
   3.70575302e+01   3.71320199e+01   2.76024840e+01   2.66169791e+01
   3.07718147e+01   2.61475187e+01   2.88639303e+01   3.56462309e+01
   3.87099606e+01   3.63678817e+01   4.24567200e+01   3.95924223e+01
   3.36791633e+01   3.41477268e+01   2.42203813e+01   2.00764581e+01
   1.12232831e+01   4.43004979e+00   8.22965524e+00   9.82826174e+00
  -7.95039729e+00  -1.09056062e+01  -8.23161567e+00  -1.35400370e+01
  -1.50915648e+01  -7.51336380e+00  -7.73208155e-01   1.06445828e+01
   2.39246401e+01   2.26471788e+01   2.93980139e+01   3.28846185e+01
   3.10209748e+01   2.15452968e+01   2.18646769e+01   3.33428311e+01
   4.02767396e+01   5.09542891e+01   4.51687291e+01   5.88198500e+01
   8.34170492e+01   9.59859753e+01   1.06595401e+02   1.09409909e+02
   9.25425237e+01   6.60750281e+01   6.64517906e+01   6.79342364e+01
   6.74588669e+01   6.09157268e+01   5.29260202e+01   4.99348647e+01
   5.92270369e+01   6.98451301e+01   6.83368822e+01   7.20606157e+01
   8.08763513e+01   6.88675278e+01   6.18373415e+01   5.66660834e+01
   5.60302411e+01   5.04980555e+01   3.39620192e+01   2.63660693e+01
   3.60779254e+01   3.38851363e+01   2.96432934e+01   3.49442990e+01
   3.63972360e+01   3.21641521e+01   2.06662280e+01   1.82555355e+01
   2.27912914e+01   3.27372006e+01   3.51574838e+01   3.73005866e+01
   3.42304490e+01   3.18395625e+01   3.38681333e+01   2.94965935e+01
   2.52950632e+01   2.69263359e+01   3.30938589e+01   3.92019304e+01
   3.27020056e+01   3.80605126e+01   4.19503247e+01   6.57278136e+01
   9.21458368e+01   1.04082493e+02   1.16967377e+02   1.28360840e+02
   1.28838606e+02   1.32729429e+02   1.41074452e+02   1.28786076e+02
   1.06971470e+02   8.06317894e+01   5.49695709e+01   4.01423445e+01
   3.46051120e+01   3.28290887e+01   2.68078870e+01   2.40486013e+01
   2.40784654e+01   2.88177421e+01   3.19723001e+01   2.48037888e+01
   2.90061350e+01   3.05030710e+01   3.33994330e+01   2.95385917e+01
   1.41964471e+01   1.72770622e+01   1.87474143e+01   2.24642667e+01
   1.42817134e+01   1.52876434e+01   1.65818904e+01   1.33865804e+01
   1.24008047e+01   1.21326508e+01   7.58663070e+00   3.86329727e+00
   1.05362002e+01   1.49932780e+01   1.16265765e+01   9.17704382e+00
   7.21832220e+00   1.92770256e+00   2.28495276e+00   2.88451564e+01
   7.32158177e+01   9.68031856e+01   1.05486649e+02   1.06953514e+02
   9.74437466e+01   7.93297230e+01   5.88810074e+01   5.95827470e+01
   6.43072046e+01   6.07347409e+01   4.21429561e+01   3.05224814e+01
   3.30137578e+01   3.99664663e+01   3.91560634e+01   2.86443074e+01
   2.45021873e+01   1.97573781e+01   2.00888569e+01   3.76687410e+01
   4.47236739e+01],[  0.93673953   1.42607131  -2.85616705 -18.97432509 -17.67208706
 -16.18588175 -17.67900516 -14.99891545 -17.59379966 -27.20360946
 -40.80623247 -54.75977605 -60.85912521 -61.82621225 -52.75504503
 -34.58864896 -17.87684024 -13.28305912  -5.96236726  -2.32860107
  -6.26227798  -6.30513782  -9.24934061  -7.96106563  -7.42207021
 -15.12765271 -26.88718628 -29.68819085 -30.59294305 -27.20552542
 -24.44195143 -22.22028018 -20.59601386 -18.82934362 -10.54026948
  -3.48885772   0.23433251   2.53077598   8.55593811  15.72751469
  17.42918509  10.36967884   5.43173236   4.27930003   2.06805056
  -6.89398524 -11.65412896 -16.93044981 -17.65432764 -18.50681974
 -23.53390792 -21.61018727 -25.97716123 -30.59571692 -23.20116902
 -15.12156413 -18.72921974 -25.92124999 -28.18397677 -27.51538978
 -26.54229234 -27.55867015 -28.30109979 -26.10698805 -15.33468605
   1.42733849   6.5873848    1.84279864  -2.61291672 -19.40571427
 -26.23089082 -20.56294147 -11.63652638  -5.27851614   0.26963108
   4.9883657    8.08239954   6.81614538   3.51025262   2.25597653
   3.13643853  -5.38021521 -11.70609224  -3.29760868   1.48856195
 -11.22971399 -25.03669906 -27.79157716 -23.6251058  -10.74092246
  -2.71967977  -1.74035359   0.93788383   3.21640961  -0.77271012
  -6.10801698 -10.23894243  -9.69767241  -3.46472638   2.13392005
   2.51765453   9.29091288  12.02881768  12.36458159  14.77059759
  18.11934091  20.5611199   19.84076985  19.85517754  16.29632412
  16.0006081   12.84247649   8.87257849  -6.85845852 -17.49360059
 -15.15135227 -11.81756633 -10.51092344 -10.87794695 -14.32207109
 -13.22555731 -10.51402882 -10.84346062  -7.58754231  -6.07142143
 -11.20637994 -12.02787411  -6.17455004 -28.91954953 -37.27265781
 -36.63734322 -47.45176962 -49.07940917 -41.0561326  -44.52133392
 -41.09751722 -33.21475167 -39.67734047 -48.60017063 -52.06537189
 -44.35527554 -32.91529717 -13.22759274   7.95435988  16.82391379
  13.88176587  -5.68534641 -20.97364437 -31.67637147 -45.35952138
 -46.48404643 -42.70161087 -29.28531766 -13.58498579   2.61067997
  11.04764824  15.08445385  13.75569337  11.64249546  11.75894587
  18.31206962  22.03387028  15.65159542  11.61377413  16.53616083
  10.08333322  14.47448501  14.36155212  11.21716611   6.44388503
  -3.47865667  -5.96084046  -2.95148441  -1.15132018  -1.86370147
   1.7738565   11.84016717  18.09809416  11.0021596    4.69200895
  -2.67981998  -6.75512787 -13.22500031 -14.23697715 -15.86491943
 -16.00957936 -13.94827869 -12.93287731 -10.42159589  -9.90023377
  -4.86462118   3.55534666   1.55575337   0.8287509    1.00835622
  -5.96480849 -15.70287269 -32.74079429 -34.76952695 -28.57567264
 -32.26950485 -31.39654064 -21.04963519 -11.71933513  -4.44543495
  -7.82741519 -19.4908954  -26.07928712 -25.61245209 -22.27252577
 -14.253914    -5.66680244 -11.32993943 -14.77531715 -17.97472438
 -23.05637483 -15.40718384 -11.5317925  -10.86382925 -13.42236083
 -20.28432265 -21.32277633 -19.2575692  -18.13351384 -33.37568721
 -38.92626667 -48.99439842 -56.28960474 -59.86028878 -70.72970943
 -74.51372398 -61.72558595 -41.62223002 -34.96945212 -37.02954004
 -46.9791287  -53.84854163 -50.87673411 -50.06149233 -46.60843283
 -36.06444256 -35.24724209 -35.45550266 -32.62507096 -27.80384271
 -27.26640458 -24.1498129  -20.36060593 -17.86761559 -13.70858402
 -18.70605629 -33.59067641 -33.73776975 -19.42179399 -17.62439045
 -22.06850478 -24.29811705 -20.60160919  -3.69232332  17.1180428
  21.86004059],[  2.88378002e-01   3.93272375e+00   6.69334733e+00  -3.28916299e+00
   3.99279641e+00   3.55121657e+00  -4.03664689e+00  -1.00197310e+01
  -5.99568857e+00  -2.46469763e+00  -6.38298868e+00  -1.18034331e+01
  -1.47070986e+01  -1.39728584e+01  -1.03123478e+01   8.98298467e-01
   3.69305917e+00   1.19889162e+00   3.55725083e+00   2.99577306e+00
   1.11225369e+00  -1.36102075e+00  -3.48730314e+00  -3.83621485e+00
  -2.61443077e+00  -8.78820639e+00  -1.56837869e+01  -1.44311014e+01
  -2.02508927e+01  -2.35488870e+01  -2.73324530e+01  -2.65039752e+01
  -1.86940122e+01  -1.92880556e+01  -1.01794347e+01  -5.50371555e+00
  -8.79053449e+00  -7.58841056e+00  -4.72450385e+00  -2.90863941e+00
  -9.37976018e-01  -1.06792846e+00  -9.91709614e+00  -1.10197615e+01
  -6.94019811e+00  -8.66189030e+00  -9.96576838e+00  -1.00107633e+01
  -1.13818313e+01  -1.73445798e+01  -1.67487736e+01  -1.06808168e+01
  -1.85026100e+01  -2.44359069e+01  -2.35324651e+01  -2.47567111e+01
  -2.40519741e+01  -2.31736435e+01  -2.14792582e+01  -2.50438498e+01
  -2.94645636e+01  -3.27290035e+01  -3.58525274e+01  -3.89186408e+01
  -3.89447943e+01  -2.75497139e+01  -1.78417655e+01  -2.40138451e+01
  -3.02189346e+01  -4.70544288e+01  -5.12884986e+01  -4.42692940e+01
  -3.70329969e+01  -3.06159720e+01  -2.13376809e+01  -1.08980335e+01
  -8.45456434e+00  -1.15404647e+01  -6.88443181e+00  -3.88901837e+00
  -9.83083926e+00  -1.31817235e+01  -1.28218296e+01  -1.28815472e+01
  -1.67828981e+01  -1.84098574e+01  -1.87106357e+01  -1.86458047e+01
  -2.47551484e+01  -1.75910362e+01  -1.15036884e+01  -9.31640846e+00
  -5.16983274e+00   1.53185691e+00   2.54643251e+00  -1.20694763e+01
  -2.07549061e+01  -1.77055314e+01  -1.20403757e+01  -7.79462101e+00
  -1.16704388e+01  -1.05618445e+01  -6.92792715e+00  -7.50136956e+00
  -7.63934457e+00  -9.28103010e+00  -1.01451522e+01  -3.78341037e+00
  -5.97168303e-01   1.27685818e+00   7.81506791e+00   7.21693294e+00
   2.24943609e+00  -8.81891939e+00  -2.20421518e+01  -2.22871350e+01
  -2.03543087e+01  -2.08298099e+01  -2.48274484e+01  -2.76975915e+01
  -2.54656774e+01  -2.51784564e+01  -2.00351681e+01  -1.96707146e+01
  -2.00005872e+01  -1.92207385e+01  -1.19557615e+01  -2.66501587e+00
  -1.60454554e+01  -1.91402020e+01  -1.89994435e+01  -1.94348382e+01
  -1.66891481e+01  -1.59586065e+01  -2.45407873e+01  -3.01626654e+01
  -3.13295655e+01  -3.75802340e+01  -4.39003920e+01  -3.87243274e+01
  -1.85936155e+01   1.42552390e+00   5.77435284e+00  -2.99941331e+00
  -9.02461484e+00  -2.04374917e-01   1.16252137e+01   2.03924040e+01
   1.43249555e+01   3.21999643e+00   6.73587486e-01  -5.21950829e+00
  -1.00328039e+01  -8.94750756e+00  -1.32796077e+01  -1.31620630e+01
  -1.13448511e+01  -1.73263389e+01  -2.76507900e+01  -3.06483459e+01
  -2.61512729e+01  -1.83311631e+01  -1.59354549e+01  -1.69977529e+01
  -1.89168339e+01  -2.15700243e+01  -2.10686148e+01  -1.79045439e+01
  -1.12842035e+01  -9.10635607e+00  -1.19935787e+01  -1.24740318e+01
  -1.06876496e+01  -1.18821765e+01  -1.61522438e+01  -1.60627304e+01
  -7.78451238e+00   1.08928131e+00   5.98835932e+00   9.96262173e+00
   1.16849434e+01   1.16027643e+01   6.19377261e+00   6.22997403e+00
   1.78162551e+00  -5.76044861e+00  -5.55832004e+00  -4.84457251e+00
  -6.02824116e+00  -7.34470907e+00  -1.03159314e+01  -6.63920008e+00
  -6.41391843e+00   7.94568221e-01   1.54097179e+01   1.80956276e+01
   1.02430504e+01   2.72844867e+00  -9.92657152e-03  -1.60210661e-01
  -8.19758425e+00  -1.25592582e+01  -2.12637894e+01  -2.31505445e+01
  -1.64301733e+01  -8.09707481e+00  -6.11048275e+00  -8.76659109e+00
  -1.17839077e+01  -1.33624903e+01  -1.14951337e+01  -1.08340423e+01
  -1.76835746e+01  -1.38977842e+01  -1.59580293e+01  -1.94629006e+01
  -9.31806308e+00  -6.03007942e+00  -9.21734082e+00  -1.00289091e+01
  -9.03777973e+00  -1.17288124e+01  -9.39079574e+00  -1.52865564e+00
  -9.71318201e+00  -9.10082023e+00  -7.71344272e+00  -1.18834043e+01
  -1.31166845e+01  -1.94833798e+01  -2.55969595e+01  -2.04919412e+01
  -1.17807656e+01  -8.25751319e+00  -5.72671806e+00  -9.52724786e+00
  -8.49571030e+00   5.07444364e+00   1.28285810e+01   1.36033225e+01
   2.59432862e+00  -4.82861878e+00  -4.75638322e+00  -2.47095896e+00
  -2.78086677e+00  -1.14327458e+00   6.26315572e+00   3.65708009e+00
   9.92901430e-01  -2.06509194e+00   1.08330254e+00  -1.13858179e+01
  -1.57776510e+01  -1.08297611e+01  -1.19205617e+01  -1.11688172e+01
  -1.40730597e+01  -9.67680334e+00  -4.38458634e+00   7.25699357e+00
   9.64551027e+00],[ -3.76246423e-01   2.06937067e+00   3.97116247e+00  -7.26253313e+00
  -5.95731664e+00  -5.99683385e+00   2.36028679e+00  -1.24388097e+01
  -3.06346329e+01  -3.15760997e+01  -2.38707494e+01  -1.12789899e+01
   2.14094550e+00   6.61686112e+00   3.35099691e+00  -9.54937270e-01
  -5.63538049e+00  -1.23420395e+01  -1.39967295e+01  -1.40912908e+01
  -8.08136415e+00  -5.64439528e+00  -1.00104560e+01  -9.82009401e+00
  -5.02814517e+00  -5.78705093e+00  -8.14836548e+00   3.10080879e+00
   2.17433159e+01   2.79260785e+01   2.75980772e+01   2.78642403e+01
   3.10910659e+01   2.34197254e+01   2.03149949e+01   2.09408567e+01
   1.97235246e+01   2.21113808e+01   2.05744543e+01   1.08968323e+01
   6.62745630e+00   4.20870986e+00  -1.10951380e+00  -1.62367226e-01
   6.04846276e+00   6.68670295e+00   4.98345970e+00   9.79233100e+00
   1.69701870e+01   2.13965235e+01   2.82420260e+01   3.84568568e+01
   3.56179664e+01   3.56125390e+01   3.67462497e+01   3.05817055e+01
   3.27665467e+01   2.07551482e+01   1.13351153e+01   6.52003984e+00
   5.87847690e+00   9.26965079e+00   7.12443866e+00  -2.18314626e-01
  -7.26190286e+00   1.46715112e+00   1.03596659e+01   9.24890783e+00
   2.54508500e+00  -6.16126299e+00  -4.91201909e+00  -2.37540416e+00
  -8.80980963e-02   4.04562306e+00   8.28040413e+00   8.98680425e+00
   5.56739172e+00   1.32271263e+00   1.04545986e+01   1.93650090e+01
   1.72837326e+01   1.67603907e+01   1.19629328e+01   4.85431642e+00
   1.40808026e+00   1.39661341e+00   4.28574058e+00   1.63014898e+00
  -2.23323881e+00   4.04047701e+00   8.20173580e+00   1.02001603e+01
   1.33179038e+01   1.91951276e+01   2.15855488e+01   8.37906825e+00
  -3.54960659e+00  -2.40777049e+00   5.17557963e+00   1.23284967e+01
   6.14774938e+00   8.79556260e-01   4.38294219e+00   4.21031001e+00
   4.25337466e+00   1.45442657e+00  -4.29250841e+00   3.05315327e-01
   4.32526034e+00   9.41162299e+00   1.14600068e+01   1.15195895e+01
   8.25788742e+00   1.36229328e+01   1.31700997e+01   2.00244355e+01
   2.39508413e+01   2.69902501e+01   2.87247288e+01   2.84102280e+01
   2.78600821e+01   2.07000421e+01   1.73194920e+01   1.82727057e+01
   1.44113652e+01   8.07630671e+00   1.45310289e+01   1.33387754e+01
   3.44081356e+00  -5.27712116e-01  -8.39678751e+00  -8.47087364e+00
  -5.44647291e+00  -5.59781073e+00  -1.21312308e+01  -1.99480850e+01
  -1.70351405e+01  -1.31499970e+01  -1.43784562e+01  -6.69196333e+00
   1.16195891e+01   1.80027337e+01   7.22708274e+00  -1.05993677e+00
  -9.73548025e+00  -1.62343488e+01  -1.32549910e+01  -6.68652012e+00
   1.95494384e+00   3.83155335e-01   3.36307493e+00   1.14310055e+01
  -2.25917408e-01  -1.30145973e+01  -1.24411969e+01  -1.41749217e+01
  -9.77342776e+00  -7.59547405e+00  -1.39285786e+01  -1.26021220e+01
  -6.11965705e+00  -3.24075744e+00   2.41687954e+00   4.38602513e+00
  -9.06798042e-01  -2.40325751e+00  -1.05032951e+01  -1.80168381e+01
  -1.06835236e+01  -6.99350766e+00  -8.53176232e+00  -5.34289694e+00
   1.95118387e+00   7.26101078e-01  -4.84701392e+00  -2.56714416e+00
   2.15866663e+00   5.14596661e+00   1.70901143e+01   1.55006987e+01
   1.06500354e+01   8.41234873e+00   4.12703929e+00   6.29983187e+00
   7.92083395e+00   4.32991267e+00   7.95697085e+00   1.10415188e+01
   1.35868335e+01   1.42737517e+01   1.86516547e+01   2.46752006e+01
   1.94593210e+01   1.56722420e+01   1.91924540e+01   2.41726141e+01
   2.92807467e+01   3.40207259e+01   2.95948937e+01   3.32097138e+01
   3.65675155e+01   3.67326257e+01   3.58510851e+01   3.51132867e+01
   3.68278046e+01   3.25817338e+01   2.02770649e+01   1.65034761e+01
   1.63884082e+01   1.68845969e+01   1.81741527e+01   1.78311672e+01
   1.28182555e+01   1.72102929e+01   1.85140651e+01   1.92045202e+01
   2.61114090e+01   2.71838031e+01   2.29680278e+01   2.26981378e+01
   2.88037260e+01   1.89851893e+01   8.34022652e+00   9.30672849e+00
   5.16638819e+00  -1.10878027e+00  -1.95227056e+00  -1.12278488e+01
  -1.23110694e+01  -1.16525724e+01  -1.47458671e+01  -1.15219974e+01
  -1.98933194e+00   3.52770795e+00   3.69551801e+00  -7.03007941e-01
  -4.29480716e+00  -2.33213571e+00  -8.07166401e-01   3.09675678e+00
   6.13360951e+00   8.20332996e+00   7.05012950e+00   7.12899840e+00
   7.70415364e+00   5.62456075e+00   8.01006898e-03   1.56490297e+00
   9.77977037e+00   4.14882323e+00   9.85792977e+00   5.05734055e+00
   4.23029641e-02  -3.00908921e+00  -5.72059301e+00  -2.27118675e+00
  -2.58809728e-01   5.74008744e+00   8.18323461e+00   1.36425477e+01
   6.70975045e+00],[ -1.21520358  -0.73457307   0.31900502 -15.69229838 -17.18229943
 -13.81626326  -7.20734626 -11.9109198  -21.39272521 -21.22674944
 -21.19218423 -21.50479506 -20.48201814 -19.85458518 -25.32202774
 -30.91111622 -34.58628981 -41.54082335 -41.11973188 -40.78366866
 -40.27206907 -39.62564892 -40.30011083 -39.77167335 -35.51142865
 -31.47042983 -30.25706847 -29.47506967 -33.43410991 -38.01928309
 -37.32225377 -37.72394762 -38.05825525 -39.5440465  -31.42438024
 -14.43158351 -17.91045127 -19.89676664 -20.97798073 -34.65316039
 -38.17894493 -40.77233676 -39.73170066 -38.05645977 -36.87974807
 -32.64017345 -33.62775658 -35.64162898 -33.60232459 -33.86391466
 -32.13379101 -25.1011846  -21.3730553  -19.17455519 -17.57269758
 -26.20381756 -23.38691781 -25.43463791 -22.36433802 -15.81226792
  -9.13862345  -5.33026164  -4.5837858   -7.89062324 -12.13105157
  -5.30031369   2.6572374    6.42777748  -0.06263313  -5.09698587
  -4.87674676  -3.55248297  -5.32503366  -6.63685627 -10.86447729
 -16.75605047 -16.56429419 -14.17835041  -5.47346944  -2.6231856
 -13.26540693 -18.00040508 -25.42215041 -23.28172166 -17.82861299
 -15.64033764 -10.54143053 -10.51442291 -15.7139165  -10.33089892
  -7.55185164  -5.36061279  -0.57700923  -2.4174903   -9.42235565
  -7.70676079  -8.33507495 -11.10384347  -8.3781611    0.52923697
   0.67984325  -4.93297621 -12.25481197 -15.6862605  -17.98636691
 -12.80592091 -14.40504228 -12.45952754 -10.45734771  -6.03668134
  -3.49112591   0.18992677  -4.92573745  -0.84327576   4.50573396
   4.95251863   4.53474743   9.90385531  10.26705126   7.38024684
   7.3350069    7.97790387   3.79364132   6.89191991  11.20589316
   8.12002286   9.24564305   2.10302955  -7.15336129 -12.36985908
 -17.47277849 -23.73263945 -23.24441856 -22.51118379 -24.02382373
 -29.64406058 -30.29819715 -32.66133911 -35.52172887 -36.53899201
 -31.18828176 -42.26387745 -54.04921256 -48.53237961 -36.90709256
 -28.94408381 -20.63319297 -16.41313553  -6.68433644 -13.51743728
 -25.03798298 -28.78630463 -41.33498931 -45.26395367 -41.03228695
 -42.98499767 -40.98880334 -41.01019169 -43.61967813 -38.49131903
 -31.46866083 -33.65435427 -32.566276   -28.69118374 -32.64080113
 -32.43698355 -34.7645656  -38.1765153  -35.19300669 -34.13871489
 -37.5456857  -33.57996546 -29.50787314 -26.26908872 -23.83164471
 -18.67590427 -11.27301075  -8.51814019 -10.38084978 -26.31702011
 -37.97769946 -41.30727401 -49.31084561 -51.23542305 -52.40224467
 -52.99116482 -51.45836963 -52.02780809 -50.95960735 -42.23118377
 -29.99920276 -22.39297252 -27.56977402 -26.31315843 -20.39835816
 -29.97450637 -35.48427396 -36.3743734  -42.64269992 -37.14219057
 -32.31343984 -33.2850286  -27.76604273 -25.0213513  -22.98881874
 -16.44800107  -9.65484165  -3.86639664   1.41808763   2.41513511
  -0.54607103  -9.51891835 -16.59250493  -9.63613505  -3.5019724
  -0.39213836   6.62533671  14.04662816  13.67536079  14.78791352
  18.77846756  15.60841158  13.11021915  14.47752091  12.61744557
  16.88747326  15.73212229   6.7506193   -2.14836252 -10.07579842
 -17.05635117 -26.38509639 -17.03497435  -8.87274303  -9.72116563
  -9.56641981 -16.42705246 -23.98886752 -25.72887457 -22.75549564
 -15.44615145 -16.89680987 -25.31109386 -32.1073372  -35.01165895
 -32.85732461 -31.00493253 -23.95811683 -19.33231667 -24.60811216
 -21.48741079 -14.61163712 -18.56504856 -22.20781871 -24.64408175
 -25.13594084 -22.03799254 -24.25582786 -32.31003278 -27.58400079
 -21.7151338 ],[ -1.1888046    1.13938594   2.6575506   -8.43879166  -6.61484388
 -10.18453693 -12.52658492  -6.280305    -1.01527798  10.7289573
  11.54512563   9.10286456   7.07044432  -0.67457465  -1.47493949
  -4.31586883  -7.04851539  -5.21805669  -3.80746978  -4.84354534
  -5.41449751  -9.50253229 -10.40707334 -12.23458136 -11.53237402
 -10.41314898 -10.70658555  -7.97232366  -2.60926655  -2.38098978
   2.22199728   7.98317856   5.58344466   1.28095961   1.263582
   8.97653301   7.26714756   6.7149179    6.67281864 -10.83107261
 -13.36077568 -14.16097855 -16.09526958 -13.70159104 -15.99581866
  -9.60605842  -4.95242079  -5.05139169  -0.14348461   4.62349418
   6.14382631   5.66429958  13.22717884  16.60478968  11.95929311
   4.02572855   1.7345948   -8.67580059  -5.67866772  -2.72227064
  -1.92049862  -1.43249936  -2.29424622  -3.60570536  -7.17755229
  -5.97652792  -3.40475577  -2.35246332  -3.07489615  -6.09870821
 -10.02453148  -5.15177233  -6.68769741 -14.84235807 -15.64243955
 -13.51483626  -8.03892105  -5.25270016  -4.57147376   0.17333426
  -5.30097835  -5.97090261 -11.08370831 -14.36485685 -13.72620108
 -10.25414586  -5.27430645   0.5070746   -6.77749094  -6.52925784
  -5.75923882  -5.19297815   3.55554224  -2.72563679 -12.87223068
  -6.89618844  -1.27644266  -5.67275011  -5.91388568  -0.82260314
   3.25192251  -0.66798028  -2.87591245  -1.17591163   0.15609911
   3.19913914   2.11065387   3.28226111  -2.28413909  -0.73063097
   1.17618021   5.0438283    3.60679635   2.36493039   6.37248747
   5.7261224    4.00556017   9.12377887   9.41463935   4.70530322
   3.3601362    9.24124627  12.895534    12.90483786  18.4131446
  22.03417458  22.17883138  16.56147471   5.98093023   3.11830888
   7.14919573   6.8362145    7.58030194   5.4658005    3.76476226
  -1.05293699  -2.39788337  -6.30915108  -0.37736602   1.71124184
  -0.75379639  -9.47428448 -10.19927296  -8.14688985  -3.40421727
  -1.70227549  -1.4825046    7.03057303   8.95055579   8.99117087
   2.63198329  -0.53035387  -2.10766266  -6.73509723 -14.10654058
 -14.98649043 -12.34998747 -15.05227734 -16.39384207 -12.11978406
  -5.94315294  -6.23646253  -6.09303857  -5.12706692  -2.35541173
   1.5885763    1.18057844   1.79828934   4.1889314    3.71713651
  -6.50015534  -9.56744719 -12.34281582  -8.43009209  -4.0739881
  -1.02498805  -3.84169623 -10.7236938  -20.71863476 -26.99950792
 -32.20192493 -30.93365386 -29.50850928 -29.0406795  -31.98926345
 -33.9669695  -33.82116194 -31.05933063 -31.29966457 -30.38517359
 -31.75613039 -31.78566361 -27.21820695 -20.15924898 -15.47200966
 -13.50736699 -16.31645355 -11.51168714 -12.7936955   -6.59127544
  -3.09082197  -4.05551092  -0.49334768  -2.11467868  -5.68966952
  -5.2719577    8.81112928  13.53813033  15.33835325  15.37805989
   4.53784132  -6.65433108 -11.42361858  -7.63318742 -11.28810401
 -12.47105579  -4.95427675   6.76996458   4.66321927   8.53212646
  13.56040057  17.50718643  13.70001654  11.69330968   7.35873461
   8.7923532    9.99257586   9.85462055  13.44390512  11.24395093
   0.89773732  -7.07653466  -4.47114109  -1.32717946  -4.69541574
  -4.49802613  -7.09439007 -11.03478907 -12.54565735  -4.42089238
  11.28090576  18.486304    17.00552273  16.18416419  13.75699653
   7.36424141   0.13522324   3.69241054   7.23623939  -2.82371249
  -7.78597757  -1.4795547    0.97779043   2.3278238    2.36149134
  -0.27299182   1.79384355  -6.74396455 -19.55202558 -13.02564259
 -16.11124864],[ -5.03769833e-01  -6.28760839e+00  -1.11817951e+01  -2.37045989e+01
  -2.84191267e+01  -3.25611923e+01  -2.92962105e+01  -2.43581218e+01
  -3.07652228e+01  -3.57600658e+01  -3.48929083e+01  -3.09307369e+01
  -2.49447316e+01  -2.20886470e+01  -1.30537082e+01  -1.04510639e+01
  -7.73079306e+00   1.11893917e+00   4.91964485e+00   3.60718248e+00
   5.98975848e+00   6.50292809e+00   2.84584645e+00  -7.42799698e-01
  -4.54702180e+00  -9.73616262e+00  -1.76446374e+01  -1.84860300e+01
  -1.13218305e+01  -1.03150656e+01  -8.45684005e+00  -6.60882468e-01
  -1.74733508e+00   5.91643535e-02  -2.17624979e+00  -1.00562198e+01
  -7.82403037e+00  -8.59012643e+00  -5.57049682e+00  -4.51037894e+00
  -3.70821093e+00  -6.68001074e+00  -7.21295766e+00  -1.17111564e+01
  -2.22283484e+01  -2.55068430e+01  -2.60600811e+01  -2.63716405e+01
  -2.80733759e+01  -2.17842914e+01  -2.12421560e+01  -2.54769053e+01
  -1.41609758e+01  -1.05269727e+01  -9.60954906e+00  -4.82269172e+00
  -2.05158744e+00  -2.02110810e+01  -2.22321476e+01  -1.74116207e+01
  -1.53429626e+01  -1.13091654e+01  -7.96446796e+00  -3.56402578e+00
  -7.00234977e+00  -9.75608146e+00  -1.02740722e+01  -9.24614031e+00
  -9.85887739e+00  -1.04172010e+01  -1.67186697e+01  -1.13307631e+01
  -1.13663519e+01  -1.62155611e+01  -7.06246018e+00  -9.03805363e-01
   4.35724209e+00   5.27485760e-01  -2.46694080e+00   5.34624920e+00
   7.87943504e+00   4.79378275e+00   1.96198435e+00  -4.03105251e+00
  -1.10539783e+01  -1.97384912e+01  -2.44840859e+01  -1.63323951e+01
  -6.25213776e+00  -6.69012941e+00  -6.88708194e+00  -8.22963702e+00
  -4.83989540e+00  -1.17404704e+01  -1.52857473e+01  -1.51646252e+01
  -1.34431386e+01  -1.43420576e+01  -1.28589005e+01  -8.39994771e+00
  -3.42087167e+00  -3.38147026e+00   2.87585431e+00   8.62214591e+00
   1.58903291e+01   1.52564192e+01   9.33255408e+00   9.72777364e+00
   2.84452369e+00  -5.89159821e-01  -2.14881073e+00  -6.43765167e-01
   3.06064826e+00  -3.05464333e-02  -5.81561791e+00  -8.63349772e+00
  -8.42012679e+00   6.61922032e-02  -1.71519720e+00  -6.30853749e+00
  -5.67225229e+00  -6.97801715e+00  -3.83850974e+00  -7.66381709e-01
   2.35227879e+00   3.84785235e+00   2.27041342e+00   2.28924400e+00
  -3.70016545e+00  -8.22349247e+00  -1.18604943e+01  -1.65242414e+01
  -1.70651051e+01  -1.70109928e+01  -1.71446838e+01  -1.52297096e+01
  -1.01050566e+01  -1.06005287e+01  -1.02037267e+01  -1.26270553e+01
  -2.63838145e+01  -2.77831151e+01  -1.15466809e+01  -1.22023674e+00
  -1.13619590e+00  -9.04115141e+00  -1.68615788e+01  -1.43537812e+01
  -1.98596713e+01  -2.17388830e+01  -2.02500105e+01  -1.51022701e+01
  -1.76517982e+01  -2.24011806e+01  -2.03436441e+01  -2.07817247e+01
  -1.77753456e+01  -1.05890004e+01  -9.79824033e+00  -1.04110157e+01
  -8.80499705e+00  -4.65124320e+00  -3.02612286e+00  -5.72204627e+00
  -3.18704743e+00   5.56318356e+00   7.10488540e+00   7.98932605e+00
   7.14429243e+00   8.10995319e+00   3.54546204e+00   2.78183667e-01
   3.28809268e+00   7.68101706e+00   5.39019060e+00   5.26841661e+00
  -3.72186459e+00  -1.23373392e+01  -1.40525872e+01  -9.03700785e+00
  -1.09551781e+01  -1.37558928e+01  -1.20266180e+01  -5.86963901e+00
  -3.72426823e+00  -2.33787753e+00  -2.70538893e+00  -2.22997246e+00
  -6.52210016e+00  -8.48449569e+00  -1.00145437e+01  -9.09326976e+00
   5.87784562e-01   1.18439407e+00  -4.57833887e+00  -1.23394268e+00
  -5.45263985e+00  -1.09333122e+01  -1.76901177e+01  -1.76998709e+01
  -1.17816875e+01  -1.35159689e+01  -9.79555095e+00  -3.82902125e+00
  -3.82594305e+00  -9.39419611e+00  -6.02715205e+00  -3.32072837e+00
  -2.53502252e+00   1.57079457e+00  -1.36978739e+00  -4.66234919e+00
  -8.09058628e+00  -8.99252250e+00  -1.33074632e+01  -1.29194962e+01
  -4.41105225e+00   2.70688996e+00  -6.29004954e+00  -6.15369376e+00
   2.72289687e+00   6.96331433e+00   2.71973817e-01  -2.96113331e+00
  -7.06446481e-01  -8.61236290e+00  -1.38337656e+01  -2.22035808e+01
  -2.42236488e+01  -1.60043171e+01  -1.81033679e+01  -9.39288228e+00
  -5.95384633e-01   1.25037093e-01  -4.21946116e+00  -3.54912066e+00
  -1.04289633e+01  -1.53985577e+01  -2.31613024e+01  -2.81240777e+01
  -3.00232751e+01  -3.13449920e+01  -2.71059896e+01  -2.00905832e+01
  -1.03134161e+01  -8.45931970e+00  -1.75139179e+01  -1.45439896e+01
  -8.46088143e+00  -1.45519232e+01  -2.32792929e+01  -2.24371426e+01
  -1.27113071e+01  -7.23528176e+00  -8.36962389e+00  -9.95532277e+00
  -1.28035448e+01  -2.12171788e+01  -2.11707560e+01  -2.28117369e-02
   1.09798552e+01],[ -3.98812358e-01  -8.22223272e+00  -8.01767541e+00  -5.72102712e+00
  -3.35533571e+00  -4.27540305e+00  -7.24671980e+00  -4.47497227e+00
  -5.06743815e+00  -6.11847347e+00  -9.19854357e-01   3.91836741e+00
   3.35219973e+00   5.23980445e+00   7.47731557e+00   2.48734716e+00
   4.93484895e+00   3.88559100e+00   3.15929995e+00  -4.03458858e+00
  -7.47421733e+00  -5.69051974e+00  -4.87867883e+00  -7.06142085e+00
  -7.77116100e+00  -1.55417928e+00   6.87994313e-01   2.18255216e+00
   2.62689016e+00   5.09584866e+00   3.21448198e+00   3.06784068e+00
   2.31645250e+00   1.00068733e+01   6.98769109e+00  -4.65869577e+00
  -5.33758447e+00  -1.14720735e+01  -1.48727639e+01  -9.39062736e+00
  -1.01287004e+01  -1.31098365e+01  -1.10747043e+01  -1.44678242e+01
  -1.70460776e+01  -1.37380580e+01  -9.13073211e+00  -4.60295674e+00
  -9.56378095e+00  -1.31968407e+01  -1.31201152e+01  -1.41045704e+01
  -6.72633799e+00  -4.71895675e+00  -4.92779683e+00  -1.15761484e+00
   1.78259228e+00  -1.32771890e+01  -1.93160512e+01  -1.55157975e+01
  -1.31944990e+01  -8.79966077e+00   3.19796019e-02   6.53256927e+00
  -2.44439891e-01  -7.35107240e+00  -6.02913972e+00  -2.28507674e+00
  -6.61390991e+00  -5.66129380e+00  -1.14715586e+01  -9.70100673e+00
  -6.29688914e+00  -1.82713449e+00   1.69967370e+00  -1.74597285e+00
  -1.63416673e+00  -7.30671660e+00  -4.07449242e+00   3.28531007e+00
   1.91624519e+00  -1.38061197e+00   6.82835486e-01   4.97173820e+00
   9.33479921e-01  -3.96353175e+00  -6.29681782e+00  -5.71672245e+00
   2.70382836e+00  -1.37414668e+00  -3.58615207e+00  -5.90650727e-01
  -3.44404832e+00  -6.45252033e+00  -9.13166380e+00  -8.52625508e+00
  -1.56526386e+00   1.76831332e+00  -6.71673947e-01   5.04584933e+00
   8.52527777e+00   1.05405258e+01   8.72352553e+00   8.63308707e+00
   1.03347295e+01   9.17921148e+00  -2.06324034e+00  -1.28476712e+00
   3.57903222e-01  -3.87746732e+00  -3.72098762e+00   2.49047197e+00
   1.16469849e+01   1.69291677e+01   1.24722517e+01   8.20498710e+00
   8.69081217e+00   1.58504846e+01   1.08991800e+01   2.23533110e+00
   4.45400258e+00   2.96901416e+00  -2.96448275e+00  -1.89697079e+00
  -1.92764676e+00  -8.79310118e-01  -4.25223352e+00  -1.01169480e+00
  -1.81927870e+00  -2.44546917e+00  -5.98096940e+00  -1.34468806e+01
  -1.56793360e+01  -1.63345626e+01  -1.33057915e+01  -1.16545210e+01
  -1.10845681e+01  -1.32111397e+01  -1.92392735e+01  -1.97846051e+01
  -2.60377967e+01  -2.65923598e+01  -1.75497421e+01  -1.17383368e+01
  -1.48777706e+01  -1.78179643e+01  -1.46151494e+01  -1.09421006e+01
  -1.34225924e+01  -1.33589719e+01  -8.67089754e+00  -4.47849618e+00
  -6.54531539e+00  -8.43787990e+00  -8.37918315e+00  -1.38481835e+01
  -1.42924619e+01  -9.96980370e+00  -1.50216234e+01  -2.59159699e+01
  -2.99530419e+01  -1.80949562e+01  -1.59559071e+01  -1.71375580e+01
  -2.28213658e+01  -1.94053792e+01  -2.03661284e+01  -2.18382377e+01
  -2.76386686e+01  -2.67478165e+01  -2.28321193e+01  -2.38698024e+01
  -1.68453577e+01  -1.34767412e+01  -1.83634760e+01  -2.38796570e+01
  -2.42154402e+01  -1.58602836e+01  -5.74279825e+00  -2.98245811e-02
   4.54445149e+00   4.63747392e+00   6.88460368e-01   1.07069557e+00
  -2.77812182e+00  -1.72672926e+00  -2.93530460e+00  -5.22580102e+00
  -1.16545675e+01  -8.17114858e+00  -3.78675433e+00  -3.65621096e+00
  -3.66178679e+00  -1.46720197e+00  -8.69428947e-01   2.97517794e+00
   2.16424663e+00   1.12582653e+00   1.06199413e+00  -3.30131054e-01
   4.27297060e+00   8.41500511e-01  -3.64624812e+00   1.20502567e+00
   3.04009621e+00  -7.78811023e-01  -2.29211473e+00  -2.67069877e+00
   6.03494525e-01   4.23185355e+00   7.71667086e+00   4.58257799e+00
   5.64753220e+00   9.14463107e+00   1.15379933e+01   1.57292627e+01
   2.13136994e+01   2.34702998e+01   1.91686405e+01   9.27437412e+00
   8.57440889e+00   1.50396580e+01   1.09675553e+01   4.84561542e+00
   5.71868243e+00   5.45232682e+00   5.36789069e+00  -2.94821493e-01
  -4.04773923e+00  -2.26037532e+00  -6.38864360e+00  -8.08225649e+00
  -1.07963167e+01  -1.72892780e+01  -2.37716376e+01  -1.59142524e+01
  -1.47919949e+01  -9.63971603e+00  -1.75743207e+00   5.08090842e+00
  -6.00595676e+00  -9.87742715e+00  -1.30999183e+00   3.59657302e+00
   8.18537548e+00   5.07858130e+00  -4.56616727e+00  -8.50230946e+00
  -5.17038816e+00  -2.10535063e+00  -5.77809940e+00  -1.10704019e+01
  -1.14131157e+01  -9.02505490e+00  -1.28874212e+01  -1.67277449e+01
  -1.78074793e+01  -2.42756696e+01  -2.04169271e+01  -6.64252526e-01
   6.17800838e+00],[  0.20364513  -4.09101143  -6.18013426  -1.38150596   1.34287151
   1.36790396  -3.00792219  -7.43674621  -8.18328673  -4.04179697
  -1.62752683   1.27840263   3.37881728   3.20075028   4.36721254
  -1.88946195  -1.58238551  -6.7858625   -7.03547299  -6.37427753
  -5.33655255  -7.56841316  -4.48886309  -4.08338537  -2.92053841
   4.24789638  10.47896075  13.39329626  10.21357154  13.21891834
  13.55201379  13.14954229  13.81372121  15.34047636  10.6480336
   9.77012731  13.41629947   8.79328875   0.73994313  -8.11971689
  -6.21801626  -2.11800193  -3.10999993   0.82139357   3.54196859
   2.67893333   0.9993954   -0.51481657   3.65065791   4.3600001
   2.61191976   0.10462816   0.76403912   5.90628609   4.48421863
   9.84844426  12.14279974   4.06509949   2.78569673   5.97715146
   1.98885111   0.47858213   2.62902487   3.53670807   2.53725309
  -1.96548405  -5.43988702  -1.18607028  -1.41838125  -0.22004475
  -0.36636484   5.13469161  10.90941316  16.72130498  15.65869614
   9.39045913   5.62808178  -0.08348839   3.4337308    7.28794841
   3.71675089   3.78422845   4.54111101   6.61331664   7.19843479
   2.76092798   3.10693924   0.58145788  -1.39801221  -2.83382971
  -4.48876021   0.74018274  -3.823331    -7.60841395  -8.13021069
  -0.43240336   9.11070387   8.83200863   9.27731381  13.76266767
  13.31451844  14.61017674  13.4033866   10.21598433   4.70700222
   0.22539683  -7.44828369  -7.74759426  -7.23346298  -7.69071587
  -7.87443684   3.33838346  10.20759916  15.95949959  13.94136043
  15.53537981  18.604659    20.62224815  23.45615001  18.44514175
  17.52625259  20.29097833  14.77956434  14.86707811  16.16017633
  16.49955792  10.52425579   9.47293581   5.33337265  10.42036248
  16.67633546  14.17632     10.99928907   7.67287292   7.54083966
   4.23934876   0.33103074   0.08763967  -4.1716165   -5.90842792
   0.11705602  -1.16028238  -8.36279363 -13.05528366 -19.77784737
 -31.05662201 -34.56755028 -27.91079541 -32.49523464 -31.61659001
 -26.06465333 -24.3148236  -18.99568569  -9.85654395  -8.33070879
  -5.85486404  -2.15779394  -0.75288758  -8.23767274 -18.01132817
 -15.2407674   -7.29591904  -6.72486285  -7.06513605 -12.10456945
 -14.79135515 -22.58472346 -24.40258251 -24.83538783 -28.19142708
 -28.05602039 -24.67468891 -20.76724675 -19.51990115 -20.52023185
 -26.14783973 -22.89971831  -6.58167345   4.88032338  -0.05818883
  -6.26481267 -12.81144962 -15.00071748 -14.77639532 -16.33945513
 -11.91277573 -11.55284658  -7.60434412  -1.42780407  -1.3747065
  -2.01312219  -1.49531186  -6.82502306 -10.21195536 -14.88145785
 -10.72676592 -11.56456665  -4.5177513   -0.64318345   1.31778816
   9.4666737    8.80179566   1.83917961   5.30049067  10.80808248
   3.11962594  -2.51257072  -9.47251752  -3.29292759   2.49145116
   4.95425617   4.47182155   6.7429984    4.91961572   3.08129374
   7.2568581    8.57142747   8.30298674  11.14510571   3.31488815
   2.54362517  13.49313951  10.1688473    0.658301    -7.34378301
 -13.51407505 -11.50119384 -16.44434956 -11.36184175  -9.93109042
 -11.84701273 -15.23168852 -26.92772416 -33.81607637 -41.44257773
 -29.7442643  -20.30138874 -14.59798414 -10.95913971  -1.86256619
 -10.20963897  -7.3495096    0.73146396   3.96139922   3.4749962
  -3.81968998 -11.17762072 -11.01254551  -8.40094134  -5.80851641
  -2.52932203  -9.24501359 -16.18524973 -16.73567298 -22.39337239
 -26.39843377 -16.30566853 -11.81014817  -7.49375006  -1.0125146
  -6.15634854],[  1.18755656e+00   1.29426057e+00  -5.61090326e-01  -5.36591964e+00
  -5.86390710e+00  -4.11819813e+00   1.07814996e+00   3.45708760e+00
   3.23467758e+00  -2.37150414e-01  -2.96243776e+00  -4.75352705e+00
  -3.13170899e+00   2.55082180e+00   5.83547988e+00   1.59988563e+00
  -2.76009915e+00  -8.55810166e+00  -6.02033954e+00  -1.02945616e-01
   1.37421148e+00   3.39340543e-02   3.41907935e-01  -2.16949379e-01
  -4.65237976e+00  -3.79042832e+00  -5.85009434e+00  -4.69770375e+00
  -1.53453475e+01  -2.08114224e+01  -1.93015225e+01  -1.78869168e+01
  -1.56937292e+01  -1.84481575e+01  -1.21571630e+01  -6.43092570e+00
  -3.91109886e+00  -4.19161918e+00  -6.97773165e+00  -1.89976597e+01
  -2.21209979e+01  -1.59451485e+01  -1.21692800e+01  -1.07200810e+01
  -1.48965054e+01  -2.09905245e+01  -2.27262092e+01  -2.47657558e+01
  -2.20324178e+01  -1.97787276e+01  -2.27127561e+01  -3.00335882e+01
  -3.25522841e+01  -2.60170967e+01  -2.28360069e+01  -1.55057018e+01
  -1.68955251e+01  -1.43371572e+01  -6.74875557e+00  -1.52941619e+00
  -9.50815279e+00  -1.64856480e+01  -1.77700536e+01  -1.67924175e+01
  -1.12051479e+01  -1.14026003e+01  -1.77479698e+01  -1.28881888e+01
  -9.44673410e+00  -8.51333208e+00  -9.16840685e+00  -2.41883491e+00
   1.71155379e+00  -1.55216545e+00  -4.87857953e+00  -8.51864793e+00
  -1.24262676e+01  -1.28403576e+01  -1.02409390e+01  -1.07210081e+01
  -1.04661400e+01  -1.33582859e+01  -9.74726970e+00  -8.39125719e+00
  -7.79455936e+00  -1.03629394e+01  -5.92550828e+00  -4.14067138e+00
  -6.22719871e+00  -9.27815047e+00  -1.14002241e+01  -5.45898984e+00
  -1.26055080e+01  -1.64035552e+01  -1.02011264e+01  -3.18214689e+00
   1.89081343e-02  -3.55438990e+00  -2.99070905e+00  -6.08316761e+00
  -7.62126064e+00  -9.44874264e+00  -5.91772811e+00  -5.78015266e+00
  -8.69844494e+00  -8.22457032e+00  -9.04744004e+00  -1.25949721e+01
  -1.24612284e+01  -1.05914681e+01  -1.17722058e+01  -3.37025094e+00
  -5.87638298e+00  -5.98734557e+00  -8.36813337e+00  -6.19744962e+00
  -4.89598675e+00  -1.76808180e+00   3.04127622e+00   2.36805182e+00
   3.27730188e+00   5.41973686e+00   2.73258658e+00   4.11967301e+00
   5.00474496e+00   3.98811819e+00  -1.53836005e+00  -2.62420335e+00
  -1.00652936e+01  -9.19156318e+00  -8.89021558e+00  -1.60639129e+01
  -1.93504907e+01  -1.95001789e+01  -2.23857014e+01  -2.53034198e+01
  -2.04497462e+01  -1.81763343e+01  -2.38371320e+01  -3.51863943e+01
  -2.96949924e+01  -2.81211156e+01  -3.23162691e+01  -2.97350305e+01
  -2.01087526e+01  -1.19409669e+01  -1.43225093e+01  -1.54048915e+01
  -1.22503235e+01  -7.93792089e+00  -6.64883294e+00  -1.60526680e+01
  -1.76335000e+01  -1.32736130e+01  -6.37720416e+00  -6.44558898e-01
  -3.46341691e+00  -5.66037378e+00  -1.22151330e+01  -1.51201270e+01
  -1.32278876e+01  -1.33647379e+01  -1.19022807e+01  -9.87330698e+00
  -1.17148879e+01  -1.37709039e+01  -1.54065117e+01  -9.43236358e+00
   2.23108874e-01  -8.33163184e-01  -5.38945698e+00  -7.47566275e+00
  -4.83732789e+00  -6.45328421e+00  -1.13662908e+01  -1.43663090e+01
  -1.27007175e+01  -2.60495804e+00   1.15118049e+00  -2.52370336e+00
  -1.27767002e+01  -2.13041550e+01  -1.84492091e+01  -1.26865650e+01
  -1.18581989e+01  -1.04383318e+01  -1.28201517e+01  -1.53560682e+01
  -1.44001519e+01  -1.43105589e+01  -1.99925683e+01  -1.52852283e+01
  -1.46622923e+01  -1.62097329e+01  -1.98795546e+01  -1.88208542e+01
  -2.24891089e+01  -1.99315363e+01  -1.91315016e+01  -1.62860208e+01
  -9.79493254e+00  -1.46094176e+01  -1.99779191e+01  -2.24658055e+01
  -1.91514588e+01  -1.70192122e+01  -1.66317927e+01  -1.59346461e+01
  -1.19128516e+01  -7.99704982e+00  -9.41312914e+00  -1.16857142e+01
  -1.31775467e+01  -1.12351669e+01  -5.63534823e+00  -6.16356899e-01
   2.56840750e-01   1.79457285e+00   7.99717852e+00   8.83826667e+00
   5.42169717e+00   9.17081979e+00   9.59644379e+00   9.11354258e+00
   1.06370258e+01   6.48783831e+00   6.34732569e+00   8.25574326e-01
   2.21958238e+00   5.66253530e+00   6.21462541e+00   3.71371991e+00
   3.01224614e+00   2.39283694e+00   4.99547503e-01   1.27890892e+01
   2.33904513e+01   2.55189935e+01   1.32672717e+01   1.93351290e+00
  -4.70060470e+00  -2.69940945e+00   1.20108501e+00   4.00787599e+00
  -1.32345502e+00  -4.43672255e+00  -4.01612739e+00  -7.89535515e+00
  -1.36863040e+01  -1.79245756e+01  -1.27502772e+01  -1.10833218e+01
  -1.28854675e+01  -1.87322899e+01  -2.55780245e+01  -2.98881724e+01
  -1.75001315e+01  -6.63706943e+00  -1.18878491e+01  -1.06346108e+01
  -1.43400194e+01],[  0.9750283   -3.55154172  -5.65478029 -10.94998464 -14.4228229
 -15.45678453 -13.33383752  -4.37413449   2.21496182   5.11006878
   6.5544985    4.86020381   0.86673764  -5.74046189 -10.93327947
 -16.29453974 -18.59875736 -21.86494504 -17.7393313  -13.18092201
 -15.45664998 -18.43378058 -19.94033797 -17.74726303 -23.33907842
 -23.59407844 -26.37112568 -17.77617086  -8.11670638  -4.76610363
   0.52476282   3.39906565   7.03911307   6.73090929  11.52774099
   7.09841084  11.21093626  11.59861143  10.13007331   7.46196144
  -2.20433452 -12.96052213 -16.02328403 -17.56947879 -16.60776317
 -13.86756473  -6.94839096  -0.85934419  -0.89722606  -2.01208439
  -0.57271393  -2.21930346  -2.66204889   0.56449515   4.78995407
   7.00457903   3.89400066   5.55873072   6.71933485   7.85842811
   1.15266928  -7.84705381  -6.81887635  -7.10706846  -6.71164819
  -4.39503976  -8.01126163  -7.15212946  -3.46447774  -0.46392844
  -3.36246461  -1.96332575  -1.93294977 -10.00459353 -17.16721061
 -14.65874638 -15.06217962 -11.31423711 -10.78621217  -9.48286927
  -5.30034211  -4.69386055   3.02221391   4.63512157  -1.07442853
   0.22676984   5.16619531   6.85977307   8.13232871  -0.6833058
  -4.90149312  -0.1220647   -5.76645942  -2.01181005   1.43062048
  -0.12673185  -1.07970986  -0.47551116   1.3379058   -7.15115958
 -12.02884502 -14.83140799 -11.94367826 -10.01683242  -7.39348799
  -2.64378657  -4.53815725  -7.38702742  -6.71711787  -4.31604718
  -2.29526183  -3.14130622 -12.42672221 -12.22604402  -9.51736854
  -4.68475838  -6.72906444  -2.6256237    0.04267692  -1.76548592
   2.60037746   5.09675845   2.06207196   1.89059683   1.60190922
   1.17545791  -0.14263197  -1.90715824 -11.47763771 -10.69283074
  -8.69907793 -15.75350288 -17.20079464 -16.21846086 -22.8553408
 -29.92049664 -20.82155834 -15.05840662 -15.34054962 -12.13479868
  -3.39191627  -0.8497713   -2.37183284   1.34652559  -1.33989733
   3.09343536   1.84082466 -11.35762861 -11.69509173   2.36828672
   8.16510977   3.77884612   1.47196415   0.56068349  -1.07276631
   1.19697138  -1.23754234  -3.87555816  -6.58548994  -0.52061165
   5.19705589   3.7877717    1.21192276  -0.88464723  -0.66575261
  -5.22692404 -10.40908314 -11.59942998  -3.05541551   4.33555309
   3.26911561  -3.43232325  -0.08986704  -2.66054537  -8.6946794
  -8.68463673  -3.39754185  -2.56535836  -6.87036791  -4.52654495
  -6.78866431  -7.40517684  -3.90987647  -4.42149958  -8.79234743
 -13.0017513  -13.2167033  -12.70701534 -15.57199649 -19.09908327
 -23.72900198 -13.80128459  -7.52945147 -10.03181142 -14.52868436
 -14.00111802 -12.48161594  -5.87989983  -3.63026743  -1.1801008
  -5.12880298  -7.46143332  -2.4884345   -5.2414408   -1.6924335
  -1.35259278  -4.59554767  -3.01201328  -2.54811053  -6.70371921
  -9.01537227  -8.55916399 -10.6278199   -8.37087859  -7.13509348
  -4.4719786   -2.4121689    1.73773787   5.53359369   8.54449489
   1.76615849  -3.65624312  -2.01092034  -2.46090735  -7.69306035
 -12.36816272 -16.65966045 -13.08777631  -7.83368243 -10.3172657
 -11.77210352 -15.99096071 -12.44729043 -12.3464739  -13.7397495
 -11.23894516  -2.91385301   5.40159181   0.88049949  -3.99044344
  -0.35304972   3.8736194    5.32803964   9.98911712   2.82232977
  -1.38021722   1.64489273  -5.35446211  -7.00083706 -10.79773372
 -10.55179178  -8.46562363 -10.31043987 -14.31673476 -14.72269546
 -15.78136851  -3.96807656   0.34880121 -14.01483316 -13.79676871
 -11.63708566],[  8.92183476e-01  -5.85863678e+00  -8.24659711e+00  -7.17938269e+00
  -1.08506740e+01  -1.43740367e+01  -1.73406201e+01  -1.66649041e+01
  -1.82514710e+01  -2.12980582e+01  -2.44286625e+01  -3.00762605e+01
  -3.62388336e+01  -3.92745037e+01  -3.39040507e+01  -2.65730725e+01
  -2.27104050e+01  -1.89316272e+01  -1.54471758e+01  -7.84776816e+00
  -6.94760674e+00  -5.57412625e+00  -5.63540581e+00  -2.85344832e+00
  -3.48585753e+00  -8.37386206e+00  -1.65291996e+01  -2.13995758e+01
  -1.81536093e+01  -1.45467157e+01  -1.19230816e+01  -4.64954422e+00
   1.30253098e+00   6.54103779e+00   6.78557182e+00   2.87603953e+00
   5.78977563e+00  -2.04653683e-03  -7.38455916e+00  -1.24761146e+00
   1.75523652e+00  -1.04873917e+01  -1.50965862e+01  -1.54549315e+01
  -1.41076248e+01  -1.36658940e+01  -1.90528885e+01  -2.05792196e+01
  -1.87953142e+01  -1.66113551e+01  -1.27984955e+01  -9.35303884e+00
  -8.66643445e+00  -7.12463296e+00   1.70408728e+00   6.59936781e-01
  -6.58468150e-01  -9.92867213e-01  -5.23650474e+00  -2.12779825e+00
  -2.24657058e+00  -8.08465767e+00  -9.96561094e+00  -1.50150173e+01
  -1.65351060e+01  -7.52356705e+00  -8.96756777e+00  -1.02318288e+01
  -7.58830176e+00  -8.01303820e+00  -6.65671011e+00  -4.90608380e+00
  -9.62073238e+00  -1.08914889e+01  -8.27994481e+00   2.07083812e+00
   2.78790562e+00   5.02116636e-01  -5.59047092e+00  -4.91065646e+00
  -3.40531776e+00   2.25087471e+00   3.58462004e+00  -3.78214201e+00
  -1.60662426e+01  -2.34219197e+01  -2.38289080e+01  -1.79389929e+01
  -1.16133328e+01  -1.60168739e+01  -1.53884850e+01  -1.55826889e+01
  -1.69663552e+01  -1.25613336e+01  -1.57771992e+01  -1.65135317e+01
  -1.88062445e+01  -1.94734559e+01  -8.72298042e+00  -1.22853169e+01
  -2.32658695e+01  -1.94190577e+01  -1.04237796e+01  -8.74438290e+00
  -6.77639462e+00  -1.05615224e+01  -1.48675511e+01  -1.38750347e+01
  -1.75310212e+01  -1.15368342e+01  -5.06974247e+00  -8.51743541e+00
  -1.26141072e+01  -2.13955430e+01  -2.38959146e+01  -2.05597969e+01
  -2.12623882e+01  -2.25519897e+01  -2.03431942e+01  -2.38300787e+01
  -2.63126333e+01  -2.21118650e+01  -1.84955797e+01  -1.38672889e+01
  -4.07356034e+00  -2.17536985e+00  -4.24278721e-01   1.73323840e+00
  -7.26126170e+00  -6.43468437e+00   6.21111795e+00   8.92957145e+00
   1.04141818e+01   8.65048878e+00  -9.84458037e-02  -8.57376141e+00
  -1.00126296e+01  -8.53527791e+00  -1.16534096e+01  -4.16564281e+00
   1.17347799e+00  -1.78978540e-03  -3.88334015e+00  -4.07685954e+00
  -1.22349791e+01  -1.00816087e+01  -7.70454199e+00  -1.23556545e+01
  -1.50920671e+01  -4.41621655e+00  -3.12911669e+00  -6.90722113e+00
  -1.45101408e+01  -1.02562992e+01  -9.69366541e+00  -6.62003979e+00
  -6.24161113e+00  -5.33434830e+00  -1.26113394e+01  -8.91344187e+00
  -1.03572500e+00  -3.73219772e-01  -2.32282273e+00  -9.20048307e+00
  -5.30032034e+00  -8.35691308e+00  -1.55283545e+01  -1.44744213e+01
  -1.17162072e+01  -1.10188141e+01  -1.24768813e+01  -9.83300480e+00
  -4.91129886e+00  -6.22849729e+00  -7.76241950e+00  -8.13409502e+00
  -4.15689409e+00  -2.02941526e+00  -3.18458646e+00  -4.53699064e-01
  -8.87380346e-01  -3.24545470e+00  -3.90047646e+00  -3.38269569e+00
  -3.09595453e+00  -3.32195854e+00  -3.15801908e+00  -2.55364535e+00
  -1.46481431e+00  -8.86868739e+00  -1.32713245e+01  -3.73447730e+00
  -6.51569498e-02  -2.11611516e+00  -9.45191753e+00  -1.55304510e+01
  -1.37184275e+01  -1.51693963e+01  -1.94330981e+01  -2.06658967e+01
  -2.67649573e+01  -2.39446729e+01  -1.62603946e+01  -9.16837947e+00
  -3.29752793e+00  -3.38406027e+00  -5.01851103e+00  -8.95173844e+00
  -9.13868776e+00  -1.42337439e+01  -1.35176826e+01  -1.10661149e+01
  -1.63119236e+01  -1.86393572e+01  -2.24818760e+01  -2.29686253e+01
  -1.61465549e+01  -1.39124152e+01  -2.08676359e+01  -2.40703361e+01
  -2.30999111e+01  -2.05093082e+01  -9.96719708e+00  -8.18494203e+00
  -1.41906594e+01  -1.59920458e+01  -2.84158471e+01  -3.33801125e+01
  -2.86628993e+01  -2.82523146e+01  -2.44047468e+01  -2.69809857e+01
  -2.61912073e+01  -2.09825166e+01  -1.91666145e+01  -2.04037211e+01
  -2.27119822e+01  -2.08374025e+01  -2.25619313e+01  -1.89470335e+01
  -1.52243230e+01  -1.54276292e+01  -1.33946743e+01  -7.82621269e+00
  -1.04813973e+01  -7.33779905e+00  -1.66105692e+00  -1.66297343e+00
  -8.82431630e+00  -1.03689535e+01  -9.72989341e+00  -1.02527340e+01
  -1.25899328e+01  -1.39783047e+01  -1.56695612e+01  -1.49427472e+01
  -8.11542980e+00  -8.93968021e+00  -1.82207055e+01  -8.74761754e+00
  -1.53136203e+00],[  1.49382788   2.70479985   5.43945643   3.3922996    1.50333264
  -2.71649634  -5.02708487  -6.62217335  -6.18766812 -10.35573716
  -8.70223027  -8.69561137 -12.78208819 -14.21629533  -9.98516371
  -4.86299188  -8.96913149 -12.59335928 -15.84704647 -17.37929235
 -19.84624223 -12.43457296 -10.20269357  -8.0462611   -3.91033943
  -4.79474738  -8.14949385  -9.32427842 -12.2866923  -15.37363391
 -15.37535769 -11.02952101 -14.39428466  -9.96629887  -6.07532564
   1.231822    -5.26367061 -10.07442448 -15.88610433 -15.90757256
 -13.83389244 -11.55408537  -5.71853197  -8.49405351 -10.60216844
  -8.48363457 -10.24053541 -11.22289214 -12.51990031 -12.31024674
 -12.2426291  -10.28874052 -11.65796995 -11.62688139  -4.77531389
  -9.00800187  -9.80008795 -11.13136528 -15.56526542 -14.64805895
 -14.35698052 -15.10559407 -17.87677542 -20.49478541 -22.67842585
 -15.58655606 -11.94476744  -7.09252895  -7.93141122 -16.4418235
 -16.09287747 -13.14307795 -16.78707808 -14.17034129  -9.18204291
  -7.08023416 -14.55037572 -16.8089645  -17.23975393 -16.08308429
 -13.22041089  -8.59108413  -9.14911191 -15.81280836 -24.6276155
 -27.7185396  -23.382519   -19.35696745 -18.33628687 -16.32317597
 -14.05798298 -17.07170602 -16.55257502 -14.49866218 -16.73154231
 -14.26742522 -17.92944674 -24.19378706 -19.09162415 -18.64272077
 -22.66646927 -18.3523426  -13.0712037  -13.09085689 -16.20185084
 -23.98806484 -27.14684496 -24.30353284 -22.16975749 -17.28901938
  -9.24429196  -7.83782662  -3.88578844 -13.17252935 -15.00063988
 -12.72900521 -11.80832441 -17.7387193  -21.48648449 -25.13338797
 -30.71329298 -24.74782643 -20.85113164 -20.23019107 -12.80668773
  -9.86748408  -4.72476059   2.04891667  -2.70955862  -7.36844995
  -1.1038489    1.59225618   4.19376446   2.36783817  -2.71204418
  -9.91727862 -12.18690703 -11.51811833 -20.19741477 -31.58836252
 -37.78383529 -35.29622291 -33.09003575 -31.68803792 -31.34008895
 -23.24543414 -16.69809923  -9.64078339  -4.35341795  -1.40282553
  -4.31149073  -5.21405307 -10.56569813 -13.61794615 -11.35924472
  -9.50480458 -16.56085328 -13.90134965 -19.08794522 -22.97331499
 -27.53437137 -25.19061991 -16.9320926  -21.27948639 -22.87111215
 -23.85210321 -22.34482689 -16.90935687 -15.85871889 -19.86066556
 -22.88298948 -22.09159904 -17.98721558 -16.77674568 -15.79495032
 -15.46165825 -14.8420235  -11.54822709 -15.20309545  -8.5375515
  -6.34109371 -11.75077347 -11.47010749  -8.19331699  -5.6656181
  -3.72395597  -4.1700927   -6.1896147   -6.42851224  -7.69864637
 -14.92325379 -12.21762057  -7.65597738  -2.46635446  -1.70962031
  -4.76573015  -2.35385725  -7.85406093 -14.5777334  -16.88279307
 -18.20052674 -17.14010283 -14.91422231 -10.2387925   -7.93723889
  -0.53720073   1.44581565  -2.04589377  -0.48574198   0.17849689
  -2.78167749  -3.8598851   -7.31271455  -5.54133757  -2.8559883
  -4.65047246  -3.99033522  -6.35789674  -9.45576899 -16.66142807
 -14.40754593  -8.58521996  -6.54706141  -3.85843166   1.19578266
   6.36348283  -8.96268699 -20.00855706 -19.22579356 -16.6839647
 -15.38840733 -19.26943034 -17.36882342 -12.59017973  -8.68451628
  -9.80539237 -11.26304426  -9.67583837  -8.9372146   -4.88934719
   5.8911569    5.08261528   5.38521323   6.62920858   4.78637124
   2.21055942  -2.27876864  -6.70448825 -12.40239262 -10.86305867
  -9.56110439  -9.6147862   -8.06230405 -11.25821129 -16.32217706
 -15.44690792  -9.5494654  -11.21999847 -16.43377778  -5.20753291
   0.64386063],[  1.14715989   1.70422217   3.34570697   2.08064363   3.41957705
   0.45081638  -8.69851759 -17.73583379 -18.13905403 -21.11300493
 -17.97670445 -13.76170731 -11.1819021  -12.20178665 -11.52830724
  -9.93382699 -17.17401205 -16.80660427 -13.54837424 -13.7614115
 -16.87937776 -14.51683506 -16.29701624 -13.57276085 -10.2885496
 -13.95041251 -15.15455978  -7.02001254  -4.17468841  -6.78459964
  -4.20521962  -3.19788964  -9.15353985  -7.76183547  -5.39271615
   2.16475365   2.33797613   3.508848     7.44030934   2.06414788
  -4.74915526 -10.6670201  -12.65418909 -12.47272385 -10.43625917
  -8.05317373  -1.06392762   2.57755178   2.0109177    0.96530176
  -2.9320194   -2.17621372   0.82881762   2.0865551    3.34462815
   3.71262624   7.2907963   -0.47825188  -3.49298968  -6.78879855
 -12.53091686 -11.49170136 -10.51062993  -9.90055275 -13.86753971
 -12.82796778  -6.60271359  -1.91645988  -2.36821782  -9.95086358
 -13.10894304 -11.86342068  -9.83017001  -6.75822384  -7.2699476
 -10.4075044  -17.02579146 -13.77993702 -10.62889654  -8.68166285
  -1.21124373   2.68809655   1.4248752   -0.18513191   0.4608288
  -2.19381512  -5.37315088 -11.51175395 -10.31689475  -4.26771385
  -6.24833585 -10.81547805 -10.14840838  -6.31761455  -3.88338212
  -3.41995658  -9.41322326 -13.23206979 -12.96912063 -14.09509983
  -7.52769674  -9.13861685 -12.07028508 -14.9679443  -17.19201358
 -20.81934373 -19.47919194 -14.36425714  -9.80314308 -15.10147941
  -8.20598235  -2.81403626  -0.24897763   0.21026073   4.92122058
   6.58509975   7.01226688   2.76270444   1.47001475   4.00189184
   6.68053721   9.71203369   5.42121525   0.35317968  -3.00768599
  -5.18726498  -1.04142435  -0.77028095  -3.95405194  -8.60278688
 -12.98321254 -13.95853152 -10.18633693  -6.55285933  -5.73512247
 -12.68372824 -13.5395542  -10.62961852 -10.06366167 -15.81800992
 -19.45097325 -11.6717757   -9.93701307 -11.34212007 -18.15621538
 -21.36123342 -18.69625998 -10.63810912  -6.34610658  -4.11933348
  -7.94978894  -7.10083679 -14.63745066 -21.66033535 -26.05319539
 -21.28171324 -21.48874233 -16.52436314 -14.5075817  -14.57392985
 -14.46226707 -16.75592233  -8.9463177   -6.52168761 -12.16901195
 -17.93937477 -19.89378375 -21.18829061 -19.67869731 -17.33071392
 -18.8828847  -22.82744328 -22.05221071 -19.9020987  -17.23088325
 -13.2526232   -8.56283315  -9.59944187  -7.81064925 -10.80782159
 -16.01474638 -18.3071506  -20.74429459 -19.78279394 -16.97662216
 -12.9313893  -11.23223605  -9.86030386  -8.94118443  -9.74583645
 -14.1773072  -10.2703429    0.9048469    1.79653203   3.25281728
   4.90067248   5.01410715   5.77407741   2.0900489    3.97668577
   4.19382312   1.45336647   7.00743566  11.12011824  11.45260498
   9.92262469   2.63617379   0.43341576   3.99469245   5.1829439
  -1.41181097   1.366004     1.7687169    0.0516121    2.0123256
   1.08019505  -3.84838904  -7.20257623  -1.99460763  -6.76488784
  -4.17160992   1.23625176  -2.45051703  -5.76689845  -5.17802028
  -5.61059475 -14.28601552 -15.27760705 -18.00117864 -21.81641859
 -25.93450001 -30.88740857 -24.74423132 -19.83801159 -20.82981873
 -23.60882778 -14.81111895  -4.06904739  -4.06656168  -8.59744966
  -6.06096914  -9.52504593 -14.20741835 -14.25835735 -10.27355947
  -9.75113849 -16.30884686 -15.21300289  -7.26875226  -9.95349496
 -16.49786043 -17.4917165  -16.01508114 -16.08656767 -22.12114681
 -20.52947755 -14.87760238 -15.41228363 -13.29094405  -4.75782916
  -1.57623175],[  8.53927156e-01   7.13358929e-01   1.95705424e+00   5.62943168e+00
   9.99721439e+00   1.31754443e+01   8.30318527e+00   2.56362523e+00
  -5.52569066e-01  -7.13857187e+00  -8.81987739e+00  -1.04027405e+01
  -1.74226614e+01  -1.86155138e+01  -1.39353957e+01  -1.19122732e+01
  -1.10026957e+01  -7.42529571e+00  -6.52377114e+00  -5.13539006e+00
  -4.47326201e+00   1.69647930e+00  -1.89815803e+00  -7.61404787e-01
   3.46516323e+00   3.32582938e+00  -1.50176287e+00  -3.07359390e+00
  -2.29389229e+00  -5.17017951e+00  -4.04024452e+00  -3.79958536e+00
  -4.16730000e-01  -1.08295141e+00  -4.64595083e+00  -1.78184006e+00
  -1.10336329e+00  -9.59145885e+00  -5.23784338e+00  -5.97413417e+00
  -6.19640871e+00  -1.43593305e+01  -1.49919141e+01  -8.27170526e+00
  -1.02443993e+01  -1.38265051e+01  -1.53054328e+01  -1.12724966e+01
  -5.41890927e+00  -2.44393260e+00  -4.62670239e+00  -8.75190952e+00
  -3.31583315e+00   6.11084158e-01   2.05394154e+00   2.80958107e+00
   6.94270912e-01  -4.97955927e+00  -2.97195407e+00  -6.39006999e+00
  -1.53796152e+01  -1.64055599e+01  -1.23194423e+01  -1.31925704e+01
  -1.79333647e+01  -1.53306819e+01  -6.18009443e+00  -9.05597372e+00
  -9.71998755e+00  -1.29857553e+01  -1.77196848e+01  -1.91462359e+01
  -1.33140599e+01  -8.31256898e+00  -7.26605649e+00  -4.65421347e+00
  -6.26317976e-01   3.25066251e+00  -2.73131523e+00  -9.36031981e+00
  -7.44060490e+00  -4.25606714e+00  -5.26653824e+00  -6.39094674e+00
   6.59155894e-01  -3.68662653e+00  -1.37920411e+01  -1.60868590e+01
  -1.11310571e+01  -1.06106698e+01  -1.08776917e+01  -1.30631959e+01
  -1.39466372e+01  -1.31561012e+01  -9.66205113e+00  -7.81839705e+00
  -1.08518514e+01  -9.25856904e+00  -5.82370588e+00  -1.01352891e+01
  -8.84217180e+00  -8.92362174e+00  -7.32300908e+00  -7.81828400e+00
  -6.98862154e+00  -7.36238501e+00  -4.46478908e+00  -2.07584378e+00
  -2.81590549e+00  -9.75089195e+00  -3.88625218e+00   1.42416207e+00
   5.42716019e+00   5.37699633e+00   5.51721969e+00   9.45587829e-01
   3.27922563e-01   2.89912734e+00   6.85556183e+00   7.79205532e+00
   9.75394365e+00   4.15968185e+00   1.80583472e+00   4.65792715e+00
   3.66259473e+00   1.52972488e+00  -1.90599088e-02  -6.12207632e-01
  -5.58373028e+00  -9.23485462e+00  -1.60642722e+01  -2.07286065e+01
  -1.95336340e+01  -1.50605517e+01  -1.12978921e+01  -1.15207534e+01
  -1.73300347e+01  -1.59546311e+01  -9.36872659e+00  -2.31851540e+00
   2.14703429e+00   3.41006071e+00  -1.42499952e+00  -2.45676382e+00
  -1.31455250e+00  -3.48962183e+00  -5.86461754e+00  -7.22509556e+00
  -1.30757532e+00   3.97528286e+00  -2.81231873e+00  -3.51401772e+00
  -9.08158714e+00  -7.69495505e+00  -9.21370653e+00  -7.49144781e+00
  -4.68015784e+00  -4.02777199e-01  -4.26282964e+00  -8.43291083e+00
  -6.96703637e+00  -1.32924750e+01  -1.12972568e+01  -1.91341101e+00
  -2.53172137e+00  -5.03712120e+00  -1.75322539e+00   3.12535720e+00
   3.73586561e+00   1.84676394e+00  -2.81481868e-01  -1.18390166e+00
  -1.02412861e+00  -1.55028330e+00  -2.57868320e+00  -3.42356598e+00
   3.15422481e+00   1.50815078e+00   8.64109990e+00   5.30575509e+00
   1.16119548e+00   4.66490273e+00   2.48313584e+00   3.26408380e+00
   3.53884204e+00   7.25850844e+00   6.11268600e+00   3.29756440e+00
   6.75073496e+00   7.49727425e+00   2.64265111e+00   2.72730221e+00
   5.90492457e+00   7.54531877e+00   1.02697955e+01   8.76650298e-01
  -3.95602217e+00  -5.53695258e+00   3.89065042e-01   7.16445888e+00
   5.88161846e+00  -2.59311231e+00  -2.97834420e-01   3.97052549e+00
   3.00146588e+00  -2.42499394e-01   7.08680835e-01   6.33173152e+00
   4.16192739e+00   5.86757757e-01   1.41028406e+00  -1.08006089e+00
  -1.20732969e+00   8.27383859e-01   5.96367341e+00   6.44202563e+00
   6.30626620e+00   4.45946506e+00   8.13914354e+00   3.92041180e+00
   4.07298133e+00   5.95583782e+00   5.93567054e+00   2.68028842e+00
   9.41747935e-01  -3.72162163e+00  -1.18520132e+01  -1.50653662e+01
  -1.71827769e+01  -2.32527611e+01  -2.20026766e+01  -2.10351820e+01
  -1.22736783e+01  -5.63858603e+00  -5.51716183e+00  -1.09986447e+01
  -7.53727327e+00   1.98325465e+00   5.39633003e+00   3.27233062e+00
  -1.03889881e+00  -2.57128504e+00  -2.42930989e+00  -1.13050101e-01
   5.98490404e-01  -2.03730190e+00  -6.11574849e+00   1.55981444e+00
   2.29269872e+00  -4.16972111e+00  -1.43359119e+00  -6.21862595e-01
  -1.22021600e+00  -2.36892863e-01  -6.40678706e+00  -5.62267768e+00
  -5.94138045e+00  -3.87628114e+00   1.98091209e+00   5.99682373e+00
   3.68072188e+00],[  1.15780724e+00  -2.14722796e-01  -2.37732748e+00  -8.94227973e-01
  -3.44876504e+00  -3.18133905e+00  -2.05607717e+00   3.29311282e+00
   3.04590235e+00   3.48656710e+00   8.58259559e+00   9.16573717e+00
   2.55502610e+00  -1.27250583e+00  -1.74645405e+00  -3.65669655e+00
  -3.91677730e+00  -4.91167840e+00  -8.05873341e+00  -1.44381890e+01
  -1.08853606e+01  -3.24740147e+00  -5.49829997e+00  -6.99738783e+00
  -7.09465006e+00  -5.32418161e+00  -7.70529615e+00  -7.92157312e+00
  -5.81825885e+00  -1.67604263e-01   1.01105955e+01   6.82176380e+00
   4.55544728e+00   3.27145725e+00  -1.61884475e+00   3.35010660e+00
   1.47627340e+00  -8.10990781e+00  -7.83281192e+00  -5.69943615e+00
  -2.53467911e+00  -2.62788619e+00  -1.27900891e+00  -1.05920162e+00
  -6.55306700e+00  -4.98454295e+00  -7.39724565e+00  -5.27833136e+00
  -1.85458625e+00   8.96387714e-01   1.08319168e+00  -2.15593874e+00
   9.98190319e-01   3.07741205e+00   4.97997977e+00   3.33621861e+00
  -3.77073493e+00  -2.27178812e+00   2.92122757e-01  -2.82438225e+00
  -7.10620662e+00  -9.03343354e+00  -7.30949104e+00  -7.46643800e+00
  -1.23673095e+01  -1.02384472e+01   3.18465080e+00  -1.73494469e+00
  -6.04208964e+00  -8.53445881e+00  -1.24824869e+01  -1.42033727e+01
  -8.62925257e+00  -1.02798492e+01  -1.37429616e+01  -1.04405374e+01
  -4.30886087e+00   3.59433927e+00  -1.89678758e-02  -9.21305614e+00
  -1.23941403e+01  -1.28225753e+01  -9.07026153e+00  -1.02656203e+01
  -6.63750756e+00  -4.59795210e+00  -4.27537597e+00  -1.23613054e+00
  -4.65384966e-01  -1.03137768e+00   3.21411229e+00   3.75574942e+00
   6.79057947e-01  -5.55535308e+00  -3.83431604e+00  -1.34163614e+00
  -2.86272922e+00  -1.85332372e+00   1.78575982e-01  -3.18679908e+00
  -8.60430241e+00  -7.89348787e+00  -7.93196679e+00  -6.04414124e+00
  -6.27418675e+00  -2.34290888e+00  -3.54735085e+00  -6.37851712e+00
  -4.07276171e+00  -2.54752495e+00   1.17838827e+00   3.05729388e+00
   7.30449155e+00   5.02559668e+00   2.48010791e+00   1.93034287e+00
   4.34984527e+00   1.31154496e+01   1.57293317e+01   1.02122843e+01
   6.56906560e+00   2.81266850e-01   3.82030811e+00   8.59881235e+00
   3.29499353e+00   4.97705904e+00   5.43898061e+00   9.43523005e+00
   1.06862763e+00  -2.01627068e+00  -7.27696411e-01  -5.98025633e+00
  -7.07317787e+00  -8.16914343e+00  -4.32308670e+00  -2.01935790e+00
  -7.91839885e+00  -8.78511605e+00  -8.86173799e+00  -8.34476951e+00
  -7.14077379e+00  -1.32600990e+01  -1.31635036e+01  -8.86127437e+00
  -7.60617211e+00  -1.06037310e+01  -1.25567460e+01  -1.30992590e+01
  -4.99766011e+00   1.44494762e+00  -3.68234425e+00  -5.40725631e+00
  -1.35703224e+01  -1.34578164e+01  -8.38466367e+00  -9.70898931e+00
  -8.58862758e+00  -3.28125621e+00  -4.54985340e+00  -8.03259435e+00
  -1.08849880e+01  -1.54483327e+01  -1.48346374e+01  -1.16276766e+01
  -1.09522022e+01  -9.59929567e+00  -2.11398353e+00   2.93789290e+00
   7.09232227e+00   3.61623641e+00   1.54235168e+00  -1.77484802e-01
   1.21997223e+00   1.03821393e+00  -2.32342122e+00  -6.66545709e+00
   1.02668353e+00   1.88168740e+00  -2.26338915e+00   1.96458965e+00
   9.30656019e+00   9.77595048e+00   5.37728189e+00   8.82702067e-01
  -5.01207251e+00  -5.90800750e+00  -5.04487032e+00  -1.80804762e+00
   2.08990864e+00   4.16476647e+00  -2.28708481e+00  -5.00007309e+00
  -3.12543690e+00  -3.04060116e+00  -7.08301217e-01  -9.49944333e+00
  -1.68831468e+01  -1.48582337e+01  -1.57180610e+00   1.16545893e+00
  -3.85720011e-02  -5.00755226e+00  -5.31109435e+00  -6.70285198e+00
  -5.71559254e+00  -5.19878183e+00  -1.81839359e+00   1.82559645e+00
  -4.07669408e-01   1.18371053e-01   7.22639845e+00   2.09507287e+00
   5.68162459e+00   1.08203483e+01   1.08223662e+01   9.49105190e+00
   1.08241321e+01   9.31051084e+00   1.18333274e+01   8.67398466e+00
   7.68634076e+00   8.82416245e-01  -1.16240485e+00   2.71027709e+00
   7.98757605e-01  -4.90923582e+00  -1.25459166e+01  -2.03862629e+01
  -1.81675487e+01  -2.17365054e+01  -1.88781822e+01  -1.33388684e+01
  -8.45174584e+00  -7.00907934e+00  -1.04665261e+01  -1.33505213e+01
  -1.52497627e+01  -1.41259195e+01  -1.30551573e+01  -7.46997876e+00
  -2.54197966e+00   3.94325945e+00   3.56843331e+00   1.88465235e+00
   4.61913131e-01  -5.24583797e+00  -1.04625652e+01  -6.31316832e+00
  -3.27443051e+00  -5.40324589e+00  -1.46470005e+00  -1.86515435e+00
  -2.02679736e+00   3.11409868e-01   2.99154373e+00   3.65730661e+00
   5.72033041e+00   5.52848678e+00   5.58083793e+00   8.15789731e+00
   8.04704959e+00],[ -1.24111660e-03  -3.80572802e+00  -6.54951936e+00  -6.40061176e+00
  -1.19347174e+01  -1.36588937e+01  -1.58059308e+01  -1.61478086e+01
  -1.83625250e+01  -2.21503594e+01  -2.21428714e+01  -1.90550515e+01
  -1.88588783e+01  -1.70739044e+01  -1.23930237e+01  -1.02923709e+01
  -9.86331353e+00  -4.76367775e+00  -4.66926252e+00  -6.75787859e+00
  -3.82958939e+00  -3.56268649e+00  -3.04647173e+00  -4.38916904e+00
  -1.00160517e+01  -1.35385096e+01  -1.76299386e+01  -1.34524932e+01
  -1.75495403e+01  -1.16139315e+01  -1.22674030e-01  -2.67771536e+00
  -6.81400044e+00  -5.65801280e+00  -5.45956249e+00  -2.46411503e+00
   2.03098617e+00   1.92230507e+00  -2.02800581e+00  -1.95874086e+00
  -5.60075439e-01  -5.48807010e+00  -1.14582204e+01  -1.27550705e+01
  -1.36793788e+01  -9.65002434e+00  -1.00221481e+01  -1.70234305e+01
  -1.70517977e+01  -1.52041218e+01  -1.41245845e+01  -1.00380755e+01
  -2.81766895e+00  -4.22064362e+00  -2.43488214e+00  -2.73039434e+00
  -1.11732135e+01  -1.42204713e+01  -1.44096568e+01  -9.89333018e+00
  -8.14461127e+00  -8.62716776e+00  -1.08269371e+01  -6.87074536e+00
  -7.06698673e+00  -1.00382987e+01  -3.44549584e+00  -3.84657625e+00
  -6.22185882e+00  -7.85670014e+00  -7.29345645e+00  -5.54882317e+00
  -4.88379991e+00  -1.29751581e+01  -1.62412158e+01  -9.98090346e+00
  -2.39771583e+00   4.41389472e+00   5.50897070e+00   3.50070029e+00
   1.37760916e+00  -1.12029249e+00  -4.83656632e-01  -3.81782102e+00
  -9.51523861e+00  -1.14854089e+01  -7.37677828e+00  -6.48759491e+00
  -4.97630030e+00  -7.16135798e-01   4.57055930e+00   4.91388832e+00
   2.09028422e-01  -7.95464498e+00  -3.02889613e+00  -1.47200015e+00
  -9.95765069e+00  -1.26307139e+01  -9.88813268e+00  -7.26863836e+00
  -1.03605657e+01  -1.33446530e+01  -1.37499271e+01  -1.39748963e+01
  -1.48959191e+01  -1.22628297e+01  -1.45557802e+01  -1.31824883e+01
  -9.90132469e+00  -6.67001385e+00  -3.26545382e+00   2.89753263e+00
   3.26587268e+00  -2.50257269e+00  -6.67807048e+00  -9.14620699e+00
  -3.60296048e+00   5.30372747e+00   7.00329800e+00   5.32234393e+00
   2.40923822e+00  -6.24845601e-01   1.25741319e+00   6.12123662e+00
  -6.48248209e+00  -9.78989170e+00  -2.44045136e+00   7.87625229e+00
  -1.40684796e-01  -4.93666178e+00  -4.56834448e+00  -5.07213827e+00
  -4.43970638e+00  -2.53037427e+00   3.71666812e+00   2.67635691e+00
  -4.31668523e+00  -9.32709996e+00  -9.93303468e+00  -1.03603922e+01
  -9.37631565e+00  -1.44226533e+01  -1.54750291e+01  -1.83929003e+01
  -1.77953074e+01  -9.90636394e+00  -7.82122508e+00  -7.02844627e+00
  -2.16367439e+00   6.03689172e+00   4.34049335e+00  -6.00238205e+00
  -1.95921994e+01  -2.40481595e+01  -2.15433923e+01  -1.62546715e+01
  -1.22479590e+01  -1.30705141e+01  -1.43822039e+01  -1.21181194e+01
  -9.01061415e+00  -8.28521817e+00  -6.66399585e+00  -6.36629161e+00
  -8.90725717e+00  -1.39263975e+01  -2.01093652e+01  -1.96523703e+01
  -1.29098321e+01  -1.09338332e+01  -1.18262616e+01  -9.50978445e+00
  -1.09041433e+01  -1.23140275e+01  -1.43995091e+01  -1.42767816e+01
  -8.13556941e+00  -4.07601072e+00  -1.62935357e+00  -3.69435611e+00
  -5.45647587e+00  -8.87689656e+00  -1.71731691e+01  -1.75395265e+01
  -1.74420378e+01  -1.84160406e+01  -1.90520035e+01  -1.69403216e+01
  -2.05966373e+01  -2.14207997e+01  -2.25210418e+01  -2.12799356e+01
  -7.33425095e+00  -6.63529061e+00  -3.25883770e+00   1.81933337e+00
  -6.14513896e+00  -2.00372371e+00   1.26247964e+00   9.75856470e-01
   8.76430691e-02  -9.31865737e-01  -1.23019021e+00  -3.85357118e+00
  -5.70514085e+00  -2.26032305e+00  -5.48407922e+00  -9.15730171e+00
  -6.28467467e+00  -2.95839298e+00  -1.92164220e+00  -5.13595976e+00
  -9.36873524e-01  -5.56837295e-01  -3.35630351e+00  -3.48074501e+00
  -2.70939422e+00  -3.22227240e+00  -3.65093638e-02   1.29981993e+00
   1.05320642e+00  -5.78043871e+00  -1.22249578e+00   2.74346502e+00
  -7.52182945e+00  -1.17369581e+01  -1.24731236e+01  -1.46729492e+01
  -1.36823668e+01  -1.13610059e+01  -1.02045111e+01  -9.94274445e+00
  -9.07360920e+00  -8.93534427e+00  -1.89643964e+01  -1.08689431e+01
  -3.66502693e+00  -2.67470470e+00  -8.96346383e+00  -1.10782568e+01
  -9.08201759e+00  -4.65444535e+00  -7.23223300e+00  -1.28318655e+01
  -1.00406045e+01  -6.58048149e+00  -5.59376231e+00  -5.21902286e+00
  -6.06210104e+00  -7.38046015e+00  -1.06800066e+01  -9.93961438e+00
  -8.85877794e+00  -8.06871027e+00  -6.92965522e+00  -1.00359218e+01
  -5.41393268e+00  -9.97069039e+00  -1.42814006e+01  -5.37859393e+00
   1.15700398e+00]