[-725.64750957 -725.64750957 -725.64750957 -657.47327939 -590.74175712
 -585.03168348 -598.39318289 -595.55691929 -591.8286052  -595.41355157
 -599.58540083 -593.38763691 -591.51657647 -585.45192149 -557.59412143
 -458.59804604 -401.52691664 -383.0829526  -376.93931166 -369.10263393
 -354.81282198 -340.00911144 -333.78438198 -333.79977998 -337.27274746
 -344.92057724 -357.6872823  -370.67165675 -395.80184387 -416.97967697
 -427.22966445 -416.15742068 -392.12252875 -380.0070826  -375.96640022
 -369.78351297 -359.35914925 -366.68339002 -387.79956449 -416.44572218
 -408.7391963  -381.17315978 -362.60830896 -347.31484445 -330.1820244
 -325.15392899 -328.86408656 -323.58867666 -323.39848959 -332.29226245
 -334.31522776 -335.22867791 -336.1702229  -341.53050592 -350.64920481
 -355.48389941 -358.49890356 -365.27568606 -358.80454406 -349.69102611
 -355.06615396 -356.93845894 -360.7172858  -369.53387386 -381.99914109
 -388.32584796 -394.86810507 -399.50568041 -396.41079502 -391.80287237
 -397.84990282 -415.56198335 -429.3242492  -428.18432547 -419.54674784
 -410.070858   -405.26793388 -416.86378356 -433.71307987 -446.19240991
 -467.09801395 -480.38976619 -490.14829521 -487.92116756 -494.03103638
 -506.12395662 -507.55631676 -500.49419273 -499.1143041  -489.78556694
 -478.86613456 -479.75500755 -470.84369965 -462.32516769 -458.07150382
 -453.39002884 -451.1383405  -451.95485416 -449.99807133 -456.60516324
 -457.50104162 -457.8061916  -462.38859233 -465.05531798 -467.65984123
 -465.49561397 -468.03399673 -475.43036093 -476.56399249 -471.53781741
 -469.03430733 -468.04727452 -466.47487894 -461.98781839 -466.15169258
 -474.57703651 -482.14464267 -488.18520985 -497.41972847 -507.47916339
 -514.81130055 -524.83337492 -544.19469837 -546.07105327 -547.58479228
 -560.63270222 -567.68968838 -582.56869532 -589.0357357  -596.45706356
 -604.03689744 -604.71628697 -599.12627567 -596.53630995 -606.93038959
 -611.55592288 -613.82045638 -606.93608402 -604.10318724 -568.32461154
 -506.65781374 -461.53080705 -427.56089547 -411.69764532 -401.66659339
 -402.06192168 -409.7218183  -424.91437776 -460.7066448  -488.77323319
 -474.22907354 -455.9274914  -452.96359318 -450.38810117 -433.35173815
 -412.80928061 -404.08369814 -402.32092161 -402.23188397 -398.31119669
 -390.9696926  -382.85624012 -378.82610492 -375.18268943 -369.18148242
 -366.39873514 -363.07399521 -363.21001877 -365.21946855 -360.56818086
 -361.36534253 -364.25407982 -363.14539224 -367.01131219 -371.09734799
 -374.41271345 -378.99950261 -389.72049728 -400.7561679  -414.63133407
 -426.69823252 -439.04630966 -452.19440712 -474.35912803 -505.47472351
 -524.41669237 -536.32953787 -547.59534523 -551.72002793 -544.7084879
 -534.78335448 -528.03873406 -450.15547367 -383.35510333 -376.25588608
 -386.11759076 -412.1643832  -433.1334247  -447.35422455 -436.09278593
 -408.0986968  -367.59141085 -367.32321638 -384.99842084 -398.27839204
 -409.91479775 -420.64915691 -450.01641528 -495.04940888 -521.53991834
 -539.51509161 -556.98118218 -559.66170023 -521.82019113 -465.38357271
 -455.3110948  -474.83117259 -475.17191034 -446.6586957  -422.10782399
 -421.11667102 -426.33069542 -435.83080569 -451.55950641 -484.41378588
 -521.18545447 -532.53083319 -508.28473211 -469.97114232 -452.93015667
 -468.3888743  -479.0999066  -464.03040335 -443.97121747 -457.24955441
 -485.32028318 -490.35466884 -478.35960139 -464.69941617 -450.78093692
 -419.70072657 -410.26280755 -409.60184091 -407.05007862 -407.21610472
 -411.2974102  -412.25854901 -406.71412969 -405.27982134 -413.61758464
 -427.71275896 -417.51186057 -403.33258302 -400.79231382 -405.28378809
 -407.17264926 -417.22795209 -424.92536295 -426.95283769 -430.53928605
 -431.72236321],[ -3.55271368e-15  -3.55271368e-15  -3.55271368e-15   7.16302901e+01
   1.03697752e+02   1.01878139e+02   9.62791518e+01   1.00246479e+02
   1.02225698e+02   1.01325809e+02   9.66083228e+01   1.01894691e+02
   1.00796364e+02   1.01701297e+02   1.19268568e+02   1.92231648e+02
   2.26174407e+02   2.33209313e+02   2.33474020e+02   2.40078123e+02
   2.44363043e+02   2.46382292e+02   2.42400437e+02   2.42123357e+02
   2.44238094e+02   2.38392552e+02   2.29666101e+02   2.28585323e+02
   2.24782096e+02   2.12404478e+02   2.01127920e+02   1.92903511e+02
   1.98886290e+02   2.06495417e+02   2.13743212e+02   2.17601475e+02
   2.21639807e+02   2.25650108e+02   2.23758328e+02   2.09020227e+02
   2.11863207e+02   2.13843685e+02   2.09568248e+02   2.04459485e+02
   1.86774684e+02   1.53900992e+02   1.16973731e+02   9.88634704e+01
   8.86664471e+01   7.97029211e+01   7.35445384e+01   7.52458512e+01
   7.83466486e+01   7.88462169e+01   7.51565688e+01   7.41639314e+01
   8.55092179e+01   1.05710540e+02   1.50520001e+02   1.93995125e+02
   2.09372788e+02   2.17997921e+02   2.23982538e+02   2.28679592e+02
   2.32910906e+02   2.34705223e+02   2.29219919e+02   2.23065626e+02
   2.18465991e+02   2.08719797e+02   1.97656344e+02   1.85328850e+02
   1.76371661e+02   1.73320727e+02   1.80942558e+02   1.93072536e+02
   2.04276651e+02   2.01092507e+02   2.00425776e+02   2.10070364e+02
   2.11890685e+02   2.07192105e+02   2.03652976e+02   2.03535071e+02
   2.01658593e+02   1.94489938e+02   1.92274756e+02   1.97509510e+02
   1.89521266e+02   1.77555854e+02   1.82853640e+02   1.91040959e+02
   2.01940442e+02   2.08222207e+02   2.13130923e+02   2.22554735e+02
   2.22811566e+02   2.20515414e+02   2.22076758e+02   2.16934222e+02
   2.18112617e+02   2.14580960e+02   2.09069889e+02   2.07792018e+02
   2.04308427e+02   2.03972630e+02   2.05542630e+02   2.06505179e+02
   2.03846771e+02   2.00619988e+02   1.97317433e+02   1.96828126e+02
   1.98055877e+02   1.99537299e+02   1.97097766e+02   1.93823286e+02
   1.89500687e+02   1.85667939e+02   1.83858368e+02   1.82046266e+02
   1.80966697e+02   1.78461180e+02   1.67567696e+02   1.63955258e+02
   1.61972486e+02   1.54476943e+02   1.48308033e+02   1.38351362e+02
   1.34536230e+02   1.31504562e+02   1.26906275e+02   1.23891665e+02
   1.14877486e+02   1.05744916e+02   9.75948719e+01   1.02657812e+02
   1.09992347e+02   1.16580578e+02   1.15184440e+02   1.39508833e+02
   1.74078798e+02   1.94988044e+02   2.11479798e+02   2.14660412e+02
   2.22936950e+02   2.25271532e+02   2.26518502e+02   2.25248257e+02
   2.08505704e+02   1.88741375e+02   1.90710329e+02   2.00503796e+02
   2.00854042e+02   2.00633634e+02   2.03369604e+02   2.07267916e+02
   2.07956556e+02   2.09498706e+02   2.17193136e+02   2.28087560e+02
   2.33494562e+02   2.33413949e+02   2.33072290e+02   2.28131224e+02
   2.27956452e+02   2.26493863e+02   2.27732375e+02   2.21146971e+02
   2.21868572e+02   2.25004321e+02   2.26418124e+02   2.28373567e+02
   2.24256588e+02   2.16049009e+02   2.16917149e+02   2.17395687e+02
   2.17160479e+02   2.13910767e+02   2.09109744e+02   1.99895825e+02
   1.93843811e+02   1.86157124e+02   1.83513746e+02   1.80927186e+02
   1.75955109e+02   1.74052096e+02   1.67877012e+02   1.59670320e+02
   1.53404917e+02   1.29509363e+02   1.13503077e+02   1.04895971e+02
   9.73606389e+01   8.04314474e+01   6.32362742e+01   6.68838380e+01
   7.40603271e+01   8.62634718e+01   1.08597082e+02   1.39676159e+02
   1.76970668e+02   2.17345692e+02   2.22704883e+02   2.13521782e+02
   2.04198831e+02   1.93052237e+02   1.89434804e+02   1.81814192e+02
   1.70082632e+02   1.55910683e+02   1.44554883e+02   1.35190741e+02
   1.18192215e+02   1.11721785e+02   1.10784870e+02   1.04111874e+02
   9.49667176e+01   1.11465051e+02   1.58105853e+02   1.96746121e+02
   2.08962473e+02   2.11755409e+02   2.14773800e+02   2.12903469e+02
   1.96985759e+02   1.71721996e+02   1.51475179e+02   1.53425128e+02
   1.50894688e+02   1.42650724e+02   1.27561621e+02   1.16444666e+02
   1.45072559e+02   1.79900850e+02   1.84737462e+02   1.76318142e+02
   1.70618713e+02   1.57791598e+02   1.33756361e+02   9.70526191e+01
   6.34935504e+01   4.01631386e+01   2.88460357e+01   2.63813306e+01
   2.47946386e+01   2.09186434e+01   2.13868073e+01   2.94225487e+01
   3.56140045e+01   4.00051860e+01   4.76668672e+01   9.52674639e+01
   1.51628074e+02   1.84044024e+02   1.94457297e+02   2.09922114e+02
   2.18178301e+02   2.20584999e+02   2.18666795e+02   2.19262410e+02
   2.20081435e+02],[  4.08562073e-14   4.08562073e-14   4.08562073e-14   2.95738639e+01
   1.32385361e+01   1.06972792e+01   1.50078270e+01   1.56197446e+01
   1.03368176e+01   9.49423182e+00   8.32372893e+00   1.17718641e+01
   1.05210256e+01   8.84690831e+00   2.74256506e+00  -1.73105982e+01
  -2.55319792e+01  -3.22623307e+01  -3.92337620e+01  -3.81480625e+01
  -5.10338271e+01  -5.92093525e+01  -7.32890795e+01  -8.08663201e+01
  -8.19807207e+01  -7.65049950e+01  -6.81390746e+01  -5.20363287e+01
  -2.71755320e+01  -8.41875086e+00  -3.38481440e+00  -9.64849475e+00
  -1.35683599e+01  -1.53932254e+01  -1.97965398e+01  -3.21108682e+01
  -4.27044408e+01  -4.03711137e+01  -2.81432251e+01  -1.79069624e+01
  -2.32879845e+01  -3.48873917e+01  -4.44298679e+01  -5.54120857e+01
  -6.81096727e+01  -7.82277993e+01  -9.25665057e+01  -1.08240263e+02
  -1.16268074e+02  -1.21902054e+02  -1.31689058e+02  -1.36360728e+02
  -1.38603516e+02  -1.33645565e+02  -1.31530867e+02  -1.36712513e+02
  -1.36901051e+02  -1.22268662e+02  -8.40605042e+01  -6.02908924e+01
  -6.11785779e+01  -6.19478378e+01  -5.59175594e+01  -4.67717877e+01
  -3.88473847e+01  -2.92024311e+01  -2.55377003e+01  -3.01940799e+01
  -4.03149526e+01  -5.46528371e+01  -6.14946909e+01  -5.95856856e+01
  -5.50816992e+01  -5.87577010e+01  -5.89490609e+01  -5.56487311e+01
  -5.06831247e+01  -4.46456610e+01  -3.00686702e+01  -9.27575926e+00
   1.16176290e+01   2.29500394e+01   3.08546985e+01   2.50434178e+01
   3.14185506e+01   4.01947558e+01   4.46399858e+01   4.82625846e+01
   4.74042588e+01   3.78739203e+01   3.48654934e+01   4.17308324e+01
   4.95268652e+01   4.73286313e+01   4.09876098e+01   4.51856130e+01
   4.10004703e+01   3.72514107e+01   3.94187595e+01   4.00808858e+01
   4.15736417e+01   3.75230900e+01   3.44227548e+01   3.29411228e+01
   2.90383400e+01   2.73960113e+01   3.24322432e+01   4.27306163e+01
   4.46526432e+01   3.75131349e+01   3.54865631e+01   3.45176424e+01
   3.72511282e+01   3.64110473e+01   3.90289847e+01   4.48327930e+01
   4.56461484e+01   4.47340921e+01   4.76168759e+01   5.21452216e+01
   5.23033643e+01   5.26814041e+01   5.38536394e+01   4.84881597e+01
   4.85151843e+01   5.07501306e+01   4.68925912e+01   4.73055275e+01
   4.74503000e+01   4.97974455e+01   5.06025335e+01   4.81532641e+01
   4.41068510e+01   3.59194369e+01   3.19028348e+01   3.49398515e+01
   4.36918805e+01   4.62308348e+01   4.28170491e+01   2.85617387e+01
   1.06397656e+01   1.21486000e+00  -1.06722140e+01  -2.34123066e+01
  -2.45857090e+01  -2.39574554e+01  -2.01195875e+01  -1.09366279e+01
   4.37919768e+00   8.78566213e+00  -6.47676259e+00  -7.51852924e+00
  -8.26343032e+00  -1.36027302e+01  -2.11306625e+01  -2.86632483e+01
  -3.32943439e+01  -2.79552138e+01  -1.72191607e+01  -1.17611602e+01
  -1.99141673e+01  -1.97876589e+01  -1.87913343e+01  -2.81123543e+01
  -3.10655462e+01  -3.02545090e+01  -2.84933474e+01  -3.26942238e+01
  -3.47000476e+01  -4.05023360e+01  -4.28295290e+01  -4.19000875e+01
  -4.79861233e+01  -5.13248554e+01  -5.14056951e+01  -5.40479677e+01
  -5.17096828e+01  -4.81099096e+01  -4.05101435e+01  -3.63131098e+01
  -3.05999931e+01  -2.72241916e+01  -1.89544904e+01  -4.29308677e+00
   1.53188551e+01   2.32629169e+01   2.18290638e+01   2.13452869e+01
   2.52238393e+01   1.88868055e+01   1.10725860e+01   6.22839847e+00
  -5.29681735e+01  -7.79879224e+01  -8.52712263e+01  -8.98439416e+01
  -8.29702475e+01  -7.11917655e+01  -5.87702715e+01  -4.56855712e+01
  -4.93873724e+01  -5.01855732e+01  -4.85367377e+01  -4.48993977e+01
  -4.18345150e+01  -4.42727160e+01  -3.67005992e+01  -2.07754740e+01
   1.71505651e+00   1.45330873e+01   1.69106072e+01   2.36877828e+01
   7.13843705e+00  -3.80839466e+01  -7.40931851e+01  -7.44246818e+01
  -5.89633954e+01  -4.64042495e+01  -3.34515876e+01  -2.72249407e+01
  -2.01191354e+01  -1.40060071e+01  -4.77819492e+00   5.07762577e+00
   1.69315759e+01   2.48854447e+01   2.19942827e+01  -4.82093022e+00
  -4.65833480e+01  -6.14958985e+01  -5.38372676e+01  -4.68105980e+01
  -2.38813600e+01  -1.39141477e+01  -2.88203143e+00   1.91154373e+01
   2.64435032e+01   2.78489441e+01   2.32199900e+01   4.14296566e+00
  -2.51156359e+01  -4.48300693e+01  -5.78721795e+01  -6.65871124e+01
  -6.82719063e+01  -7.50558237e+01  -8.04247291e+01  -8.37120253e+01
  -9.05376754e+01  -9.50412102e+01  -9.34776944e+01  -6.71083491e+01
  -3.99338868e+01  -2.86864841e+01  -2.68966541e+01  -2.31358109e+01
  -2.07378587e+01  -1.30731330e+01  -1.29537198e+01  -1.13591072e+01
  -1.14530770e+01],[ -6.21724894e-14  -6.21724894e-14  -6.21724894e-14   9.81144659e+00
   1.32025189e+01   1.49881229e+01   1.51213454e+01   1.37661637e+01
   1.03556010e+01   1.04375798e+01   1.14435076e+01   1.64997642e+01
   1.99793248e+01   2.01399032e+01   8.77109595e+00  -3.22720925e+01
  -3.51955956e+01  -3.18048997e+01  -3.31551721e+01  -3.55853421e+01
  -3.85779885e+01  -3.66529406e+01  -3.81686099e+01  -3.93851027e+01
  -3.53715617e+01  -2.99878823e+01  -2.65704567e+01  -2.59117054e+01
  -2.01580233e+01  -4.10496314e+00   4.31692964e+00   1.35208625e+01
   1.47482926e+01   1.09725547e+01   7.51185518e+00  -2.78065989e+00
  -7.29935060e+00  -1.77115082e+01  -2.06044077e+01  -1.20350239e+01
  -1.97313250e+01  -1.97212317e+01  -1.01564327e+01  -2.73868224e+00
   2.20480943e+01   6.18009778e+01   8.70613171e+01   8.64056053e+01
   8.83320790e+01   9.22060402e+01   9.01684615e+01   8.74409640e+01
   8.59690235e+01   9.00418346e+01   9.16402556e+01   8.75753797e+01
   7.97942087e+01   6.96249706e+01   6.21187501e+01   3.49851054e+01
   1.08553461e+01  -4.30428298e+00  -8.21249889e+00  -6.67548508e+00
  -1.10500241e+01  -8.91587259e+00  -3.79649545e+00  -9.89566213e+00
  -1.24353078e+01  -6.19962605e+00   4.55949305e+00   1.20330459e+01
   1.92406687e+01   2.16782717e+01   1.81029622e+01   1.29813005e+01
   4.33476523e+00  -5.45895527e-01  -9.70185984e+00  -1.76444218e+01
  -1.98177891e+01  -1.14380285e+01  -3.46858580e+00  -6.88162210e+00
  -5.07013048e-02   1.48786163e+01   2.31913342e+01   1.98529937e+01
   2.51908459e+01   2.90851613e+01   2.95639825e+01   3.15734959e+01
   3.82002574e+01   3.81887539e+01   3.43741813e+01   3.72790273e+01
   3.84851775e+01   3.41786597e+01   3.57825339e+01   3.85890519e+01
   3.60493882e+01   3.95508672e+01   3.75463661e+01   3.03227249e+01
   2.60312898e+01   2.80441425e+01   2.95281037e+01   3.31548849e+01
   3.74862388e+01   3.82015881e+01   4.06730150e+01   3.69826297e+01
   4.04139645e+01   3.88899844e+01   4.26693191e+01   4.59431029e+01
   4.79797872e+01   4.62721136e+01   4.00930799e+01   4.22408975e+01
   3.82732183e+01   3.06888689e+01   2.86715883e+01   2.33230610e+01
   2.35589970e+01   2.37888847e+01   2.05511429e+01   1.91866617e+01
   1.72647982e+01   1.21430217e+01   9.50879412e+00   1.21594390e+01
   2.62293953e+01   3.19028667e+01   2.99365542e+01   2.09947726e+01
   2.09358603e+01   2.60869717e+01   2.75886317e+01   6.91726328e+00
   2.72237908e+00   1.29563442e+01   8.47357048e+00   4.35203192e+00
  -1.30238352e+00  -5.56216097e+00  -8.63497094e+00  -6.55156045e+00
   2.89165925e+00   5.08365027e+00  -6.93878719e+00  -1.38804796e+01
  -1.83239898e+01  -3.12125197e+01  -3.38593512e+01  -3.05545938e+01
  -3.11559272e+01  -3.13455897e+01  -3.33014848e+01  -3.39810178e+01
  -3.88696143e+01  -3.80236097e+01  -3.65883932e+01  -3.58046248e+01
  -3.29297701e+01  -3.15823772e+01  -3.01745636e+01  -2.89838247e+01
  -3.05541796e+01  -3.30721602e+01  -3.56125776e+01  -3.18804206e+01
  -2.11520256e+01  -9.27220140e+00  -3.72766275e+00   5.43226982e+00
   1.44289267e+01   1.51724684e+01   2.10818126e+01   2.46064491e+01
   2.55748465e+01   2.66551151e+01   2.61860149e+01   2.26376128e+01
   1.70108163e+01   5.57391875e+00  -2.97889182e+00  -6.19420191e+00
   1.81981678e+00   2.14270725e+01   3.51059186e+01   4.65299249e+01
   5.55586014e+01   7.80728311e+01   9.15406513e+01   7.87029699e+01
   6.45602558e+01   4.87437977e+01   3.28393675e+01   3.26474608e+01
   3.42582189e+01   2.29901866e+01   1.63640782e+01   2.21753740e+01
   3.27393306e+01   3.64653359e+01   3.92380364e+01   3.98530433e+01
   3.17164782e+01   3.57019973e+01   3.05986288e+01   3.30159368e+01
   3.71185710e+01   3.42282965e+01   3.80073932e+01   4.69042665e+01
   5.88452953e+01   5.25835031e+01   4.17872291e+01   2.35741932e+01
   1.19031869e+01   3.86494628e+00  -5.95830027e+00  -8.88123938e+00
  -1.86333367e+00   1.00852793e+01   2.15691195e+01   1.33561630e+01
   9.11383960e+00   1.59532329e+01   3.01309111e+01   5.03028665e+01
   5.18154615e+01   3.14683765e+01   2.22109736e+01   2.60646994e+01
   2.99898654e+01   3.63137571e+01   6.32812113e+01   9.66250683e+01
   1.13286369e+02   1.15773053e+02   1.17832998e+02   1.14458905e+02
   1.13328224e+02   1.13129539e+02   1.12396472e+02   1.13289890e+02
   1.04431798e+02   9.43165782e+01   8.10209359e+01   7.03483724e+01
   4.93306028e+01   2.65098175e+01   1.47161646e+01   5.66509571e+00
  -4.19859143e+00  -6.47958784e+00  -8.94914498e+00  -1.07659413e+01
  -1.39358851e+01],[  1.24344979e-14   1.24344979e-14   1.24344979e-14   5.92113694e+00
   1.19531321e+01   1.40913177e+01   1.24708608e+01   1.14026345e+01
   1.45472545e+01   1.94296301e+01   1.82949873e+01   2.10107537e+01
   2.48663038e+01   2.33948069e+01   4.94108967e+00  -2.93673717e+01
  -2.79831969e+01  -2.47079422e+01  -2.67278573e+01  -2.44398879e+01
  -1.70664764e+01  -1.91662694e+01  -1.74040268e+01  -1.23031550e+01
  -5.96024524e+00  -5.94672608e+00  -9.38219824e+00  -1.37949742e+01
  -1.93900146e+01  -2.92697090e+01  -3.18878295e+01  -3.37444155e+01
  -4.60522717e+01  -5.51318940e+01  -5.17458151e+01  -4.76867329e+01
  -3.63485912e+01  -3.08982154e+01  -2.27788850e+01  -1.89513530e+01
  -2.31113738e+01  -2.37873534e+01  -2.74589264e+01  -2.91605315e+01
  -2.54709229e+01  -2.25127503e+01  -2.24957424e+01  -3.09009802e+01
  -3.11474649e+01  -2.22648839e+01  -2.53281445e+01  -2.32477813e+01
  -1.75303455e+01  -1.96803977e+01  -2.32942842e+01  -1.88479056e+01
  -1.01050729e+01  -6.13521567e+00   3.36457316e+00  -3.67442586e+00
  -9.12530194e-01  -7.89359846e+00  -9.95194338e+00  -3.97353843e+00
   1.08623094e+00   1.32446302e+00   1.53613045e+00  -4.74845442e-01
   6.66496452e+00   2.07196315e+01   3.92747521e+01   4.87099752e+01
   5.26523025e+01   5.44809691e+01   5.08031854e+01   4.42397612e+01
   3.58925953e+01   2.76788707e+01   1.10738816e+01   9.90153273e-01
  -4.13511789e+00  -3.96023116e+00   2.03114612e+00   4.40220422e+00
   8.77775151e+00   1.95584236e+01   1.81378291e+01   2.51197632e+00
  -9.11560275e+00  -2.71720871e+01  -2.96391129e+01  -1.89313925e+01
  -1.13721378e+01  -5.33675351e+00  -4.92260238e+00  -3.34837740e+00
  -4.33995335e+00  -7.00369758e+00  -8.85045672e+00  -6.13033305e+00
  -7.89036527e+00  -1.10554740e+00  -3.43621618e+00  -8.77951382e+00
  -1.20431838e+01  -1.20696927e+01  -8.35046091e+00  -5.81356611e+00
  -6.88882593e+00  -5.74765107e+00  -6.94225376e+00  -1.15599120e+01
  -9.48792491e+00  -1.10906475e+01  -8.46961158e+00  -9.54561502e+00
  -9.37988628e+00  -6.45741972e+00  -7.62905694e+00  -4.78219564e+00
  -2.04852440e+00  -2.68974372e-01   4.60887800e+00   3.90203328e+00
   1.52042308e+00   2.82812171e+00   6.00620367e+00   6.97418256e+00
   6.77722628e+00  -2.07066458e+00  -6.58034036e+00  -3.11114652e+00
  -4.65268465e+00  -7.22676036e+00  -2.19002274e+00  -5.20563383e-01
   5.48502681e+00   1.40630157e+01   1.43288322e+01   1.21454578e+01
   1.56827545e+01   2.17977892e+01   2.09156951e+01   2.43914324e+01
   2.37762473e+01   2.57483720e+01   2.85559485e+01   3.38987084e+01
   3.77535621e+01   3.74393341e+01   3.16541062e+01   1.61081650e+01
   4.93122125e+00  -1.34492323e+01  -2.54588802e+01  -2.88458369e+01
  -3.10230358e+01  -3.42626168e+01  -3.07321923e+01  -2.11064104e+01
  -1.21547076e+01  -1.22463563e+01  -1.31387585e+01  -1.40202685e+01
  -9.92166367e+00  -6.83852646e+00  -4.49135931e+00  -3.87254930e+00
  -2.47114219e-01   1.93178886e+00   6.01275061e+00   7.47224900e+00
   1.87488548e+01   2.37349462e+01   2.72745243e+01   3.48934608e+01
   4.42635667e+01   4.92403780e+01   4.96874389e+01   4.76717424e+01
   4.61846531e+01   4.47174476e+01   4.03372667e+01   3.71123128e+01
   3.19648374e+01   2.64811753e+01   1.90608559e+01   1.56908369e+01
   1.17319102e+01  -1.08619872e+00  -4.31026201e+00  -2.55809439e+00
  -1.02619011e+01  -3.53107527e+01  -3.22616651e+01  -2.57570693e+01
  -1.86424259e+01  -1.32840131e+01  -5.42450309e+00   1.00150317e+01
   3.39638974e+01   3.26174432e+01   3.25734915e+01   4.34616833e+01
   5.57553652e+01   6.25525741e+01   6.02732741e+01   6.34390981e+01
   5.55858433e+01   4.64932531e+01   3.95427889e+01   3.70174108e+01
   3.96370304e+01   4.41434404e+01   3.38998600e+01   2.02165466e+01
   2.31569397e+01   2.68900383e+01   3.94438234e+01   3.89860770e+01
   3.24711932e+01   2.38405708e+01   1.58039152e+01   1.36650499e+01
   1.91577583e+01   2.26913554e+01   1.58204441e+01   2.43578539e+01
   3.58922530e+01   2.89568071e+01   2.38991962e+01   2.89390779e+01
   1.81852740e+01   1.17541097e+01   1.22092441e+01   4.29452525e+00
   2.33510214e-01  -9.69141732e+00  -1.42647117e+01  -1.34312225e+01
  -3.27604875e+01  -3.92718995e+01  -3.36836519e+01  -3.49142917e+01
  -3.53151817e+01  -2.87105405e+01  -2.20723850e+01  -1.61167477e+01
  -1.97861934e+01  -1.53109125e+01  -7.84157265e+00   3.47285920e+00
   1.20839844e+01   1.53152545e+01   1.54835645e+01   1.22491562e+01
   1.06898958e+01   1.07124877e+01   5.69215802e+00   5.62839636e+00
   3.62861424e+00],[ -2.66453526e-14  -2.66453526e-14  -2.66453526e-14   2.31659454e+00
   2.29242413e+00   8.60447362e+00   7.63814042e+00   5.63191535e+00
   2.51420101e+00   5.72100547e+00   4.93878251e-02  -1.16385638e+00
   1.96738140e+00   5.62980349e+00  -7.82741079e+00  -3.56136559e+01
  -3.69512875e+01  -3.77532025e+01  -3.98900947e+01  -3.81452260e+01
  -3.66989275e+01  -3.67519758e+01  -3.42680079e+01  -3.14336065e+01
  -3.00338986e+01  -2.87919993e+01  -2.69865913e+01  -2.24633683e+01
  -2.39548745e+01  -2.94453709e+01  -2.26451961e+01  -1.25049351e+01
  -1.02448529e+01  -1.76946187e+01  -3.02531754e+01  -3.33736953e+01
  -2.76853751e+01  -2.15640926e+01  -8.75000356e+00  -3.80977084e+00
   3.49311297e+00   1.39107539e+01   1.04405947e+01   1.18232258e+01
   1.59656374e+01   1.30091870e+01   1.47979961e+01   1.69115620e+01
   2.24822908e+01   2.37799160e+01   1.41494502e+01   1.01702308e+01
   9.40272731e+00   3.84363759e+00  -5.33685439e+00  -6.77586847e+00
  -5.39775246e+00  -1.65352381e+00   1.26962670e+01   1.93585741e+01
   1.71778411e+01   4.20110854e-01  -7.04815358e+00  -9.43060207e+00
  -1.11894607e+01  -1.00950508e+01  -6.43836394e+00   4.82208579e+00
   1.63308457e+01   2.42628873e+01   2.75941872e+01   2.78765321e+01
   2.56805727e+01   2.71018939e+01   2.51703600e+01   2.03420404e+01
   1.76429927e+01   1.73273594e+01   1.49217329e+01   1.09424586e+01
   4.61507029e+00  -3.05903058e+00  -4.33633834e+00  -1.10690027e+01
  -1.32098453e+01  -8.13865330e+00  -7.36029112e+00  -1.50816742e+01
  -1.93780129e+01  -2.43860886e+01  -3.09435703e+01  -3.43892995e+01
  -3.83211520e+01  -3.71534776e+01  -4.27374874e+01  -4.67171953e+01
  -5.24438195e+01  -4.96235751e+01  -5.02519032e+01  -5.38912957e+01
  -5.48249421e+01  -5.35962236e+01  -5.66459591e+01  -5.40817207e+01
  -5.70409674e+01  -6.06048620e+01  -5.61708294e+01  -5.49465576e+01
  -5.52418365e+01  -5.35950163e+01  -5.24448817e+01  -4.83518965e+01
  -4.47174050e+01  -4.04333080e+01  -3.91654628e+01  -4.19073353e+01
  -4.50500350e+01  -3.80448018e+01  -3.45880731e+01  -3.54498858e+01
  -3.15231112e+01  -2.42452923e+01  -1.80618702e+01  -1.02407444e+01
  -1.15063520e+01  -9.33090160e+00  -5.05404925e+00  -3.48253847e+00
  -2.78859866e+00  -8.53363409e+00  -1.32197096e+01  -1.25016522e+01
  -7.48750530e+00  -9.10864909e+00  -9.09487337e+00  -8.56470085e+00
  -4.97511059e+00  -6.39079128e-01  -3.03089654e-01   1.54981238e+01
   1.24702055e+01   5.94253545e+00   1.38210981e+00   2.02488960e+00
   2.79184624e+00   7.05566471e+00   6.50943738e+00   4.88236244e+00
   7.10127611e+00   1.64193595e+01   1.71974512e+01   6.05608555e+00
   1.84769271e-01  -3.55254180e+00  -7.66044050e+00  -8.05464236e+00
  -8.92299108e+00  -9.20199210e+00  -9.41232672e+00  -1.27468352e+01
  -1.49185943e+01  -1.19844823e+01  -8.66662650e+00  -1.30635761e+01
  -1.23047417e+01  -9.04614168e+00  -3.26454265e+00   1.25063181e+00
   4.89962170e+00   2.48135089e+00   8.31562932e+00   9.17237780e+00
   1.35636150e+01   1.31920220e+01   6.40815812e+00  -2.06961370e+00
  -3.53140132e+00   1.09162729e+00  -1.07046363e-01  -9.00537998e-01
   2.58133358e+00   3.44748333e+00   1.33239125e+00   4.47466638e+00
   6.29550009e+00   6.49181407e+00   7.28429705e-01   3.12404339e+00
   1.07931586e+00   1.26441500e+00   7.01463838e+00   1.05173687e+01
   4.66955451e+00   7.22986256e+00   1.69699993e+01   1.93265004e+01
   1.39843735e+01   1.28589718e+01   1.01217940e+01   1.54230117e+01
   1.79261994e+01   1.37051773e+01   1.60653083e+01   1.54376507e+01
   1.65143697e+01   1.86701162e+01   1.51423686e+01   1.95496621e+01
   2.35921122e+01   2.29066798e+01   2.13662100e+01   1.85065102e+01
   1.58185008e+01   1.19945270e+01   4.88085071e+00  -2.56648770e+00
   7.56795024e-01   8.13392665e+00   1.87473646e+01   2.22041026e+01
   2.28028970e+01   2.31665032e+01   2.46159963e+01   2.73651568e+01
   2.95279796e+01   2.70145031e+01   1.73823256e+01   2.26213152e+01
   2.72646377e+01   2.33806577e+01   1.84826756e+01   1.30142915e+01
   1.63761491e+00   2.31658414e-01   8.03577549e+00   1.22040634e+01
   1.41118235e+01   1.28908164e+01   1.48182112e+01   1.66716504e+01
   1.41237501e+01   1.19924253e+01   1.04913698e+01   6.03808224e+00
   3.86570477e+00   6.86280999e+00   8.75621575e+00   4.41503898e+00
  -2.76203970e+00  -1.17706856e+00   1.82661249e+00   1.01562834e+01
   2.12332306e+01   2.77148581e+01   2.90093181e+01   1.53861433e+01
   6.20836763e+00   8.33009193e+00   9.82758564e+00   1.04415149e+01
   1.01438317e+01],[  6.21724894e-14   6.21724894e-14   6.21724894e-14  -4.70088638e-01
   5.22903273e+00   9.73550289e+00   1.23427904e+01   1.22857282e+01
   4.83221082e+00   6.27814406e+00   3.69165022e+00   1.13774026e+00
   5.10858585e+00   9.84949777e+00   1.35303744e+00  -2.50263870e+01
  -3.32493757e+01  -3.16785303e+01  -2.88634964e+01  -2.84541062e+01
  -2.88035238e+01  -2.53895699e+01  -1.85891960e+01  -1.48191780e+01
  -9.71029212e+00  -1.52683062e+01  -1.67962357e+01  -1.51697039e+01
  -1.79158679e+01  -1.65399673e+01  -7.85814375e+00  -7.46999244e+00
  -6.33756074e+00  -6.89743685e+00  -1.00205837e+01  -1.11538750e+01
  -1.00212334e+01  -1.39787037e+01  -1.17648180e+01   1.13016865e+00
   3.77610945e+00  -2.63496398e+00  -4.01111979e+00  -3.69197404e+00
   1.13361527e+00   3.87536100e+00   2.22433115e+00  -2.60181810e+00
   1.33111954e+00   1.52801556e+00   1.55939985e+00   9.05099967e+00
   8.59124751e+00   8.05387224e+00   3.74127353e+00   3.96189607e+00
   7.40832799e+00   1.16297484e+01   1.61527889e+01   2.34801334e+01
   2.05728786e+01   8.46189142e+00   4.55069707e+00   5.66062873e+00
   5.81405143e+00   3.44016307e+00   6.58027392e+00   1.36172193e+01
   1.05698873e+01   4.22603890e+00  -2.10548427e+00  -7.89305375e-01
  -1.97268947e+00   1.02418138e+00  -1.51898529e+00   1.17024396e+00
   7.32310588e+00   1.44155679e+01   1.79621016e+01   1.38654486e+01
   7.81365077e-01  -1.08372410e+01  -1.83189631e+01  -3.51925042e+01
  -4.24374616e+01  -3.80706339e+01  -2.57533159e+01  -2.56482536e+01
  -2.60983751e+01  -2.58760532e+01  -2.79451863e+01  -3.30635764e+01
  -4.14489068e+01  -4.26654144e+01  -3.79785304e+01  -3.60455516e+01
  -3.28287598e+01  -2.74679682e+01  -2.35855364e+01  -3.02365448e+01
  -3.47942141e+01  -3.74050187e+01  -3.92579281e+01  -3.53463239e+01
  -3.68094429e+01  -3.52715949e+01  -3.75834320e+01  -4.29853165e+01
  -4.15312902e+01  -4.09583713e+01  -4.44888025e+01  -4.06738888e+01
  -3.74368364e+01  -3.32826874e+01  -3.27174731e+01  -3.53702886e+01
  -3.68529515e+01  -3.05822230e+01  -2.97693420e+01  -2.65714274e+01
  -2.21668885e+01  -1.66707009e+01  -1.27211945e+01  -2.49775069e+00
  -1.68187735e+00   1.33163577e-01  -1.02770821e+00  -2.72572481e+00
  -3.66466297e+00  -8.23031370e+00  -1.44507998e+01  -1.28796123e+01
   2.04301750e+00   6.17834502e+00   2.51069715e+00  -5.63465439e+00
  -9.21295706e+00  -8.48101563e+00  -4.15144084e+00   1.36718329e+01
   9.36369882e+00  -4.74160930e+00  -1.21704563e+01  -1.48823367e+01
  -1.66680317e+01  -1.77838564e+01  -1.86830476e+01  -2.24568255e+01
  -1.81927189e+01  -7.77561885e+00  -9.30121169e+00  -2.22313858e+01
  -2.36372949e+01  -2.02151866e+01  -2.27509468e+01  -2.48221646e+01
  -2.96225611e+01  -3.17524795e+01  -3.26347203e+01  -3.21324075e+01
  -3.12200912e+01  -3.14166816e+01  -2.79194206e+01  -2.49721558e+01
  -2.16504751e+01  -2.22386183e+01  -2.07014794e+01  -1.90991216e+01
  -2.11975395e+01  -2.92300062e+01  -2.34639313e+01  -1.94644121e+01
  -1.91994967e+01  -2.21730588e+01  -2.97242659e+01  -3.45002761e+01
  -3.24841931e+01  -2.65351577e+01  -2.78641851e+01  -3.15702052e+01
  -3.07692137e+01  -2.79116789e+01  -2.08570831e+01  -1.40594807e+01
  -1.52631676e+01  -1.64939155e+01  -1.68589332e+01  -1.29934138e+01
  -1.18595910e+01  -1.08232843e+01  -9.48876780e+00  -5.57301336e+00
  -2.69241695e+00  -4.67030183e+00  -2.06234043e+00   1.82951263e+00
   6.13449866e-01  -1.68393743e+00   2.01537865e-01   2.30929263e+00
   8.80204888e+00   1.88807301e+00  -1.39656167e-01  -2.88350952e+00
  -8.04237329e+00  -1.22745312e+01  -1.53459495e+01  -1.57080628e+01
  -6.44984173e+00   1.74674725e+00  -2.82363590e+00  -5.41284094e+00
  -2.45168331e+00   7.94552809e+00   6.30406863e+00   3.19442251e+00
  -2.76279087e+00  -5.34312759e+00  -7.37702713e-01   3.65316412e+00
   7.05911739e+00   1.10427230e+01   1.42165647e+01   2.01513910e+01
   2.28703720e+01   2.02458141e+01   1.48336499e+01   1.29986179e+01
   8.50502190e+00   6.57713479e+00   6.15625860e+00   5.14345824e+00
   3.14964714e+00  -2.48194541e-01   7.98961963e+00   2.13552107e+01
   1.93979107e+01   3.60895463e+00   4.43398890e+00   5.90335205e+00
   6.68047965e+00   2.87312210e+00  -1.48091114e+00  -5.48281006e+00
  -3.06022654e+00  -2.56611956e+00  -3.34957666e+00  -1.50872261e+01
  -2.52176801e+01  -2.31078737e+01  -2.29181331e+01  -1.69704998e+01
  -1.06782002e+01  -5.08403727e+00   3.98327861e+00   3.91150185e+00
   7.99192038e+00   1.07942240e+01   1.54548606e+01   2.41757448e+01
   2.84517767e+01],[ -5.32907052e-14  -5.32907052e-14  -5.32907052e-14  -1.36332920e+00
  -7.55370750e-01  -3.15188147e+00  -4.83533836e+00  -2.78937878e+00
  -3.95282691e+00  -2.06277413e+00  -8.21132445e-01  -3.06445041e-02
   4.79543998e+00   8.71487570e+00   5.21578844e+00   9.47543530e+00
   1.08981646e+01   1.00566627e+01   1.16035733e+01   1.44012326e+01
   1.45744825e+01   1.06553304e+01   4.54787636e+00  -4.43718588e+00
  -1.23260221e+01  -1.93963924e+01  -1.67483438e+01  -7.06416357e+00
  -4.69634164e+00  -1.40620053e+01  -2.03231140e+01  -3.48469897e+01
  -4.08916829e+01  -3.96810443e+01  -3.15465564e+01  -2.36396428e+01
  -1.31160307e+01  -1.26643012e+01  -1.87536687e+01  -1.46408214e+01
  -1.68088803e+01  -1.92608948e+01  -2.00355969e+01  -2.59073703e+01
  -2.78320601e+01  -3.33583370e+01  -3.56034284e+01  -3.71037263e+01
  -3.97470824e+01  -4.39674745e+01  -4.02323275e+01  -3.10906804e+01
  -2.94425885e+01  -3.31139708e+01  -3.83762043e+01  -3.94516863e+01
  -4.21026756e+01  -4.75857598e+01  -4.78937353e+01  -4.60621598e+01
  -4.17796405e+01  -3.64326138e+01  -3.21251229e+01  -2.19731035e+01
  -1.45861793e+01  -1.65907582e+01  -1.90716723e+01  -2.72591374e+01
  -3.73072534e+01  -4.28980384e+01  -3.87069128e+01  -2.87909042e+01
  -2.40438658e+01  -2.39076823e+01  -3.35344949e+01  -3.30343358e+01
  -2.57524123e+01  -1.97694542e+01  -1.33239713e+01  -3.84743023e+00
  -5.28217243e+00  -1.35618623e+01  -1.84810849e+01  -2.76273350e+01
  -3.16093601e+01  -3.22178878e+01  -2.75491887e+01  -2.97405294e+01
  -3.47786853e+01  -4.54398581e+01  -4.76851865e+01  -3.97113209e+01
  -3.54430291e+01  -3.36437355e+01  -3.11438408e+01  -3.12804745e+01
  -2.86795212e+01  -2.84208920e+01  -2.40295400e+01  -2.15939302e+01
  -2.42463740e+01  -2.69748246e+01  -2.61974771e+01  -2.49630692e+01
  -2.22411022e+01  -1.71456374e+01  -1.85237613e+01  -1.87755527e+01
  -2.00755079e+01  -2.10910091e+01  -2.48634622e+01  -2.66845818e+01
  -2.59322967e+01  -2.21878050e+01  -2.01049581e+01  -2.34194631e+01
  -3.16894137e+01  -2.88131674e+01  -2.39338363e+01  -2.22651012e+01
  -1.98291093e+01  -1.45602090e+01  -1.14735897e+01  -6.69754999e+00
  -6.05830651e+00  -6.20621279e+00  -6.91807951e+00  -8.10310376e+00
  -7.79912131e+00  -1.08970216e+01  -1.50402283e+01  -9.82137750e+00
  -8.70942934e+00  -1.19624843e+01  -8.36757981e+00  -1.36100054e+01
  -1.40854049e+01  -1.27663791e+01  -1.02853548e+01   3.04446476e+00
   1.67706463e+00  -7.22721155e+00  -6.80655113e+00  -8.16929481e+00
  -5.30926862e+00  -4.63110800e+00   7.15304427e-01   5.44770920e+00
   8.60234965e+00   7.99878855e+00   8.27102579e+00   2.87186639e+00
   2.56584785e+00  -4.80775974e+00  -9.35516179e+00  -9.93618759e+00
  -9.45888093e+00  -5.03629833e+00   1.69939554e+00   1.19149060e+01
   1.80398282e+01   1.63137836e+01   1.41067075e+01   9.29934753e+00
   1.03707107e+01   1.17184357e+01   1.40691997e+01   1.58296860e+01
   1.74621323e+01   1.19931132e+01   8.26489950e+00   1.65218002e+00
  -4.34957265e+00  -1.20228631e+01  -1.96053251e+01  -2.53995401e+01
  -2.81021641e+01  -2.17331515e+01  -2.00203999e+01  -2.46507237e+01
  -2.37516741e+01  -1.90311387e+01  -1.36847598e+01  -1.04259579e+01
  -1.25629487e+01  -1.25379012e+01  -8.86154886e+00  -8.96777354e+00
  -1.42387555e+01  -1.68698867e+01  -1.80711020e+01  -1.76617833e+01
  -1.13695501e+01  -1.54299625e+01  -1.44969382e+01  -1.25667571e+01
  -1.88665805e+01  -1.77739151e+01  -1.41309187e+01  -1.18060344e+01
  -2.07674036e+01  -3.50215173e+01  -3.73638806e+01  -2.77144138e+01
  -2.78125031e+01  -2.90139165e+01  -2.61178357e+01  -2.53036089e+01
  -2.03718740e+01  -2.10538549e+01  -2.42568887e+01  -2.57175704e+01
  -2.71238411e+01  -9.80731614e+00  -5.25830604e+00  -3.65447885e+00
  -1.25701912e+01  -2.21955837e+01  -2.26896603e+01  -2.06391273e+01
  -1.71230238e+01  -1.27681380e+01  -7.72243265e+00  -5.32885004e+00
  -3.40673507e+00  -6.31651838e+00  -1.04942212e+01  -9.55458993e+00
  -5.62837407e+00  -1.12091523e+01  -2.04379569e+01  -2.77848642e+01
  -2.67907766e+01  -2.42255532e+01  -1.72455852e+01  -8.67505447e+00
  -4.02125012e+00  -6.95594550e-01   5.58166453e+00   9.72110779e+00
   1.47409987e+01   1.85169440e+01   1.47029482e+01   1.36957373e+01
   2.10402444e+01   1.73953433e+01   1.72259604e+01   6.39617649e+00
  -6.96810629e+00  -1.22915411e+01  -2.20362474e+01  -2.62831864e+01
  -2.84300208e+01  -2.71878181e+01  -1.97737309e+01  -2.10772781e+01
  -2.30918805e+01  -2.00331998e+01  -1.95284422e+01  -8.40971425e+00
  -3.92574023e+00],[  4.35207426e-14   4.35207426e-14   4.35207426e-14  -1.85706282e+00
  -8.98591892e-01  -2.03042688e+00  -7.57991260e+00  -6.17023358e+00
  -7.15092749e+00  -1.05367220e+01  -1.18552437e+01  -6.94006883e+00
  -1.27555741e+00   1.15828065e+00   5.15237711e+00   2.28252690e+01
   2.58644863e+01   2.59198970e+01   2.45298413e+01   1.90884815e+01
   1.82524992e+01   1.51179700e+01   4.97515691e+00  -1.84117652e+00
  -5.73136484e+00  -1.57043622e+01  -1.59171376e+01  -9.40870913e+00
  -1.57826335e+00   9.10680051e-01  -4.16704480e+00  -7.01474533e+00
   1.16478499e+00   4.92769492e+00   2.66301737e+00   2.87203349e+00
   5.56889299e+00   6.18842352e+00  -2.65632506e+00  -4.53969275e+00
  -4.59416199e+00  -1.85847152e+00  -2.69577743e+00  -1.91785138e+00
  -2.18481542e+00  -5.43084772e+00   6.76357573e+00   1.47753411e+01
   1.46325017e+01   7.85686690e+00   1.35720069e+01   1.74174007e+01
   2.08358292e+01   2.14841202e+01   2.13818540e+01   1.81733194e+01
   1.38692443e+01   1.00087440e+01  -8.25101546e+00  -2.17956595e+01
  -2.33906495e+01  -2.48596844e+01  -2.70459217e+01  -1.90253226e+01
  -1.88738496e+01  -1.84863360e+01  -1.74006811e+01  -2.46350765e+01
  -2.11691926e+01  -1.49161374e+01  -6.01591827e+00  -7.85220258e-01
   3.91925546e+00   5.59378733e+00  -2.95308403e+00  -9.98110759e+00
  -1.22062732e+01  -1.67683218e+01  -1.43182953e+01   7.05895033e-01
   7.93763384e+00   5.05976803e+00  -2.76159026e-01  -5.54301775e+00
  -8.59970947e+00  -1.54221140e+01  -1.60929044e+01  -1.32446812e+01
  -5.09235136e+00  -1.32105621e+00  -5.04998005e+00  -9.83960022e+00
  -7.58944652e+00  -6.95025385e+00  -8.57581670e+00  -5.25419784e+00
  -3.77568627e+00  -7.64359600e+00  -8.87962436e+00  -5.03838397e+00
  -4.60043025e+00  -6.37864811e+00  -7.53941903e+00  -8.56388471e+00
  -6.68748070e+00  -7.80320438e+00  -7.17831041e+00  -2.91513924e+00
  -4.73818245e+00  -5.61498651e+00  -4.57096768e+00  -6.83484115e+00
  -7.61877026e+00  -4.81408700e+00  -1.65870543e+00  -2.50038048e+00
  -1.02819068e+01  -9.36674286e+00  -3.54358708e+00  -2.94889445e+00
  -1.55952229e+00  -6.30731923e-01  -4.55643833e+00  -3.75963097e+00
  -4.43684731e+00  -6.88842672e+00  -3.45909146e+00  -6.70564077e+00
  -6.36368718e+00  -7.40326678e+00  -7.22805513e+00  -2.58396137e+00
   2.04420958e+00   5.10081138e-01   2.76497378e+00  -4.26015973e+00
  -4.81580215e+00  -6.06523804e+00  -7.53951455e+00   4.22206525e-01
  -1.87386750e-01   8.91666524e-01   2.41611558e+00  -1.08305644e+00
  -3.49597132e-01  -2.24816061e+00  -1.98326697e+00   8.37528303e-01
   1.85338561e+00  -6.46594384e+00  -7.22424851e+00  -1.04929189e+01
  -6.75481456e+00  -1.21344993e+00   1.23168095e+01   2.33871763e+01
   2.77013016e+01   3.18333235e+01   2.62252175e+01   2.26419285e+01
   1.94676078e+01   1.66909462e+01   1.70693143e+01   1.49965480e+01
   1.59316642e+01   1.33177469e+01   1.15188715e+01   1.02293298e+01
   1.44429888e+01   1.34813300e+01   4.21087018e+00  -2.45729532e+00
  -8.53817316e+00  -9.04309915e+00  -4.93700201e+00  -4.03003071e+00
  -8.62485967e+00  -7.98696147e+00  -1.84746240e+00   2.71266756e+00
   6.46949419e+00   1.13655127e+01   7.64123919e+00  -5.37395964e-02
  -6.13859987e+00  -8.81650153e+00  -1.02357985e+01  -9.32121084e+00
  -1.22555755e+01  -1.01415245e+01  -1.02343875e+01  -8.50981326e+00
   1.06479006e+01   6.71727779e+00   4.95187321e+00   4.53273062e+00
  -7.19972420e+00  -6.19446114e+00  -8.05128133e+00   7.12948169e-01
  -8.99248219e+00  -1.45083077e+01  -1.70868032e+01  -1.16502816e+01
  -6.46542029e+00  -3.13267433e+00   4.85872795e+00   5.57591053e+00
  -6.78679584e+00  -1.51348571e+01  -1.24838919e+01  -1.35787346e+01
  -2.03018281e+01  -1.41767875e+01  -8.26794023e+00  -1.69907454e+00
  -1.52794188e+00  -6.45407505e-01  -2.66184434e+00  -6.77772395e+00
  -1.48707251e+01  -1.94709311e+01  -2.15339130e+01  -2.62175656e+01
  -2.82886977e+01  -1.82782209e+01  -1.27533065e+01  -1.30285720e+01
   3.39923454e+00   1.01249609e+01   6.63897429e+00  -2.40928286e+00
   1.46136214e-01  -1.09205009e+00  -5.83777109e+00  -6.86552749e+00
  -2.40123244e+00  -3.67637125e+00  -2.63869488e+00   2.60213545e+00
   4.98939400e+00   2.62057302e+00   4.44827085e+00   1.12165712e+01
   1.28197878e+01   9.44330079e+00   1.62745179e+01   1.86345744e+01
   1.94327175e+01   1.83508579e+01   8.55530138e+00  -2.12315038e+00
  -1.36501725e+01  -1.79376512e+01  -1.35647645e+01  -1.74502779e+01
  -2.36785967e+01  -2.44004808e+01  -2.41942488e+01  -2.45903521e+01
  -2.52968769e+01],[ -2.57571742e-14  -2.57571742e-14  -2.57571742e-14  -2.25275934e+00
   5.12148689e-01   2.37129766e-01   1.58940285e+00   3.67210038e+00
   2.05847139e+00  -1.36054693e-01  -1.15647377e+00   1.22562977e+00
   4.69919430e+00   3.90947383e-01   4.16976099e+00  -8.70731986e-01
  -3.94917344e+00   2.90045491e-01   1.41619331e+00   2.17189540e+00
   1.67096463e+00  -2.27959257e+00  -7.73464864e+00  -8.30619400e+00
  -6.77570577e+00  -1.68958502e+01  -1.88364330e+01  -2.47255993e+01
  -1.83238809e+01  -9.08847155e+00  -1.29573160e+01  -1.92653885e+01
  -1.49381965e+01  -7.02655388e+00  -2.51064433e+00  -4.49690662e+00
  -1.03447069e+01  -1.32467722e+01  -1.54771546e+01  -8.86860256e+00
  -2.14931262e+01  -2.97982218e+01  -3.10468947e+01  -3.12254024e+01
  -3.06150380e+01  -3.29425213e+01  -2.72242004e+01  -2.32139428e+01
  -1.65238741e+01  -1.78889764e+01  -1.12650197e+01  -5.16545688e+00
  -3.81258588e+00  -6.10959559e+00  -2.86265943e+00  -3.24341225e+00
  -9.26117088e+00  -2.50603590e+00  -1.17613471e+01  -2.07531320e+01
  -2.10484566e+01  -2.89320809e+01  -3.27902396e+01  -2.55473885e+01
  -2.24573830e+01  -2.18292999e+01  -2.06091552e+01  -2.44477659e+01
  -2.41903238e+01  -2.49007487e+01  -2.00287042e+01  -1.64764667e+01
  -1.51109333e+01  -1.04847776e+01  -7.10557213e+00  -6.57483048e+00
  -7.40514056e+00  -1.47659684e+01  -2.34199375e+01  -1.32664132e+01
  -3.60253507e+00   1.40532932e+00  -1.66044905e+00  -1.05409062e+01
  -1.54208225e+01  -1.89135757e+01  -1.29567834e+01  -4.90635017e+00
   4.10464501e+00   7.86793058e+00   1.09755250e+01   1.06817812e+01
   1.01259596e+01   1.18767435e+01   1.37091428e+01   1.87203430e+01
   1.85482267e+01   1.64796557e+01   1.42944939e+01   1.18404207e+01
   1.10898302e+01   1.38455259e+01   1.25928419e+01   1.06382117e+01
   8.46249382e+00   5.11181464e+00   1.54672649e+00   1.60270183e+00
   4.14555840e+00   2.97262187e+00  -1.58622638e+00  -6.90797439e+00
  -5.75362640e+00  -6.73365032e+00  -7.17919846e+00  -3.19408826e+00
  -4.53877013e-01   6.17943851e-01   3.55152204e+00   9.79056756e+00
   1.23362403e+01   1.21688327e+01   1.00763205e+01   4.52358674e+00
   5.12343805e-01   2.05663033e+00   6.87028429e+00   2.14305120e+00
   1.53887176e+00  -9.67006335e-01   1.46866072e+00   2.46493698e+00
   1.63117258e+00   3.20620632e+00   3.11997184e+00  -1.73969505e+00
  -6.82195655e-01  -1.07896695e+00  -4.21484897e+00  -4.33962303e+00
  -1.27829952e+01  -2.53863406e+01  -3.34191920e+01  -3.32619770e+01
  -3.29941639e+01  -3.94685132e+01  -3.92971245e+01  -4.26209574e+01
  -4.00451342e+01  -4.52077628e+01  -5.31091857e+01  -5.71889174e+01
  -5.06848387e+01  -3.47897734e+01  -2.10634269e+01  -1.81218075e+01
  -2.29977481e+01  -1.80506255e+01  -1.56266131e+01  -1.25288508e+01
  -6.55842811e+00  -6.32478682e-01   1.60594717e+00   6.33662327e+00
   1.06103471e+01   7.75339547e+00   3.45565334e+00   2.67591001e+00
   1.48866903e+00  -3.42548494e+00  -6.06223092e+00  -7.92771397e+00
  -1.63273933e+01  -1.97465678e+01  -1.61130141e+01  -1.49440370e+01
  -1.40235471e+01  -1.44774850e+01  -1.24598599e+01  -1.35805163e+01
  -1.94241742e+01  -1.69672696e+01  -1.56133956e+01  -1.79146057e+01
  -1.88332814e+01  -1.70631518e+01  -1.88699181e+01  -1.50705330e+01
  -1.32265959e+01  -1.99172704e+01  -2.45744305e+01  -2.18083856e+01
  -1.46889320e+01  -1.56191291e+01  -1.46946784e+01  -1.35006067e+01
  -1.21354884e+01  -7.53132722e+00  -5.42315686e+00  -3.19236604e+00
  -1.13825826e+01  -1.29784575e+01  -1.41743388e+01  -1.39124190e+01
  -7.97959295e+00  -8.56769451e+00  -6.24410274e+00  -2.78107495e+00
  -8.92631796e+00  -8.35509817e+00  -2.40951546e+00  -1.54516337e+00
  -4.93136265e-01  -8.03590177e+00  -1.37560638e+01  -1.86662585e+01
  -1.87982702e+01  -6.17535581e+00  -1.50953677e+00  -1.27465319e+01
  -2.29580307e+01  -3.10136726e+01  -3.20429648e+01  -3.38493929e+01
  -3.09635872e+01  -1.32050075e+01  -1.05794121e+01  -1.43140076e+01
  -1.14318888e+01  -9.86532770e+00  -6.86680533e+00  -6.60578585e+00
  -3.21841809e+00  -1.23050593e+01  -1.30762347e+01  -5.33453902e+00
  -4.89187793e+00  -6.61475474e+00  -1.05919014e+01  -1.47898991e+01
  -2.17305336e+01  -2.24938786e+01  -1.67675147e+01  -1.33714788e+01
  -1.41693689e+01  -1.84683882e+01  -1.53517582e+01  -1.39737431e+01
  -8.56192422e+00  -7.17931344e+00  -9.07372505e+00  -1.42699945e+01
  -2.19692237e+01  -2.61592312e+01  -2.68369321e+01  -2.56066716e+01
  -2.14098164e+01  -2.02745702e+01  -1.91673249e+01  -2.15914571e+01
  -2.13870425e+01],[  7.10542736e-15   7.10542736e-15   7.10542736e-15  -1.96130644e+00
  -6.70201722e+00  -7.74776081e+00  -6.02528327e+00  -5.35573895e+00
  -3.92021693e+00  -1.73965271e-01   9.49015014e-01  -4.46277908e-01
  -4.30351000e+00  -8.08808121e+00  -5.14108356e+00  -1.15836252e+01
  -1.28341667e+01  -1.65077743e+01  -1.42150041e+01  -1.18550395e+01
  -1.58265483e+01  -2.10385423e+01  -2.03101822e+01  -2.02695035e+01
  -1.96513998e+01  -1.24288550e+01  -4.88548041e+00  -7.61551676e+00
  -5.69364091e+00  -9.44368927e+00  -1.96773961e+01  -2.48555858e+01
  -2.44532955e+01  -2.00266626e+01  -1.12922723e+01  -1.24170346e+01
  -1.88684611e+01  -2.65456506e+01  -2.80226551e+01  -1.98846444e+01
  -2.71890601e+01  -2.54909436e+01  -1.94991350e+01  -1.62521831e+01
  -1.56454104e+01  -1.33544398e+01  -1.25761566e+01  -8.92632729e+00
  -4.14324584e+00  -3.52246042e+00  -4.65836007e+00  -3.64212978e+00
  -2.36241655e+00  -5.64773468e+00  -4.15338759e+00  -3.72310905e+00
  -1.42117685e+01  -1.44687612e+01  -1.58999144e+01  -1.86280069e+01
  -2.49422975e+01  -3.07953331e+01  -3.16098728e+01  -3.11925301e+01
  -3.07243121e+01  -3.15081189e+01  -3.30651667e+01  -3.55104216e+01
  -3.94732771e+01  -4.33460687e+01  -4.03394511e+01  -3.51551079e+01
  -3.57158898e+01  -3.63059988e+01  -3.05234731e+01  -2.41998182e+01
  -2.04768842e+01  -2.12781472e+01  -2.93662521e+01  -2.61584411e+01
  -1.84603869e+01  -9.53763143e+00  -2.24477605e+00  -3.81972020e+00
  -5.07816989e+00  -6.16642040e+00  -8.43924412e+00  -3.97160600e+00
  -4.43184594e-01  -4.42038924e+00  -2.62790823e+00   4.33267126e+00
   4.10425407e+00   2.66125028e+00  -3.10345256e-01  -3.57218639e+00
  -8.24283995e+00  -8.29572118e+00  -7.47031868e+00  -8.17455518e+00
  -5.66157468e+00  -6.34345347e-01  -1.44221712e+00  -4.53764411e+00
  -4.83182235e+00  -3.32753551e+00  -5.26594953e+00  -4.58907453e+00
  -2.43275725e+00  -2.99434694e+00  -5.40180073e-01  -5.46369078e-01
   1.43569229e+00  -1.62602698e-01  -3.62622856e+00  -2.27739453e+00
   1.48909529e+00   3.57229181e-01   2.14996799e+00   7.03941676e+00
   6.11504181e+00   4.05268575e+00   5.56513792e+00  -2.62658278e+00
  -5.31732454e+00  -6.25705017e-01   3.24107218e+00   3.71473994e+00
   3.30880298e+00  -2.89408065e+00  -4.70388421e-01   1.34010240e+00
  -8.26132729e+00  -5.87369881e+00  -3.51317645e+00  -7.20664170e+00
  -6.25170173e+00  -3.25257281e+00  -8.46159266e+00  -1.29420983e+01
  -2.04951379e+01  -3.22276978e+01  -3.62264058e+01  -3.68580292e+01
  -3.77095341e+01  -3.79300737e+01  -3.21488940e+01  -3.11702776e+01
  -2.62166652e+01  -2.59002975e+01  -2.65249273e+01  -1.68371954e+01
  -1.21346283e+01  -1.43530730e+01  -1.31835585e+01  -1.50547430e+01
  -1.32552630e+01  -8.85634914e+00  -1.29010507e+01  -1.41065524e+01
  -1.18894464e+01  -9.53596383e+00  -1.36374346e+01  -2.34746650e+01
  -2.83133612e+01  -3.06753229e+01  -3.18313033e+01  -3.16291946e+01
  -2.60300471e+01  -2.38843953e+01  -2.06425737e+01  -1.35133990e+01
  -1.02052399e+01  -5.68633269e+00  -3.58539269e-01  -4.07943194e+00
  -8.58155362e+00  -8.43836175e+00  -7.16859914e+00  -1.04790617e+01
  -1.69600483e+01  -1.72535211e+01  -1.42308817e+01  -9.46476963e+00
  -8.43733159e+00  -7.86067140e+00  -7.93730114e+00  -9.22837154e+00
  -8.87756170e+00  -6.75302655e+00  -5.22701146e+00  -1.76194313e+00
  -1.60897653e+00   3.89780679e+00   7.08690375e+00   5.45058632e+00
   2.96378974e+00  -1.86533144e+00   2.22730714e+00  -6.66100932e+00
  -1.12234515e+01  -1.21066084e+01  -1.30913167e+01  -1.31626763e+01
  -1.67338463e+01  -2.12928299e+01  -2.35075420e+01  -1.99604232e+01
  -1.77530303e+01  -1.03846679e+01  -1.59599634e+00  -7.67328382e-01
   2.97899304e+00  -8.19543470e+00  -1.63961845e+01  -2.22544463e+01
  -2.07980436e+01  -1.22170469e+01  -7.90117840e+00  -9.41558033e+00
  -6.58442785e+00  -4.73444032e+00  -1.27053476e+00  -1.91436682e+00
  -1.16367098e+00  -1.28691677e-01  -5.55095415e+00  -8.51913106e-02
   4.32609010e-03  -7.25988490e+00  -1.12846734e+01  -5.58749434e+00
  -9.54155572e+00  -2.21770425e+01  -2.29126554e+01  -1.54463386e+01
  -1.23785795e+01  -6.21631577e+00  -1.41219198e+00   1.54922164e+00
   2.85029501e+00   3.69385510e+00   3.08792709e-01  -2.80128227e+00
  -2.95478291e+00  -4.38742973e+00  -6.67586976e+00  -7.13213463e+00
   2.18511887e+00   4.16585800e+00  -3.34156278e+00  -8.43525711e+00
  -9.52354547e+00  -1.37328137e+01  -2.10415537e+01  -1.78809400e+01
  -1.67278663e+01  -1.33024954e+01  -1.30082300e+01  -1.17895492e+01
  -1.02204891e+01],[  3.55271368e-15   3.55271368e-15   3.55271368e-15  -7.63189241e-02
   1.24330825e+00   4.37117685e+00   4.86778710e+00   1.62493395e+00
   4.91260717e-03   2.13183485e-01   1.87199489e+00   6.09180896e-01
  -6.96599895e+00  -4.68539226e+00  -3.90370546e+00  -2.39925982e+00
  -3.36959630e+00  -7.89330189e+00  -1.14833731e+01  -1.29091613e+01
  -1.36382551e+01  -1.28367670e+01  -5.73234825e+00   2.40069652e+00
   5.98098322e+00   6.61927099e+00   4.48047875e+00  -1.82364387e+00
  -7.64343695e+00  -9.42078193e+00  -9.68916241e+00  -6.86882340e+00
  -3.20954748e+00  -3.14620803e+00  -3.57620381e+00  -1.12911051e+01
  -1.29441449e+01  -1.45413817e+01  -1.51609353e+01  -1.36192590e+01
  -9.47002756e+00  -7.38142309e+00  -5.25715534e+00  -3.34246148e+00
  -7.27293912e+00  -7.62542560e+00  -5.37323105e+00  -4.93709221e+00
  -1.07165111e+01  -1.10201460e+01  -1.41682990e+01  -9.98093659e+00
  -5.07026883e+00  -3.34966301e+00   1.12800069e+00   2.21388372e+00
   4.99911031e+00   5.75844641e+00  -5.50359141e+00  -6.82550710e+00
  -6.66453130e+00  -9.92979241e+00  -1.28111639e+01  -1.50873300e+01
  -2.00511404e+01  -2.06357017e+01  -1.75909023e+01  -1.31598162e+01
  -6.33712097e+00  -9.38687361e+00  -1.24485277e+01  -6.37760155e+00
  -4.57994600e+00  -1.11055507e+01  -1.21169222e+01  -8.36418955e+00
  -7.58221330e+00  -7.23963743e+00  -9.01262434e+00  -1.45667471e+01
  -1.86718226e+01  -1.48719857e+01  -4.38557540e+00  -2.50349056e+00
  -1.53687454e+00  -1.06097319e+00  -3.89806715e+00  -3.90852209e+00
  -2.96354298e-02   1.37493407e+00   8.00489533e-01   5.51955097e-01
   1.29351540e+00  -1.55503388e+00  -1.58288867e+00  -3.36056872e+00
  -4.50758814e+00  -3.66774599e+00  -3.81318918e+00  -1.51512439e+00
   4.10553115e+00   6.02617398e+00   1.59010876e+00  -2.75742346e+00
  -7.32078123e-01   1.73090766e+00   2.07477806e+00   3.84022828e+00
   8.12890635e-01  -2.00066518e+00   6.04881139e+00   1.09877459e+01
   1.03287573e+01   6.06688602e+00   3.25161378e+00   1.25171552e+00
   4.34280880e+00   1.71128842e+00  -1.80666911e+00   1.28388314e+00
   3.17776082e+00   2.59884576e-01  -4.65517738e+00  -3.01484936e+00
   3.59985381e+00   6.45592616e+00   6.43093300e+00   1.01019245e+01
   8.05438918e+00   2.92389610e-01   2.22550907e+00   3.84464623e+00
   8.52742727e+00   1.57835466e+01   1.60872998e+01   7.82333153e+00
   3.40445189e+00  -8.39996071e-01  -6.96805134e+00  -1.09551512e+01
  -1.12238284e+01  -7.70784313e+00  -2.02148578e+00  -2.41001015e+00
  -4.37303633e+00  -6.50879261e-01   1.17087756e-01   2.17543776e+00
   7.14485605e+00   4.05334712e+00   2.49129340e+00   7.76537545e+00
   6.18613523e+00  -2.06685421e+00  -3.19285351e-01  -1.47819353e+00
   1.36627132e+00   2.98718100e-03  -6.12036267e+00  -2.67045605e+00
  -2.99379130e+00  -2.81559989e+00   2.84500476e+00   3.33725645e+00
   5.07790445e+00   5.81074899e+00   1.50034154e+00  -3.43458004e+00
  -5.18591517e+00  -2.83735552e-01   3.99544457e+00   7.02379641e+00
   7.95638390e+00   1.07658779e+01   1.40584740e+01   7.97066716e+00
   3.96705780e+00   5.21313260e-01   3.00203620e+00   4.53966132e+00
   3.90809179e+00   1.56349600e+00   4.20713852e+00   8.20178766e+00
   3.52065951e+00   1.27062909e+00   3.20027897e+00  -1.66347539e-01
  -3.18844077e+00  -6.68808640e+00  -8.85817398e+00  -6.02454681e+00
   8.84542632e-01  -3.37203638e+00  -9.68866975e+00  -7.45237784e+00
  -9.10185980e+00  -1.05079860e+01  -2.78434844e+00  -8.58273259e+00
  -2.97461228e+00   4.25672917e-01  -3.77098679e+00  -8.04085224e+00
  -1.65049392e+01  -1.89470769e+01  -1.86449572e+01  -1.53376848e+01
  -1.32285950e+01  -9.07686887e+00  -2.45963044e+00  -4.02478095e+00
  -4.97100216e+00  -1.18835454e+01  -1.44001201e+01  -1.54973882e+01
  -1.23922789e+01  -1.05435750e+01  -1.30766486e+01  -4.89191464e+00
   2.18465530e+00   5.71746112e+00   6.37925246e+00   7.70947789e+00
   7.11354880e+00   5.99508981e+00  -2.17995281e-01  -5.60522180e-01
   1.84219623e+00  -4.62176555e+00  -8.98365771e+00  -4.13994712e+00
  -4.76969059e+00  -2.82113423e+00  -5.41533043e+00  -1.49935309e+01
  -1.88178694e+01  -1.56427588e+01  -1.48303485e+01  -1.37690190e+01
  -1.40963791e+01  -1.46661260e+01  -1.37899585e+01  -1.27908425e+01
  -8.45470008e+00  -1.02330715e+01  -1.56344318e+01  -1.83635503e+01
  -1.39418003e+01  -7.41011829e+00  -8.18774663e+00  -1.11944942e+01
  -1.03871703e+01  -1.09514479e+01  -1.33455371e+01  -1.17562237e+00
   1.05424600e+01   1.55971108e+01   1.57032778e+01   1.99477647e+01
   2.28125674e+01],[  7.72715225e-14   7.72715225e-14   7.72715225e-14   1.45877467e+00
  -1.85142112e+00  -3.84365279e+00   2.20909996e+00   2.42578454e+00
   2.83019773e-01   8.15289367e-01   6.39069779e-01  -1.87244971e+00
  -5.57176675e+00   1.18346106e+00  -1.68336299e+00   1.72947779e+00
   5.21376520e-01   1.86121530e+00   1.54591404e+00   6.79218844e+00
   7.81437853e+00   7.95134142e+00   6.57820891e+00   1.06152954e+01
   1.26691354e+01   9.34152569e+00   3.19030880e+00  -1.04461696e+00
  -9.29763132e+00  -1.15653375e+01  -8.37459695e+00  -3.46776693e+00
  -2.87389529e+00   2.23054368e+00   1.86220171e+00  -7.53271873e+00
  -2.03716954e+00   4.04373790e+00   2.89660127e+00  -5.78735846e+00
  -1.08859748e+00   9.59552310e+00   1.01408827e+01   3.03047215e+00
  -8.52539267e-02  -2.14335706e+00  -1.78775364e+00   1.15227883e+00
   1.46123304e+00   1.76105648e+00  -2.22311123e+00   6.90453677e+00
   7.30106795e+00   2.50068709e-01   2.34064595e+00   4.63645172e-01
  -2.90697892e+00  -7.94236991e+00  -1.64969043e+01  -2.09154805e+01
  -1.49264811e+01  -1.64887003e+01  -1.75925470e+01  -1.65419801e+01
  -1.81555405e+01  -1.50190098e+01  -1.29434792e+01  -1.05962483e+01
  -1.08457723e+01  -2.16635608e+01  -2.49154073e+01  -1.22969782e+01
  -8.27399204e+00  -1.63865283e+01  -2.01943840e+01  -1.94954013e+01
  -2.39949830e+01  -2.58245671e+01  -2.29966246e+01  -2.25883273e+01
  -3.08916281e+01  -2.95561695e+01  -2.24732494e+01  -2.48332819e+01
  -2.42982814e+01  -1.92792600e+01  -1.17682847e+01  -1.07485830e+01
  -1.06131288e+01  -8.27549121e+00  -8.18664102e+00  -5.38358528e+00
  -1.52724771e+00  -3.28313772e+00   1.25346252e+00  -2.69607924e-01
   1.39247128e+00   4.21661570e+00   5.21202626e+00   8.50386377e+00
   9.82538454e+00   9.86444930e+00   8.15427454e+00   6.91135355e+00
   6.98020473e+00   7.22709624e+00   5.45120050e+00   9.12741958e+00
   9.42555611e+00   6.04232453e+00   5.39239175e+00   2.26884385e+00
   3.28332017e+00   2.47942093e+00   1.50523982e+00   7.32889397e-01
  -1.08626939e+00  -3.78188560e-01  -4.51375884e+00  -4.57796259e+00
  -7.22236104e-01   4.35850289e+00  -1.50702922e-01   3.55805799e+00
   1.46123811e+01   1.36893811e+01   8.22598746e+00   9.69640587e+00
   7.60809634e+00   5.63074890e+00   1.02757856e+01   5.89264616e+00
   5.67858681e+00   1.12169533e+01   1.24047518e+01   1.01071952e+01
   8.67736748e+00  -2.95727828e+00  -6.76919093e+00  -4.65629530e+00
  -5.78581776e+00  -3.77053689e+00   7.73636118e-01   3.68237114e+00
   8.12688051e+00   6.31953918e+00   2.64495647e+00  -4.21765422e-01
   2.25453896e+00  -1.05856008e+00  -4.32080310e+00   2.35505339e+00
   2.87706346e+00   3.57232069e+00   5.42821927e+00  -2.09313809e+00
  -7.51193843e+00  -8.00284669e+00  -5.47573439e+00   2.47274994e+00
   4.37040971e+00   2.09009465e+00   4.03010107e+00   5.98154647e+00
   7.48247293e+00   8.36848530e+00   1.32737354e+01   1.76160090e+01
   1.44332347e+01   1.67890068e+01   1.80887377e+01   1.86030345e+01
   1.32825423e+01   4.94564411e+00  -5.65230258e-01  -4.89605904e+00
  -7.59922683e+00  -1.34956818e+01  -1.34488135e+01  -1.57067887e+01
  -1.83750904e+01  -1.90161468e+01  -1.40066218e+01  -1.23123658e+01
  -1.29110228e+01  -9.00350534e+00  -3.96702610e+00  -8.63543184e-01
  -1.20094674e+00  -4.08548296e+00  -2.06488350e+00  -3.09990346e+00
  -2.94014597e-01   3.54436627e+00  -3.92814636e+00  -8.54198783e+00
  -8.85077714e+00  -4.87269515e+00  -3.52795523e+00  -8.02105207e+00
  -1.68519982e+01  -2.36010287e+01  -2.77505589e+01  -3.31182898e+01
  -3.41073669e+01  -3.47599372e+01  -3.38072369e+01  -2.84412040e+01
  -1.83925794e+01  -1.62371941e+01  -1.35001813e+01  -1.32602232e+01
  -1.30201446e+01  -1.03283186e+01  -6.92139776e+00  -8.36092006e+00
  -9.24662271e+00  -1.08117426e+01  -2.25746105e+01  -2.73853605e+01
  -2.48597825e+01  -2.38407514e+01  -2.17911611e+01  -2.13654527e+01
  -1.56716005e+01  -8.85002342e+00  -8.99278178e+00  -1.97485876e+01
  -2.36093307e+01  -2.60838876e+01  -1.80769887e+01  -2.01698116e+01
  -2.06407829e+01  -1.09872717e+01  -5.32730639e+00  -1.41103373e+01
  -1.80732574e+01  -1.04703055e+01  -7.37604602e+00  -9.34544596e+00
  -7.23089527e+00  -5.10263885e+00  -5.27083973e+00  -5.97336726e+00
  -3.84428831e+00  -7.89596596e+00  -1.29275889e+01  -9.89078501e+00
  -7.56885589e+00  -5.94154352e+00  -2.28160083e+00  -4.79270882e+00
  -6.88511683e+00  -8.42919013e+00  -1.27219334e+01  -9.95277127e+00
  -4.68461586e+00   2.23012324e-01   3.81726983e-02   7.50744457e+00
   1.29738293e+01],[ -5.32907052e-14  -5.32907052e-14  -5.32907052e-14   8.30674647e-01
  -4.05052340e+00  -4.89033852e+00   1.03115424e+00   9.26485768e+00
   1.05869830e+01   1.11174122e+01   1.00271100e+01   3.63029457e+00
  -2.32751398e+00   4.27463639e+00   9.05848149e-01  -7.20685936e+00
  -1.00679970e+01  -1.13341899e+01  -7.30294543e+00  -2.18687662e+00
  -2.62487028e+00   3.99795512e-01  -2.94956082e+00  -6.74171420e+00
  -6.51477470e+00   2.04872699e+00   3.41155841e+00   1.01764502e+01
   7.26547269e+00   1.18967078e+00  -3.02272504e-02   3.22603062e+00
   1.26841220e+00   5.41938630e+00   3.14307017e+00  -6.40925981e+00
  -3.91445867e+00  -3.96876372e+00  -9.38739175e+00  -1.44152180e+01
  -2.51978408e+00   9.40329863e+00   9.14757974e+00   4.25971963e+00
   5.14708581e-01  -1.27440963e+00  -6.22411877e+00  -5.76352432e+00
  -1.51389933e-01   3.75794026e+00  -1.37247145e+00   2.67779824e+00
   1.60254500e+00  -3.48389009e+00   5.39460087e-01   4.58254555e+00
   6.02714806e+00  -1.93134755e+00  -1.17066270e+01  -1.61097969e+01
  -1.20116335e+01  -8.69915750e+00  -2.75737784e+00   7.33236996e-01
  -8.56376262e-01   1.61000113e+00   1.08568383e+00  -2.94515633e+00
  -1.44872530e+01  -2.23712571e+01  -1.94499770e+01  -1.00870535e+01
  -7.02442390e+00  -1.16504622e+01  -1.22531083e+01  -1.45114951e+01
  -2.32182351e+01  -2.66119714e+01  -1.97071169e+01  -1.28116903e+01
  -1.90122831e+01  -1.94936369e+01  -1.72702574e+01  -1.60658811e+01
  -1.52946139e+01  -1.33593654e+01  -1.64134593e+01  -1.65460885e+01
  -1.69017717e+01  -1.65209462e+01  -1.93046726e+01  -2.07121855e+01
  -1.91991277e+01  -2.42927118e+01  -2.69606923e+01  -2.74154734e+01
  -2.32000852e+01  -1.96882678e+01  -2.06089020e+01  -1.77101762e+01
  -1.67967482e+01  -1.87227281e+01  -2.03520400e+01  -2.02871744e+01
  -1.90031125e+01  -1.91892950e+01  -2.17104262e+01  -1.64625842e+01
  -1.41944987e+01  -1.54955389e+01  -1.62746459e+01  -1.87199945e+01
  -1.67657133e+01  -1.13751923e+01  -7.33542095e+00  -6.70772197e+00
  -1.27641146e+01  -9.10705632e+00  -6.60618728e+00  -5.15179429e+00
  -4.07300758e+00   1.15406227e+00   2.76637844e+00  -8.70644312e-01
   3.29569585e+00  -2.60855613e-01  -4.26168453e+00  -5.83262058e+00
  -7.06701919e+00  -2.86460254e-01   6.73782841e+00   1.51919041e+00
  -4.36660933e+00   2.82302870e+00   5.44853322e+00   3.69371655e+00
   1.56837805e+00  -8.43996360e+00  -9.98542405e+00  -4.42516174e+00
  -7.84941723e+00  -5.11843330e+00  -5.91981632e+00  -1.02123595e+01
  -1.15085276e+01  -1.56397211e+01  -1.47312014e+01  -1.69186801e+01
  -1.57611503e+01  -1.17617876e+01  -8.80697419e+00   3.10395356e+00
   1.17033441e+01   1.78335463e+01   1.60015206e+01   1.17751501e+01
   1.13936295e+01   6.96874524e+00   1.93998186e+00  -1.64784581e+00
  -2.46976215e+00  -1.52324416e+00  -2.49459842e+00  -9.20164258e+00
  -7.81828805e+00  -5.73238579e+00   6.00531705e-02   6.01303745e-01
  -2.13846764e-01  -6.92851926e-01  -4.56174190e+00  -2.54300927e+00
  -1.70265805e+00  -5.74656796e+00  -8.31014662e+00  -1.30815909e+01
  -1.74191811e+01  -1.76266367e+01  -1.14616012e+01  -8.27975670e+00
  -5.88141446e+00  -4.40034541e+00  -4.51357427e+00  -9.41619987e+00
  -6.92688151e+00  -7.19821286e+00  -6.94283077e+00  -2.57878435e+00
   1.44698298e+00   3.94871228e+00   1.12929076e+01   5.59517008e+00
  -3.90428227e+00  -3.70627427e+00  -9.86515146e+00  -1.48315525e+01
  -1.01845397e+01  -1.06749095e+01  -1.07908738e+01  -1.37996069e+01
  -1.13625037e+01  -9.36607256e+00  -9.94532114e+00  -1.50167172e+01
  -1.43466597e+01  -1.75529608e+01  -1.44291948e+01  -1.37821391e+01
  -9.68258547e+00  -8.36342308e+00  -8.71627472e+00  -7.33344666e+00
  -6.20627888e+00   4.94067969e+00   3.90808354e+00   2.15897325e+00
  -1.01801297e+00  -4.07888057e+00  -1.20250921e+01  -1.71694167e+01
  -1.80578718e+01  -1.80239643e+01  -1.96129707e+01  -2.13805433e+01
  -1.75474117e+01  -1.94906860e+01  -1.23682005e+01  -9.36616556e+00
  -7.38255978e+00  -4.46039876e+00   7.46473352e+00   1.45766618e+00
  -4.34821135e+00  -8.75601872e+00  -1.05286978e+01  -1.21915955e+01
  -1.70544163e+01  -2.30771094e+01  -2.43689429e+01  -2.21365945e+01
  -1.83121103e+01  -1.63433338e+01  -2.20076460e+01  -2.50542163e+01
  -2.77596570e+01  -2.78013534e+01  -2.90921601e+01  -2.63082612e+01
  -2.49922178e+01  -2.44850704e+01  -2.16489104e+01  -1.71897345e+01
  -1.61880632e+01  -1.70332070e+01  -1.90195345e+01  -2.06624527e+01
  -2.28196752e+01  -2.41833620e+01  -2.45196271e+01  -2.08779960e+01
  -1.79390402e+01],[  2.84217094e-14   2.84217094e-14   2.84217094e-14  -1.19527572e+00
  -8.30125541e-01  -1.08869608e+00   1.20320582e+00   1.00657675e+01
   1.03066258e+01   1.01175812e+01   1.13530016e+01   1.85594488e+00
  -1.13836089e+01  -9.42278817e+00  -4.31671202e+00  -1.08849050e+01
  -1.19282458e+01  -9.85512038e+00  -8.53486221e+00  -9.45395568e+00
  -8.19425773e+00  -6.56267560e+00  -6.90791722e+00  -6.45051029e+00
  -6.52197780e+00  -3.95151319e+00  -3.56986381e+00   1.95286534e+00
   3.17450564e+00   2.70203743e-01   4.81758598e+00   6.48239481e-01
  -4.68258377e+00  -6.67834367e+00  -9.22285922e+00  -1.43638449e+01
  -1.17333061e+01  -1.28016870e+01  -1.55252698e+01  -1.63540726e+01
  -1.23386641e+01  -1.04995721e+01  -1.32834305e+01  -1.62841631e+01
  -1.16865706e+01  -1.08152614e+01  -1.25299959e+01  -6.34891157e+00
  -2.87707291e+00  -7.14483566e-02  -1.38839523e+00  -1.33211876e+00
  -3.56130743e+00  -6.73043229e+00  -8.09920622e+00  -4.48674958e+00
   2.26387134e+00  -4.70883652e+00  -1.32816647e+01  -1.46824853e+01
  -9.97615624e+00  -3.34286214e+00   3.98040773e+00   1.13604705e+01
   1.15851418e+01   1.10813959e+01   1.23780150e+01   7.20405983e+00
   2.21362340e-01  -4.39316428e+00  -1.34053045e+00   5.77664729e-01
   5.05036468e+00   6.55249996e+00   7.55191837e+00   7.81697041e+00
   5.28968793e+00  -6.74433480e-01   2.27524136e-01   1.86965741e+00
   1.84031898e+00  -5.00355766e+00  -8.68105793e+00  -6.29423845e+00
  -7.53246490e+00  -9.41534603e+00  -1.41576066e+01  -1.61756190e+01
  -1.45865877e+01  -8.60471511e+00  -9.50216523e+00  -1.40068470e+01
  -1.00731635e+01  -9.61126000e+00  -1.29289908e+01  -1.17214284e+01
  -8.82858691e+00  -7.10883955e+00  -1.18286873e+01  -1.28171119e+01
  -6.12470774e+00  -8.21062398e+00  -1.37002424e+01  -1.53469136e+01
  -1.00227778e+01  -7.65605089e+00  -1.18487753e+01  -1.50096533e+01
  -1.42677001e+01  -1.30043161e+01  -1.47733905e+01  -1.36359367e+01
  -1.36291751e+01  -9.70463029e+00  -2.79854912e+00  -2.00640165e+00
  -6.23614697e+00  -5.85695128e+00  -5.96232253e+00  -3.22416498e+00
  -4.45065894e+00  -5.08328219e+00  -5.74692182e+00  -8.83393200e+00
  -9.95718904e+00  -1.14947234e+01  -7.94806766e+00  -9.21082077e+00
  -1.29897842e+01  -7.43978870e+00  -3.06668599e+00  -3.13140237e+00
   4.19757317e+00   1.37722123e+01   1.27926764e+01   6.21026665e+00
  -4.58300771e-01  -7.97052980e+00  -1.03866297e+01  -8.29035986e+00
  -8.45244528e+00  -5.65078814e+00  -7.29087938e+00  -7.88896230e+00
  -9.22093361e+00  -8.58683073e+00  -7.93586962e+00  -9.77154435e+00
  -1.24991916e+01  -8.72077979e+00  -6.95199834e+00  -4.83160339e+00
   1.74991615e+00   4.63739030e+00   3.82818333e+00   4.49145951e+00
   3.72047072e+00  -2.35833114e+00  -6.13450886e+00  -1.03211511e+01
  -9.15939445e+00  -6.46214532e+00  -6.68481365e+00  -6.59594671e+00
  -3.64812839e+00  -3.86471738e+00  -7.07526939e+00  -1.04714099e+01
  -1.11533980e+01  -1.42317659e+01  -1.93518430e+01  -2.01157787e+01
  -1.28523784e+01  -5.92364238e+00  -1.61934530e+00   1.64789185e+00
   8.56318915e-01   1.93765234e+00   5.24224762e+00   5.59809534e+00
   6.05702593e+00   4.42500257e+00   5.30452350e+00   1.68074230e+00
   5.05727517e+00   3.98416412e+00  -1.72146463e+00  -2.60499493e+00
  -1.73909406e+00  -4.90277842e+00   1.22663946e+00  -1.39373692e+00
  -7.27079973e+00   2.20429145e+00   1.00276337e+00  -1.32181979e+00
   1.87850714e-01  -1.60845679e+00   2.07873272e+00  -6.84091740e+00
  -3.85739461e+00   3.15476035e+00   4.55354020e+00   3.94153505e+00
   4.15310147e+00   7.10941466e-02   2.09953206e+00  -1.65802042e+00
  -1.03616039e+00   1.37102075e+00  -2.00855818e+00  -7.77640526e-01
  -2.39008924e+00   2.96102833e+00   3.13086536e+00   1.60440123e+00
  -6.37018242e+00  -8.05580765e+00  -6.89022785e+00  -8.93233166e+00
  -1.01847969e+01  -1.43891608e+01  -1.69552540e+01  -1.16589695e+01
  -1.01597210e+01  -1.70554109e+01  -1.27789588e+01  -2.01369926e+00
   1.38146676e+00   3.82872994e+00   1.00944464e+00  -7.57973635e+00
  -8.02809495e+00  -1.31168327e+01  -1.23248867e+01  -9.41124593e+00
  -1.30342332e+01  -1.48225234e+01  -2.05251530e+01  -1.52587409e+01
  -5.13568963e+00   2.10250256e+00  -2.54840533e+00  -2.72834371e+00
  -2.74227261e+00  -1.04769760e+00  -1.19470207e+00  -3.37579283e+00
  -9.33285662e+00  -8.45846365e+00  -1.00604367e+01  -7.08866190e+00
  -8.52580815e+00  -1.01075126e+01  -8.21115000e+00  -6.72819889e+00
  -6.45151531e-01  -2.17501507e+00  -4.35533829e+00  -6.82805942e-01
   2.64145410e+00],[  1.50990331e-13   1.50990331e-13   1.50990331e-13  -3.57406393e+00
   2.42573732e+00   2.67289250e+00   2.66297326e+00   6.35823139e+00
   5.71865306e+00   5.03045058e+00   7.12061933e+00   2.80328333e+00
  -4.00016668e+00  -2.25947469e+00   1.13040558e+00  -9.18356262e+00
  -1.19926794e+01  -1.04222052e+01  -1.07039397e+01  -1.34650746e+01
  -1.39312667e+01  -1.99377267e+01  -2.43192886e+01  -2.12366491e+01
  -1.66979237e+01  -1.49082496e+01  -1.51701212e+01  -1.20239723e+01
  -9.22642761e+00  -1.39669795e+01  -1.08800919e+01  -7.72753578e+00
  -7.90492004e+00  -8.56703272e+00  -5.23305040e+00  -5.28474687e-01
   3.50825137e+00   1.22726152e+00  -4.67409260e+00  -1.50197709e+01
  -1.68161392e+01  -8.11082073e+00  -9.68617688e+00  -1.12859744e+01
  -8.99693758e+00  -6.23638601e+00  -9.30964565e+00  -2.23954934e+00
   6.07681587e+00   6.66972161e+00   1.07607488e+01   1.63037531e+01
   1.63673298e+01   1.33270574e+01   6.62318729e+00   6.69104656e+00
   4.51117846e+00  -4.39176093e+00  -7.69724661e+00  -1.08734961e+01
  -1.44317408e+01  -1.72121763e+01  -1.37075676e+01  -7.59555648e+00
  -5.77700981e+00  -5.27119238e+00  -9.15417847e+00  -1.65075302e+01
  -1.69691643e+01  -1.66239190e+01  -1.10713182e+01  -8.56540558e+00
  -6.00573278e+00  -3.33975956e+00  -9.10080498e+00  -1.23043856e+01
  -8.27711132e+00  -1.36009606e+01  -1.93632959e+01  -1.68865719e+01
  -7.64062968e+00  -1.34281193e+01  -1.79577903e+01  -2.07838667e+01
  -2.31333068e+01  -2.26453420e+01  -1.55287676e+01  -1.34586269e+01
  -8.80862078e+00  -2.04950590e+00  -6.68221786e+00  -9.20918497e+00
  -6.73870861e+00  -1.14563410e+00   4.04219913e+00   5.47218486e+00
   6.74248858e+00   6.52950533e+00   5.11763425e+00   1.33139734e+00
   5.78078799e+00   8.06732513e+00   6.87393686e+00   5.17689766e+00
   7.47571150e+00   1.22614192e+01   8.92903983e+00   3.17942347e+00
   7.12183209e+00   8.97259773e+00   2.68713028e+00   1.90671704e+00
   1.66785049e+00   1.74463474e+00   3.26591247e+00   2.36809141e+00
  -2.07998833e+00  -5.02655214e+00  -9.52739556e+00  -7.33697201e+00
  -8.27694261e+00  -6.82771177e+00  -1.14288496e+01  -1.06578963e+01
  -8.56274325e+00  -1.02976010e+01  -8.63900461e+00  -7.23523690e+00
  -1.14499171e+01  -1.32244047e+01  -9.85083156e+00  -7.36678619e+00
  -3.37232857e+00  -1.93285208e+00  -3.84961263e+00  -5.66268948e+00
  -6.24277645e+00  -7.99071840e+00  -1.21789738e+01  -1.09065960e+01
  -7.10849859e+00  -8.96523042e+00  -8.73563035e+00  -8.10711732e+00
  -3.75924571e+00  -3.39533394e+00  -5.86791330e+00  -8.06748630e+00
  -9.15332639e+00  -8.99380957e+00  -8.33893914e+00  -8.19372038e+00
  -7.46913152e+00  -9.39908445e+00  -7.36088924e+00  -6.48993861e+00
  -8.19178714e+00  -6.13610468e+00  -1.84854718e+00   4.80647690e-01
   5.57775511e-01  -1.61578647e+00  -5.87560553e+00  -6.39300149e+00
  -6.75738119e+00  -7.30617413e+00  -6.60097975e+00  -6.21671988e+00
  -6.70382301e+00  -9.88749439e+00  -8.92378185e+00  -7.43097437e+00
   1.16734642e+00   8.29219050e+00   9.22383871e+00   1.26440136e+01
   1.00755186e+01   5.07690293e+00  -2.09861191e+00  -8.85671177e+00
  -1.75262543e+01  -1.97192727e+01  -1.70376170e+01  -1.55558799e+01
  -7.23776059e+00  -2.18838794e+00  -8.67828601e+00  -9.93730077e+00
  -8.63930729e+00  -5.04995380e+00  -1.75862345e+00  -1.92154616e+00
  -1.82836450e+00   1.58307115e+00  -1.21732232e+00  -3.82696456e+00
  -1.19093372e+01  -1.07814792e+01  -8.01071721e+00  -1.24958443e+01
  -1.21387328e+01  -1.63815638e+01  -1.81200874e+01  -1.54953866e+01
  -1.44752757e+01  -1.49417907e+01  -1.86231374e+01  -2.11984123e+01
  -1.40255661e+01  -7.53609895e+00  -1.04447389e+01  -7.52606105e+00
  -8.81517495e+00  -1.66007820e+01  -1.91430874e+01  -2.00043621e+01
  -2.14663245e+01  -1.51819383e+01  -1.33076789e+01  -1.17967930e+01
  -6.68807399e+00  -9.68672387e+00  -8.18370149e+00  -6.39879625e+00
  -6.32860847e+00  -1.25162872e+01  -1.23244446e+01  -1.28197528e+01
  -1.29288298e+01  -9.42529262e+00  -1.55679622e+01  -2.14453381e+01
  -2.12749496e+01  -2.40775507e+01  -2.02371632e+01  -1.71275556e+01
  -1.17644098e+01  -1.41282626e+01  -1.97351200e+01  -1.65998205e+01
  -7.76610624e+00  -7.40957859e+00  -1.10900104e+01  -7.83121319e+00
  -5.34660709e+00  -8.03996105e+00  -1.94727415e+00  -8.94119967e-01
  -3.81363806e+00  -2.96148043e+00  -8.55215009e+00  -9.87091091e+00
  -1.06163170e+01  -6.30286367e+00   2.61767400e+00   4.20166968e+00
   2.57613866e+00   3.06928426e+00   7.35141677e-01   5.66689108e+00
   9.01530865e+00],[ -6.75015599e-14  -6.75015599e-14  -6.75015599e-14  -1.96471393e+00
  -2.98799382e+00  -2.91691780e+00  -2.39678902e+00   3.17485498e+00
   3.28765885e+00  -2.20764267e+00  -5.36650418e+00  -1.90346180e+00
  -5.39572700e-02   2.24575518e+00   4.52492019e+00  -8.82644658e+00
  -1.23098273e+01  -1.71274735e+01  -2.17152138e+01  -2.39437103e+01
  -2.74067900e+01  -2.84300733e+01  -3.02086259e+01  -3.01455314e+01
  -2.87558277e+01  -2.67757052e+01  -2.87698932e+01  -2.63815774e+01
  -2.47608930e+01  -2.45663134e+01  -2.42014012e+01  -1.75277148e+01
  -1.08453626e+01  -1.03007465e+01  -1.24810014e+01  -7.24479770e+00
  -4.05184204e+00  -5.00838708e+00  -7.85954541e+00  -1.77763690e+01
  -1.31888313e+01  -2.13989736e+00  -1.96537963e+00  -1.63624841e+00
  -7.61930045e+00  -9.88214056e+00  -1.56901358e+01  -1.72876433e+01
  -1.48331703e+01  -1.74818426e+01  -1.29632301e+01  -3.20260923e+00
  -1.55139176e+00  -5.33816756e+00  -7.58986334e+00   2.10437411e+00
   2.37710510e+00  -5.64815856e+00  -1.16191192e+01  -1.01891187e+01
  -8.34177046e+00  -1.35136738e+01  -1.27010460e+01  -1.27690174e+01
  -1.31965729e+01  -1.37602503e+01  -2.03039537e+01  -2.26618992e+01
  -1.61604523e+01  -9.35090131e+00  -5.31551865e+00  -5.55156542e+00
  -8.42000354e+00  -7.05666498e+00  -1.41001724e+01  -2.24496273e+01
  -1.96671398e+01  -2.02362779e+01  -2.24044722e+01  -2.12430121e+01
  -1.80795892e+01  -1.69091693e+01  -2.10449582e+01  -2.49216078e+01
  -2.50919201e+01  -2.31953583e+01  -1.77666447e+01  -1.32123771e+01
  -6.68200997e+00  -4.26609298e+00  -8.93285416e+00  -7.97957640e+00
  -7.93552797e+00  -8.42459766e+00  -1.01128334e+01  -9.36994040e+00
  -8.00840353e+00  -9.29197029e+00  -8.47396454e+00  -1.05334659e+01
  -9.97553786e+00  -8.41669972e+00  -9.36097721e+00  -1.34496426e+01
  -1.85273192e+01  -1.56763670e+01  -1.30043842e+01  -1.13518507e+01
  -9.89552769e+00  -1.21753969e+01  -1.58222714e+01  -1.22391987e+01
  -1.14177192e+01  -1.54841322e+01  -1.98287968e+01  -1.89227758e+01
  -1.97418063e+01  -1.89383497e+01  -1.76772629e+01  -1.28318820e+01
  -9.31602433e+00  -6.27243874e+00  -7.43176208e+00  -4.94789707e+00
  -1.50755641e+00  -5.63539621e+00  -1.12515894e+01  -9.98174365e+00
  -1.23408375e+01  -1.48640365e+01  -1.15119257e+01  -8.13375334e+00
  -7.35218011e+00  -9.21905427e+00  -1.07575206e+01  -1.09819481e+01
  -8.35732466e+00  -5.59968545e+00  -1.04408120e+01  -1.32187989e+01
  -1.28200608e+01  -1.51354949e+01  -1.36541381e+01  -1.53625907e+01
  -1.54669132e+01  -1.64597690e+01  -1.57314557e+01  -1.81566999e+01
  -1.76122679e+01  -1.82134964e+01  -1.90322670e+01  -2.20639294e+01
  -2.10795477e+01  -2.13530750e+01  -2.26988243e+01  -2.34714264e+01
  -2.41056515e+01  -2.63651497e+01  -2.28481223e+01  -1.77873005e+01
  -1.84025907e+01  -1.64387328e+01  -1.29835186e+01  -1.36387226e+01
  -1.23002527e+01  -9.32396401e+00  -8.65290422e+00  -1.22120038e+01
  -1.62795452e+01  -2.08056385e+01  -1.64260703e+01  -1.34986798e+01
  -8.09019635e+00  -4.98004877e+00  -6.57748458e+00  -1.18500450e+01
  -1.40304981e+01  -1.30564012e+01  -1.66806431e+01  -1.82967544e+01
  -2.12807246e+01  -2.13695223e+01  -2.13654467e+01  -1.93991701e+01
  -1.53970753e+01  -1.48729739e+01  -1.75161019e+01  -1.42349001e+01
  -1.01826935e+01  -1.17791324e+01  -1.41603405e+01  -1.11852649e+01
  -8.45971771e+00  -5.00922075e+00  -4.16384685e-01   5.08826246e+00
   3.52962155e+00   2.80783533e+00  -4.02647698e+00  -6.80704109e+00
   2.52475627e+00   1.52915223e+00  -2.56651155e+00  -3.82118018e+00
  -7.08077770e+00  -8.36367948e+00  -1.31731628e+01  -1.62606542e+01
  -1.35011086e+01  -7.05647380e+00  -1.06322753e+01  -8.68735287e+00
  -3.83382026e+00  -8.81475038e+00  -9.76653673e+00  -9.34360445e+00
  -4.10858900e+00   3.65716738e+00  -4.26441833e+00  -4.33792322e+00
   1.45185976e+00   2.42240589e+00   1.78474341e+00   9.56212054e-02
  -6.25395103e-01  -4.06170981e+00  -4.63299230e+00  -1.42366569e+01
  -1.17696063e+01  -7.31714350e+00  -5.49156030e+00  -3.30270283e+00
  -4.87427248e+00  -1.05539990e+01  -1.79284449e+01  -1.86554752e+01
  -1.42678592e+01  -1.48451227e+01  -1.41678342e+01  -1.50529859e+01
  -9.60348831e+00  -6.50426821e+00  -4.08103472e+00  -2.74820672e+00
  -1.38348155e+00  -7.67696094e+00  -1.72577262e+00  -5.94128326e+00
  -9.06741420e+00  -1.02145722e+01  -1.07300590e+01  -1.29855316e+01
  -1.33893672e+01  -1.11944247e+01  -2.68697580e+00  -4.34425298e+00
  -1.06773982e+01  -1.35854260e+01  -1.23976255e+01  -1.23260642e+01
  -1.40083523e+01],[ -6.57252031e-14  -6.57252031e-14  -6.57252031e-14   4.23721665e+00
   2.68848144e+00   3.47823437e+00   5.72519229e+00   8.26605470e+00
   6.08899107e+00  -1.08236589e+00  -3.43520652e+00  -3.92924896e+00
  -2.51389882e+00   2.31359557e+00   6.29102599e+00  -6.59972576e+00
  -8.34740344e+00  -6.96062276e+00  -9.13655065e+00  -1.41551612e+01
  -1.69603095e+01  -1.57847750e+01  -1.48061385e+01  -1.04941694e+01
  -6.24063586e+00  -7.18983100e+00  -9.15676639e+00  -1.08017685e+01
  -1.11900139e+01  -6.15936048e+00  -6.50681871e+00  -1.27026751e+01
  -1.15893929e+01  -1.02238373e+01  -1.34470239e+01  -1.67321872e+01
  -2.22870094e+01  -2.21672177e+01  -1.46229819e+01  -1.15923072e+01
  -6.83057915e+00   4.72745374e-01   4.07602504e+00   2.20869609e+00
   4.76546780e+00   2.61668070e+00   5.75976575e-01   7.03824551e+00
   5.75901452e+00   1.00262905e-01   4.11424569e+00   9.65843954e+00
   8.65059808e+00   1.38410347e+00   7.00590971e-01   6.35502305e+00
  -2.52954391e+00  -6.52546323e+00  -6.06938305e+00  -8.78834861e+00
  -5.15718732e+00  -1.84656701e+00  -2.99719800e+00  -7.45987297e+00
  -6.89396707e+00  -6.27917544e+00  -8.15140778e+00  -2.87168377e+00
   2.74177634e+00  -2.01530556e+00  -6.33174531e+00  -1.05328561e+01
  -1.46834549e+01  -1.38131173e+01  -1.11746397e+01  -1.12270064e+01
  -7.53259536e+00  -4.48167670e+00  -4.28072621e+00  -8.91493605e+00
  -1.12916021e+01  -7.98921510e+00  -1.32390603e+01  -1.38956093e+01
  -9.67418850e+00  -9.06684060e+00  -4.06082487e+00  -6.95422974e-01
   3.55371451e+00   9.45686871e+00   1.05786408e+01   1.74413561e+01
   1.32838821e+01   8.13935269e+00   4.54996872e+00   1.23339138e+00
   1.01240917e+00  -1.08918370e+00  -5.93336889e-01   5.70147630e-01
   4.73971494e+00   4.10193955e+00  -1.72246768e-01  -5.63328661e+00
  -9.92507669e+00  -9.61992286e+00  -5.81440801e+00  -4.22970124e+00
  -6.32412446e+00  -6.26229075e+00  -5.61226259e+00  -4.19594810e+00
  -1.80975720e+00  -4.16028988e+00  -6.87685394e+00  -5.88784185e+00
  -2.32656961e+00  -2.00765932e-01  -8.90197755e-01  -5.21358424e+00
  -6.74202063e+00  -4.68965951e+00  -2.54382711e+00   7.15135951e-01
   8.05232723e-01  -7.59772997e-01  -1.54973902e+00   6.65912959e-01
  -8.43276532e-01  -1.94336317e+00  -4.43233815e+00  -3.30598637e+00
   8.17910826e-02   3.14889221e-01  -1.32091882e+00  -1.28730643e+00
  -1.26935880e+00  -1.46984257e+00  -5.53667671e+00  -9.31356142e+00
  -5.12662307e+00  -2.83977613e+00  -2.19529654e+00   1.04567484e+00
   2.26910303e+00   4.18273327e+00   4.83032312e+00   4.03846217e+00
  -3.70850275e-01  -3.15409597e+00   4.93114517e+00   3.00961601e+00
   5.03160655e+00  -1.34303369e+00  -7.81292110e+00  -1.12971775e+01
  -1.57868379e+01  -2.10854042e+01  -2.62478920e+01  -3.36810630e+01
  -4.02838068e+01  -4.09456851e+01  -4.01785413e+01  -4.19715735e+01
  -4.53645193e+01  -4.13992007e+01  -3.84918749e+01  -3.97192873e+01
  -3.77118697e+01  -3.71871935e+01  -3.12287841e+01  -2.85671618e+01
  -2.56057224e+01  -2.40276312e+01  -2.13817605e+01  -1.94771802e+01
  -1.55451947e+01  -6.49249988e+00  -4.90106739e+00  -4.62705482e+00
   1.49934444e-01  -3.57289161e+00  -4.34686748e-01  -9.67346531e-01
  -9.39795872e+00  -1.04795118e+01  -9.74675516e+00  -7.23066714e+00
  -5.34953178e+00  -1.17721039e+01  -1.29176674e+01  -1.00909354e+01
  -6.08657943e+00   2.48186991e+00   8.03424882e+00   9.35339993e+00
   1.00332162e+01   7.08409396e+00   2.44215938e+00  -3.61937881e+00
   2.99868787e+00   2.36830208e+00   9.56306256e-01   2.41315961e+00
   4.23175607e+00   2.19448951e+00  -1.90225414e+00  -4.73485299e+00
  -4.16342844e+00  -3.68113499e+00  -6.99057135e+00  -4.97535374e+00
  -2.12879220e+00  -2.15107090e+00  -1.25457951e+00  -4.67599703e+00
  -5.11893986e+00  -8.65992656e-01  -9.60129998e+00  -1.36523344e+01
  -1.48880156e+01  -1.28737013e+01  -1.17817080e+01  -8.67987202e+00
  -7.70238744e+00  -1.72118588e+00   3.47071503e+00  -2.98235167e+00
  -1.96998192e-02   5.71641364e+00   4.76477173e+00   1.54851377e+00
  -2.98962825e+00  -1.08268311e-01   1.74603978e+00   5.31569247e+00
   3.73246245e+00  -1.01690947e+00  -2.41931901e+00  -7.39573133e+00
  -5.46840847e+00  -5.26901589e-02   1.57617276e+00  -7.60257258e-01
   2.01685690e-01  -3.23977357e-01   4.64915713e-01  -1.88147477e+00
   4.71079127e-01   2.38444126e+00   5.69161509e+00   2.14734146e+00
   2.61466944e+00   2.34605571e+00   3.93676368e+00  -4.72645651e+00
  -5.71081840e+00  -8.33616426e+00  -8.99040550e+00  -9.69322394e+00
  -8.58291974e+00],[ -8.88178420e-16  -8.88178420e-16  -8.88178420e-16   5.36257507e+00
   5.92139839e+00   8.72149378e+00   8.99753315e+00   2.60711074e+00
  -2.13120544e+00  -3.44054991e+00  -2.13190306e+00  -7.66056416e+00
  -7.17507294e+00  -3.41464402e+00  -5.91332668e+00  -1.00414390e+01
  -1.36090340e+01  -1.03552425e+01  -6.98468923e+00  -3.62543444e+00
   8.61854056e-01   4.95602557e+00   4.69932397e+00   7.88891057e+00
   1.05677388e+01   9.41033880e+00   6.95154865e+00   3.95999513e+00
   5.87598351e+00   1.02350435e+01   7.27948662e+00  -3.40848324e+00
  -4.20884693e+00  -3.45545524e+00   1.84825777e-01  -4.78044776e+00
  -1.25256250e+01  -1.94345465e+01  -1.66460560e+01  -1.08047151e+01
  -5.96099056e+00  -8.72807975e+00  -9.67078615e+00  -7.55368930e+00
  -6.59106494e+00  -8.10643373e+00  -1.22982402e+01  -1.07737317e+01
  -8.51000397e+00  -1.07186907e+01  -7.10605337e+00  -3.92827085e+00
  -4.56691063e+00  -5.90506762e+00  -8.10894732e-01  -2.93114918e+00
  -1.30401837e+01  -4.48150159e+00   1.66435915e+00  -3.62767933e+00
  -4.12233907e+00   2.44453915e+00   3.96114420e+00   4.29887281e+00
   8.71704105e+00   1.21165515e+01   1.10815910e+01   9.98222954e+00
   7.61993331e+00   2.53650173e-01  -2.63879853e+00  -7.00859132e+00
  -1.02543284e+01  -8.71532764e+00  -3.86717463e+00  -2.24849709e+00
  -2.00148861e+00   7.10857143e-01   1.20260747e+00   1.65711622e-02
   2.69126695e+00   4.12823535e+00   7.64254691e-01   4.26177120e+00
   1.22343057e+01   9.96622594e+00   1.12977869e+01   1.19759407e+01
   1.36431216e+01   1.60787935e+01   1.38755155e+01   2.00063784e+01
   1.57127955e+01   1.31784296e+01   1.49118624e+01   1.17415397e+01
   1.28579116e+01   1.23641659e+01   1.25999965e+01   1.14528935e+01
   1.21275685e+01   1.56220744e+01   1.30083971e+01   9.04485950e+00
   1.01413596e+01   1.16982031e+01   9.83920909e+00   8.79928770e+00
   9.57551955e+00   1.19805789e+01   1.38978695e+01   1.01451455e+01
   1.09471261e+01   1.03241687e+01   1.27448578e+01   1.16311152e+01
   1.21231665e+01   9.08571247e+00   3.70347558e+00  -1.51221967e+00
  -8.17759990e+00  -6.94510606e+00  -5.74197625e+00  -2.21505254e+00
  -3.48019449e+00  -2.66249661e+00   3.08197851e+00   7.94765473e+00
   8.95497324e+00   6.30722508e+00   1.27462069e+00  -3.12697000e+00
  -5.10675416e+00  -2.24324928e+00  -2.70501127e+00  -3.04832845e+00
  -4.18291768e+00  -3.72973612e+00  -6.11940196e+00  -1.89659333e+00
   6.43767092e+00   1.64148554e+01   2.06888910e+01   2.09831117e+01
   2.02749149e+01   1.94662313e+01   1.84538921e+01   1.73788879e+01
   1.44744213e+01   1.18919851e+01   1.78516635e+01   1.56831849e+01
   1.61282455e+01   9.01522376e+00   7.61455844e+00   8.39697334e+00
   6.17483552e+00   9.01340183e+00   1.21315181e+01   1.22908582e+01
   1.03093148e+01   1.19024115e+01   1.00536571e+01   1.19574882e+01
   1.44906660e+01   1.86552266e+01   2.58061528e+01   3.00566244e+01
   3.29888209e+01   3.37180107e+01   3.59321121e+01   2.89026892e+01
   2.10206089e+01   1.22908192e+01   4.03728711e+00   1.85414542e+00
   8.12965255e+00   1.35150551e+01   1.06112739e+01   5.80176842e+00
   5.49818040e+00   1.30992268e-01   3.35909700e+00  -1.24326914e+00
  -6.33158050e+00  -4.35518555e+00  -5.77801576e+00  -7.22654440e+00
  -4.35491546e+00  -7.89865324e+00  -8.43561587e+00  -6.29740946e+00
  -3.32796485e+00  -4.75666387e-02  -2.71597924e+00  -9.31448531e+00
  -1.19849610e+01  -7.43843529e+00  -7.25739252e+00  -1.12922516e+01
  -9.95736642e+00  -1.43759314e+01  -1.52300761e+01  -8.51250425e+00
  -7.49779922e-01   2.56744164e+00   5.49119504e-01   1.03171888e+00
  -1.54236673e+00  -6.08039434e+00  -3.16250195e+00   1.36403881e+00
  -8.10996788e+00  -1.59773615e+01  -1.26117842e+01  -1.10107155e+01
  -8.69324845e+00  -7.31669535e+00  -1.02271612e+01  -8.30734840e+00
  -1.02686266e+01  -1.01643707e+01  -6.63791192e+00  -6.40115027e+00
  -1.18867193e+01  -7.90580542e+00   5.52435394e+00   4.20177835e+00
   4.40947631e+00   8.59519927e+00   1.00973965e+01   5.99041691e+00
  -2.10909522e+00   2.48640961e+00   8.71004962e+00   1.26619315e+01
   1.19435161e+01   2.28055885e+00  -2.49351988e+00  -2.01097171e+00
  -4.11304676e+00  -8.43968354e-01  -2.33153069e+00  -6.34365112e+00
  -2.75416802e+00   4.16057406e-01  -1.29201201e+00  -8.67376324e+00
  -6.07448036e+00  -4.27399896e+00  -2.36067136e-01   1.21605367e+00
   1.78231662e+00   6.50784671e+00   1.06872862e+01   4.14183730e+00
   3.93130347e-02  -2.77895533e-01  -4.34011730e+00  -5.52795029e+00
  -3.13333309e+00],[  3.01980663e-14   3.01980663e-14   3.01980663e-14   9.94505738e-01
   5.63762609e-01   4.02316193e+00   5.71507282e+00   1.97030008e+00
  -3.43761114e+00  -4.62581104e+00  -3.79070251e+00  -4.04245416e+00
  -2.90494029e+00  -5.85442352e+00  -1.11300815e+01  -1.05596097e+01
  -1.61943454e+01  -1.86144899e+01  -2.04003249e+01  -1.83829776e+01
  -1.30110448e+01  -6.87460175e+00  -6.98557509e+00  -7.53088693e+00
  -1.05665059e+01  -1.42394265e+01  -1.92717192e+01  -1.99324161e+01
  -1.87813373e+01  -1.36448957e+01  -1.20552203e+01  -1.28584630e+01
  -6.98483156e+00  -7.94416653e+00  -9.96304878e+00  -1.77961321e+01
  -1.37366829e+01  -1.28397655e+01  -1.20786074e+01  -1.80368907e+01
  -1.50651071e+01  -1.61664919e+01  -1.49991286e+01  -1.07116065e+01
  -1.06590706e+01  -1.31278068e+01  -1.07515657e+01  -9.38106333e+00
  -7.96767192e+00  -9.22005445e+00  -9.27819072e+00  -1.04921328e+01
  -1.39957006e+01  -1.31249392e+01  -8.03841610e+00  -5.74600270e+00
  -1.48786235e+01  -1.33234859e+01  -1.15786822e+01  -8.32183741e+00
  -1.66472356e+00   1.59206808e+00   3.84457736e+00   7.45112719e+00
   7.41724687e+00   6.22066346e+00   7.86636166e+00  -1.31424582e-01
  -2.17742713e+00  -2.83766706e+00  -2.05785854e+00  -1.87390971e+00
   5.39028774e-01   3.36178187e+00   2.42004025e+00  -2.43386189e+00
  -6.65990959e+00  -5.58718932e+00  -4.22579092e+00  -1.26676070e+00
  -1.52170612e+00  -3.85605340e+00  -1.82391844e+00  -6.11773799e-01
   4.57824510e+00   5.42959246e+00   2.76533872e+00   3.13149931e+00
   6.63244923e-01  -3.37442713e+00  -5.77380994e+00  -3.64370305e+00
  -8.04794221e-02  -1.13845180e+00  -5.15089367e+00  -6.06445395e+00
  -4.44593408e+00   2.45425857e-01   2.60879973e-01  -2.81928791e+00
  -6.01371912e+00  -2.63231752e+00  -4.48823381e+00  -7.28322309e+00
  -7.21967971e+00  -3.82503776e+00  -9.11187789e+00  -9.28341579e+00
  -5.36484683e+00  -8.01205919e+00  -8.92019498e+00  -9.57090322e+00
  -9.22731454e+00  -9.54002279e+00  -4.58499777e+00  -4.41779527e+00
  -9.33559586e+00  -9.44668088e+00  -8.88165053e+00  -5.83281479e+00
  -8.10213099e+00  -1.17159821e+01  -1.02146715e+01  -5.55528308e+00
  -6.14432030e+00  -6.40598372e+00  -2.96931192e+00  -1.02774476e+00
  -3.34781083e-01  -2.80577779e+00  -2.96702456e+00  -6.81589653e+00
  -5.23821421e+00   2.04128571e-01   6.18499526e-01  -3.88931335e+00
  -6.28635338e+00  -6.49941029e+00  -8.86647273e+00  -4.82647509e+00
  -9.95036358e+00  -8.76609563e+00  -5.78204132e+00  -3.84647988e+00
  -8.35223386e+00  -1.12677746e+01  -1.04869763e+01  -1.40072103e+01
  -1.31449260e+01  -7.10376064e+00  -1.24159187e+01  -1.60531007e+01
  -1.69103870e+01  -1.58819464e+01  -1.29420556e+01  -9.21238237e+00
  -1.19922357e+01  -1.56835284e+01  -1.55736749e+01  -1.09543631e+01
  -1.16433069e+01  -1.12980914e+01  -1.05016381e+01  -6.53647055e+00
  -3.06131643e+00  -4.05517718e+00  -1.18168037e+00   8.33265753e-01
   3.38865056e+00   7.35114920e-02  -3.32805678e+00  -7.54536001e+00
  -1.59155306e+01  -1.95973120e+01  -1.99786642e+01  -1.64184214e+01
  -9.12592980e+00  -7.99761345e+00  -1.31645451e+01  -2.13506766e+01
  -2.63719399e+01  -2.66837851e+01  -2.41345415e+01  -2.53954093e+01
  -1.71297597e+01  -1.54165581e+01  -1.36295092e+01  -1.45598885e+01
  -1.21802743e+01  -1.36009404e+01  -1.23289470e+01  -5.28860294e+00
  -1.63353915e+00   8.94115765e+00   9.16878932e+00  -7.50116079e-01
  -1.39060935e+00   5.57533910e+00   6.23240851e+00  -1.64673237e+00
  -4.28398359e+00   4.62779606e-01   6.41874317e-01   7.13846326e+00
   5.88697152e+00   5.84231125e+00   2.47217706e+00   6.16306481e-01
  -5.93125603e+00  -6.04379485e+00  -4.72618609e-01   4.51848327e+00
  -1.05892996e+00  -9.29799274e+00   5.20751832e+00   1.23029210e+01
   1.30170815e+01   1.00217738e+01   5.45375984e+00   2.47450998e+00
   3.60279475e+00   2.53203324e+00   5.70476126e-01  -1.00800178e+00
  -8.22155615e+00  -5.48398303e+00   2.11684212e+00  -1.21409622e+00
  -2.40632194e+00  -5.11097554e+00  -2.36061085e+00   6.61968569e-01
  -2.82404811e+00  -9.78741416e+00  -1.12883937e+01  -7.58679995e+00
  -4.83714046e+00  -7.99318521e+00  -4.83286140e+00   1.44808644e+00
   2.24657380e-01   2.28713711e+00  -2.28527706e+00  -8.78688216e+00
  -9.80918363e+00  -5.59494302e+00  -5.55144085e+00  -6.33953336e+00
  -1.84321212e+00  -5.47693497e+00  -7.88030381e-02   7.18905769e+00
   7.43583900e+00   6.90403709e+00   6.14188377e+00   3.12255100e+00
  -5.68070350e+00  -6.90649744e+00  -8.28173566e+00  -6.45604950e+00
  -9.60721825e+00]