[-743.00064203 -743.00064203 -743.00064203 -710.78502786 -655.17868667
 -638.2270801  -635.92523684 -627.45932281 -617.3038382  -603.02978583
 -582.02313351 -576.85846576 -581.33782259 -577.86767694 -576.06687849
 -579.6795954  -579.36803    -571.31458228 -572.1277073  -541.45964358
 -526.07848647 -530.1495345  -516.84069511 -488.23500855 -471.29137563
 -456.57517684 -457.45265801 -456.74368756 -454.22804845 -440.77483973
 -397.73956066 -399.94807355 -427.73575613 -439.65748128 -463.86023657
 -502.7129986  -528.02500016 -514.95320278 -481.57825659 -455.98602865
 -448.26823336 -447.52965439 -450.39467304 -441.55388244 -439.62645717
 -433.53021953 -440.88314117 -439.97537928 -450.57690503 -473.73167107
 -473.54202723 -427.48912154 -405.07909768 -396.95745706 -393.45257604
 -389.01756318 -400.35342587 -411.47936767 -424.83546546 -435.70544936
 -458.44078453 -478.47862024 -499.77995612 -515.57267535 -519.63306467
 -515.76906915 -512.56872541 -503.86719564 -506.83716268 -504.03138636
 -523.16535936 -560.91807451 -581.34048267 -588.52915361 -613.13881086
 -627.68021093 -608.94989329 -605.21757535 -632.60872312 -628.56413373
 -622.0083945  -634.71468252 -639.95957276 -618.51489699 -613.06983153
 -568.1730671  -532.22275208 -514.77829982 -491.49277045 -451.26848824
 -430.53629257 -440.08879546 -463.40873395 -498.47500361 -524.89007855
 -529.12755488 -527.3698414  -538.46846551 -558.17579575 -546.95412212
 -545.56612931 -544.76249984 -511.32875889 -504.06573621 -497.73656244
 -454.66660176 -424.84633559 -416.97411901 -407.40905996 -391.50562609
 -392.99063183 -405.37550895 -421.27130443 -434.25765843 -452.71084469
 -475.4620775  -502.36372711 -513.67626585 -501.41452955 -447.6856112
 -412.34760627 -417.52369447 -418.03147901 -413.48042827 -410.99577552
 -415.79820321 -415.30400031 -418.17161182 -422.89838521 -430.46476236
 -446.49786671 -450.6352676  -447.26253858 -458.95122107 -505.90801449
 -524.72158297 -535.69316706 -548.2107275  -575.70347764 -554.80294504
 -512.30315972 -471.53894305 -454.85309118 -467.95297134 -495.57778799
 -523.72205992 -545.05407555 -558.98512232 -582.17700853 -559.63757933
 -517.41269993 -482.70062925 -454.16277682 -473.08939193 -475.09440102
 -440.05031541 -402.51864791 -386.87991199 -395.60102801 -411.54879686
 -418.61755457 -431.43442004 -444.65272527 -447.92197894 -448.26858133
 -444.38361367 -445.10809711 -434.89548227 -424.49156819 -426.61990888
 -423.62744004 -416.50092074 -420.06215139 -423.2374717  -419.69241212
 -421.27101214 -421.09871844 -411.72856802 -415.75521512 -432.61849397
 -452.63244956 -459.00577797 -460.61627927 -457.1975467  -454.4832021
 -450.86255739 -458.31084575 -449.00578108 -436.64952396 -435.24104238
 -448.5653846  -444.09827948 -439.73608818 -430.01171841 -417.43381514
 -397.66581979 -389.34051872 -399.77075936 -413.3779606  -438.75287438
 -502.34828599 -543.40125392 -548.58665336 -557.29629356 -539.80411039
 -456.08422272 -377.71886306 -344.02036838 -351.61265312 -355.74703441
 -354.59996481 -358.16650823 -378.40880752 -399.37339033 -403.60763126
 -387.2212773  -381.30438283 -377.53324413 -395.42936422 -410.54370348
 -422.28039561 -421.24553478 -415.42843117 -404.34738153 -376.42782586
 -366.67397328 -386.85126849 -431.91344838 -466.2628167  -490.21016376
 -532.92038741 -554.30195178 -543.24497104 -490.51089094 -469.18368765
 -462.55174594 -445.61094297 -408.77169491 -395.63313627 -396.17177112
 -405.70653338 -421.78405999 -447.08067767 -492.00634817 -533.7481086
 -523.96500614 -464.72494407 -422.95441054 -427.99246851 -454.11270276
 -480.17495682 -496.88012085 -489.02173622 -460.03598896 -458.74666409
 -484.36518762 -541.21266483 -547.44505019 -502.71106464 -448.60001476
 -435.288127  ],[   0.            0.            0.           40.04305794   88.36674703
   93.85469954   94.74649865  102.72459025  114.12276145  125.83638137
  125.97732399  119.48177928  108.6227524   112.68963732  120.72523627
  123.41474589  133.72549831  145.35523333  138.6023976   134.84814944
  140.4051479   145.37322357  154.31956219  165.71765178  164.36837821
  160.00920311  154.29367985  162.30020772  168.75387578  173.68817109
  198.66174127  200.83283604  194.00953581  199.98252737  192.73474936
  168.70947047  133.13194454  104.25678809   85.39522755   69.65545098
   53.22782922   37.31131275   33.72632753   41.3715829    40.96125653
   46.30424632   41.30493391   50.50412867   61.15142437   79.32041126
  124.11558295  176.87574008  198.30779407  202.85218276  214.16080232
  225.33237353  228.25094618  226.02761535  221.77019395  220.26545916
  216.34082392  206.23383967  194.52009133  177.48891467  169.80108074
  171.00895888  169.93676488  171.3762749   171.60426674  159.44382374
  146.35312249  138.98591766  136.27251806  138.76549372  122.23739144
  115.08503012  131.70570513  126.3159813    98.94600269  116.50692826
  130.3757432   112.81121854   99.04792785  110.74686322   99.63738509
  101.79948302  109.80539107  114.24558171  133.79666216  165.12975877
  189.12880716  199.15757394  201.02716933  172.473616    141.20743415
  131.14505401  130.48989905  116.81375042  109.27229062  122.41296414
  120.77296074   99.73989216  101.16376383   91.89630043   68.26010406
   71.7248327    85.38635161  115.96215554  170.93514936  198.816133
  208.48467585  208.86219037  215.14197038  207.75362651  197.62585312
  192.52975357  188.16582647  180.18571425  180.31827714  199.39128999
  214.06089756  201.33333582  189.59481609  186.02898005  184.53666457
  176.77818742  178.31729299  167.12030362  137.94910208  116.13881731
   99.26990786   79.85167468   82.61950468  105.10716228  117.45738353
  135.3928216   156.38473211  157.99338508  137.24310859  144.52431399
  163.97547017  185.38110376  187.20673703  178.6180133   166.63533767
  158.81455584  154.13950237  155.5089654   136.88365988  130.04938312
  145.97344686  150.82791499  162.03927459  145.2809811   144.78425819
  175.93989468  192.90476456  196.35908533  194.68225122  189.59779918
  187.17123209  180.74733844  176.61876915  166.54620788  148.79829121
  120.52219718   96.25483855   86.47983857   75.02235616   54.30890169
   43.40481294   41.16769049   38.02972683   34.41628839   43.07807526
   38.71859538   33.81653991   48.09521097   65.99909648   70.90343874
   73.50675056   92.50360606  117.07135974  134.55463736  140.68464097
  149.67573835  152.43386201  138.37284788  120.16829654  103.17144207
   76.77314186   64.40582864   58.65770469   82.43473626  128.4326785
  154.77846845  169.42961009  175.50120533  174.82876161  169.85097122
  149.95602672  132.40955181  119.61679902  104.16022009   93.56957527
  100.5957615   100.15572858   82.80851362   53.49016329   44.69698108
   50.51916655   67.948618     86.32234124  105.96421416  149.66839492
  195.59892936  223.22195396  232.82536099  221.84979453  209.70899271
  197.10246928  185.00891025  176.34166367  177.25034121  195.63001803
  197.71910819  193.37962794  175.50363929  156.7012748   145.16061665
  127.31632747  113.99145272   99.45852622   76.14095936   66.32655936
   85.8093444   136.36567518  171.85825457  188.37619292  191.5639322
  189.44408748  176.94339569  158.76607102  145.90108323  130.0674386
  119.42430746  110.01923157   97.34589694   81.11845927   63.78273787
   61.24659582   71.71046698   92.25618207  110.63930093  120.20755815
  125.37446087  111.37579831   96.05719351   85.44009314   68.25928416
   54.96595071],[  6.39488462e-14   6.39488462e-14   6.39488462e-14   2.73365227e+01
   3.42792758e+01   2.90195848e+01   3.05055758e+01   2.89652661e+01
   3.17974468e+01   4.18671322e+01   3.15744558e+01   2.12773275e+01
   1.65582873e+01   2.08563612e+01   3.26900438e+01   3.79396948e+01
   4.56471348e+01   5.60326587e+01   5.47311778e+01   2.19598276e+01
   1.38069579e+01   2.73408232e+01   3.94458320e+01   4.80812733e+01
   4.39127146e+01   2.97237965e+01   1.66527924e+01   1.81200620e+01
   1.88752063e+01   5.69287942e+00  -1.26838085e+01  -8.65712053e+00
   5.58399847e+00   1.27168916e+01   1.93866784e+01   2.53541260e+01
   1.61246354e+01  -1.55296195e+01  -4.69154886e+01  -7.04210211e+01
  -8.46821082e+01  -9.13643164e+01  -9.04976499e+01  -9.27318693e+01
  -9.80051226e+01  -1.01295941e+02  -1.03052776e+02  -1.00879454e+02
  -9.94475131e+01  -7.00785670e+01  -2.74420852e+01  -1.84913937e+01
  -2.87502220e+01  -2.79671203e+01  -1.60911900e+01  -8.25939710e+00
   2.34927826e+00   1.63254529e+01   2.11373296e+01   3.18314690e+01
   5.13584010e+01   5.94119969e+01   6.62943199e+01   6.81488753e+01
   6.88883836e+01   6.21193984e+01   5.61972210e+01   5.07117014e+01
   5.40106123e+01   5.36506412e+01   4.84660494e+01   4.42694800e+01
   4.23663288e+01   4.78144930e+01   4.93424111e+01   5.01115329e+01
   5.45330922e+01   5.19788618e+01   4.74484815e+01   5.58569446e+01
   5.53414856e+01   4.76911906e+01   4.29078247e+01   4.28412129e+01
   3.08318936e+01   1.18937509e+00  -1.06945245e+01  -1.55155331e+01
   1.33956278e+00   1.84210212e+00  -1.03866256e+01  -9.81427598e+00
   3.35026747e+00   2.33486323e+01   3.11303195e+01   3.76106537e+01
   4.10768710e+01   3.70236320e+01   4.56768743e+01   5.29442806e+01
   5.62149145e+01   3.69426910e+01   2.95119997e+01   3.45509368e+01
   1.51592471e+01  -9.70692819e+00  -2.48487972e+01  -1.98105253e+01
  -8.67593875e+00  -1.83079305e+01  -1.96491694e+01  -2.26581453e+01
  -2.19540243e+01  -1.65175843e+01  -8.91431568e+00   8.78556904e+00
   2.65512728e+01   2.98899057e+01   1.86144427e+01  -1.68935398e+01
  -3.01634746e+01  -2.66240620e+01  -2.92662786e+01  -3.33994100e+01
  -3.11486618e+01  -3.12270653e+01  -1.97913013e+01  -1.22977245e+01
  -1.28902933e+01  -3.51739677e+00   9.62629932e+00   1.22686848e+01
   1.45612289e+01   1.80446055e+01   2.89502735e+01   4.05434668e+01
   4.91150221e+01   5.23369197e+01   5.52600970e+01   5.14527982e+01
   2.80655638e+01   1.57191601e+01   8.40164674e+00   8.93390119e+00
   1.51015269e+01   2.55024268e+01   3.61127264e+01   4.20056000e+01
   4.32443338e+01   2.45557973e+01   1.81046495e+00  -2.01203683e+01
  -2.57385522e+01  -2.20864836e+01  -1.76946614e+01  -1.78355737e+01
  -2.82447992e+01  -3.52583104e+01  -2.72239944e+01  -2.23888554e+01
  -1.56251936e+01  -6.74286807e+00   5.62568396e+00   1.19244719e+01
   1.79877325e+01   1.90499069e+01   1.74995757e+01   1.29056261e+01
   9.06314844e-01  -1.39325273e+01  -2.92729184e+01  -5.01874929e+01
  -6.32290431e+01  -6.98834705e+01  -7.11004271e+01  -7.39065145e+01
  -7.74212258e+01  -8.16035214e+01  -7.77423796e+01  -6.85187600e+01
  -5.98187636e+01  -4.21376307e+01  -1.77588801e+01  -1.47074184e+01
  -1.86595186e+01  -1.91332831e+01  -1.12735138e+01  -1.56993973e+01
  -2.16458632e+01  -1.70013824e+01  -1.23775170e+01  -6.58744872e+00
  -1.79629271e+01  -2.26202132e+01  -1.79967190e+01  -3.01428073e+01
  -3.16504895e+01  -2.35830603e+01  -2.50047931e+01  -1.38798326e+01
   1.26136273e+01   3.06116525e+01   2.97774084e+01   3.06294244e+01
   2.14397595e+01  -2.45929170e+01  -6.70967772e+01  -7.84861642e+01
  -7.99962333e+01  -8.19702052e+01  -7.70703328e+01  -6.63746563e+01
  -5.26267123e+01  -3.71199942e+01   1.14196971e+00   1.52863514e+00
  -2.36848552e+01  -3.52394125e+01  -3.12475279e+01  -2.83154988e+01
  -3.32074581e+01  -3.49591437e+01  -3.55767001e+01  -3.08560882e+01
  -2.80279174e+01  -3.11326295e+01  -2.15862637e+01  -1.04371462e+00
   8.36774096e+00   1.31211200e+01   2.21665544e+01   2.52884739e+01
   7.51796772e+00  -1.91240412e+01  -3.21221466e+01  -2.71583073e+01
   4.35207219e+00   4.26262426e+00  -2.18784221e+00  -1.73499043e+01
  -1.89809784e+01  -7.65675378e+00  -9.91268105e-04   1.50803614e+01
   2.43426053e+01   9.45296956e+00  -4.69428680e+01  -7.23227593e+01
  -6.77072187e+01  -7.08817166e+01  -7.44281763e+01  -6.28189173e+01
  -4.30120142e+01  -3.40731476e+01  -2.49780465e+01  -1.14705815e+01
   8.62280605e+00   1.75861385e+01  -1.74368920e+01  -7.12643299e+01
  -8.53298224e+01],[ -7.46069873e-14  -7.46069873e-14  -7.46069873e-14   1.51964557e+01
   1.50329691e+01   2.39385197e+01   2.90592012e+01   2.40413286e+01
   2.18132291e+01   3.78216126e+01   5.01965596e+01   4.64397721e+01
   4.39087308e+01   3.92804071e+01   4.10845269e+01   4.49575971e+01
   4.30127791e+01   4.79748740e+01   5.85441945e+01   5.82294054e+01
   5.25111847e+01   4.67775492e+01   5.02363062e+01   4.43201958e+01
   3.09506566e+01   2.07142193e+01   1.70025043e+01   2.00896507e+01
   2.76773611e+01   2.65828671e+01   2.46904558e+01   3.16377669e+01
   3.68487279e+01   3.44624093e+01   3.80059170e+01   4.76891207e+01
   6.51308185e+01   7.19064054e+01   8.81816373e+01   1.02518338e+02
   1.11966061e+02   1.15955324e+02   1.14021784e+02   1.05244162e+02
   9.79664003e+01   9.47718775e+01   9.50788619e+01   9.25552113e+01
   7.36068583e+01   6.33015914e+01   6.74923423e+01   5.50379285e+01
   3.83301909e+01   2.84494010e+01   2.53630063e+01   1.63561125e+01
   7.74197012e+00   7.69710752e+00   3.82565134e+00   9.34062156e+00
   1.79724820e+01   2.55720725e+01   3.69865784e+01   4.97393409e+01
   5.34695520e+01   4.66387653e+01   4.39258677e+01   4.19059904e+01
   4.50419607e+01   5.13296206e+01   4.46815275e+01   3.02218528e+01
   1.92162399e+01   2.04906858e+01   2.55922878e+01   2.35402408e+01
   2.04213590e+01   2.17863172e+01   2.93873585e+01   2.09412141e+01
   9.93502157e+00   1.91271805e+01   3.19948728e+01   3.18342760e+01
   3.26318724e+01   4.20306365e+01   4.72155517e+01   4.56077697e+01
   6.19745328e+01   6.16522074e+01   4.62128655e+01   3.13344297e+01
   2.99629974e+01   4.56780479e+01   5.49838261e+01   5.77546605e+01
   5.02738420e+01   4.34131093e+01   4.18318212e+01   3.64922625e+01
   3.95692533e+01   3.97508969e+01   3.68757317e+01   4.95970791e+01
   5.23338377e+01   5.34955458e+01   5.27571569e+01   5.12995890e+01
   3.15660009e+01   9.32596702e+00   4.42659349e+00   2.46139601e+00
  -2.09352203e+00   7.42317006e+00   1.18459215e+01   1.89855651e+01
   1.83988240e+01   2.59625795e+01   2.88172551e+01   1.25187655e+01
   6.82797909e+00   1.91040819e+01   2.65198493e+01   2.85123992e+01
   3.61078568e+01   3.79678625e+01   4.76930396e+01   7.07913527e+01
   9.93948987e+01   1.11864294e+02   1.20845543e+02   1.34027092e+02
   1.31060524e+02   1.08002108e+02   8.42046452e+01   7.12736142e+01
   5.23159750e+01   4.74218194e+01   5.82352914e+01   6.18452969e+01
   4.15195140e+01   3.78884903e+01   4.30480382e+01   4.07280555e+01
   3.85860068e+01   3.97951231e+01   3.89303906e+01   3.28708588e+01
   3.79690338e+01   4.31582229e+01   2.11263440e+01   1.96616567e+01
   2.74248093e+01   3.95983780e+01   4.58289009e+01   3.74372159e+01
   3.15269652e+01   2.31925895e+01   2.11029017e+01   2.20389890e+01
   3.13041412e+01   4.20742256e+01   4.77630948e+01   6.15138850e+01
   8.80392797e+01   1.12658133e+02   1.27812266e+02   1.32019817e+02
   1.35585770e+02   1.38878698e+02   1.37616527e+02   1.27220500e+02
   1.21958105e+02   1.21990803e+02   1.17170015e+02   1.11380469e+02
   1.11331972e+02   1.01291094e+02   8.76006974e+01   8.43763952e+01
   8.17437630e+01   7.96852908e+01   8.43809054e+01   7.58071873e+01
   7.29359475e+01   6.31782339e+01   6.24880442e+01   8.73749023e+01
   1.07599188e+02   1.19735098e+02   1.31751711e+02   1.38787209e+02
   1.30907438e+02   1.11026331e+02   8.28457961e+01   6.44617673e+01
   5.99380055e+01   5.21546423e+01   4.92919336e+01   6.00938248e+01
   6.79911210e+01   6.82068073e+01   5.79875458e+01   4.98478681e+01
   5.51472402e+01   3.58559195e+01   3.22728328e+01   4.40939106e+01
   5.31895128e+01   5.18388720e+01   4.73760382e+01   3.71612156e+01
   3.16150653e+01   2.39796398e+01   2.23300884e+01  -1.73103517e+00
  -2.09817366e+01  -2.78156098e+01  -2.33360691e+01  -1.79486120e+01
  -1.74767603e+01  -1.31310822e+01  -1.04267669e+01  -6.68349609e+00
  -7.32748956e+00  -5.44248040e+00   4.41904474e+00   2.13267138e+01
   2.91152517e+01   2.98265092e+01   3.33762851e+01   3.52830018e+01
   4.02019538e+01   5.92406437e+01   6.96108670e+01   6.62438151e+01
   6.96483657e+01   6.73264237e+01   5.90545284e+01   4.95230524e+01
   5.22457339e+01   6.92275594e+01   8.16073125e+01   8.30977200e+01
   7.60614177e+01   8.03636956e+01   8.03734406e+01   9.60313836e+01
   1.14235407e+02   1.11105309e+02   8.95805524e+01   8.28505180e+01
   9.80545042e+01   1.13077500e+02   1.10466442e+02   9.32887760e+01
   7.33325639e+01   6.26454598e+01   5.55583959e+01   5.72747726e+01
   6.35868678e+01],[  3.73034936e-14   3.73034936e-14   3.73034936e-14   8.49490874e+00
   9.15839776e+00   1.70336928e+01   2.30878935e+01   2.47433427e+01
   2.55154762e+01   3.31760158e+01   4.35591606e+01   3.41839973e+01
   2.33606431e+01   1.95680387e+01   1.70848636e+01   2.52721699e+01
   2.95855132e+01   3.12104294e+01   3.59470247e+01   3.25823740e+01
   2.54070408e+01   1.99717313e+01   5.20867657e+00  -1.99486523e+01
  -4.48539681e+01  -6.07568231e+01  -6.09833911e+01  -5.28037600e+01
  -4.26595699e+01  -3.47618674e+01  -1.77031929e+01  -8.27947457e+00
   8.79675612e-01   9.61547107e+00   2.18552590e+01   3.00403476e+01
   3.26624367e+01   1.58241174e+01   5.73062177e+00  -1.59030944e-01
  -2.33993688e+00  -1.40843073e+00  -2.72013785e+00  -5.60241113e+00
  -1.07462038e+01  -1.23393162e+01  -9.73323148e+00  -3.63406645e-01
   4.21476640e-01   8.29321678e+00   2.52303043e+01   2.73146468e+01
   2.72887438e+01   1.61419900e+01   1.62509641e+01   1.06893806e+01
   6.37234494e+00   3.00091925e+00   2.77941392e+00   1.69614676e+00
  -2.42440646e+00  -2.37831011e+00   3.71852045e-01  -2.66127732e+00
  -8.42747519e+00  -8.54579351e+00  -9.00269379e+00  -5.21002328e+00
  -7.31973742e+00  -1.46108584e+01  -1.18370729e+01   7.81465618e-01
   8.92254550e-01   9.90546203e-01   1.09982219e+01   1.46597101e+01
   7.83766055e+00   1.40610649e+00   8.47283286e+00   3.27594889e+00
   2.10504935e-01   1.23125706e+01   1.79831847e+01   8.52556441e+00
   1.35526363e+00   1.85753204e+01   2.10098232e+01   1.19403595e+01
   1.24297225e+01   1.30654825e+01   2.25594532e+01   3.00237872e+01
   3.42553550e+01   3.09284288e+01   2.95730373e+01   2.43738516e+01
   8.23279268e+00  -2.34222801e-01  -1.19165033e+00  -1.13803009e+01
  -1.13387113e+01  -6.53165108e+00  -1.54708842e+01  -1.12321841e+01
  -1.36590866e+01  -1.67181943e+01  -1.76505994e+01  -1.16235451e+01
  -8.75153271e+00  -2.70819417e+00   4.62893358e+00   1.98405264e+01
   3.30930936e+01   3.86898827e+01   3.32655467e+01   2.79745539e+01
   2.08916738e+01   2.84056415e+01   3.53227029e+01   3.58583584e+01
   2.93971534e+01   2.62572210e+01   2.74045436e+01   2.40497819e+01
   1.91780743e+01   1.20001788e+01   1.11691062e+01   8.22509228e+00
  -2.59739201e+00  -1.57596916e+01  -2.14318133e+01  -2.35186726e+01
  -2.91102451e+01  -2.10668229e+01   3.84477621e+00   8.67518783e+00
   5.88962909e+00   1.04798716e+01   2.57723292e+01   1.40139232e+01
   9.58051352e+00   2.03777806e+01   2.04272857e+01   1.63271867e+01
   1.56255276e+01   2.46863431e+01   2.08757445e+01   2.11510574e+01
   2.15998375e+01   1.48451584e+01  -1.87453434e+00  -4.31896133e+00
  -3.98971869e+00   2.45361323e+00   9.98352950e+00   1.51684929e+01
   5.39581187e+00  -5.88393415e+00  -1.55061732e+01  -1.44233277e+01
  -5.28999613e+00   3.06675965e+00  -5.49284279e-01  -5.45678843e+00
  -9.69726259e+00  -1.43541540e+01  -1.64360801e+01  -1.99934982e+01
  -1.55391916e+01  -9.85838317e+00  -4.50543230e+00   1.18815013e+00
   1.49834739e+01   2.04761382e+01   1.59942508e+01   1.16664966e+01
   9.76792494e+00   1.46264409e+00   2.05682907e+00   7.43540086e+00
   1.30714363e+01   1.57007096e+01   2.66368877e+01   3.73198529e+01
   3.91209021e+01   3.09640340e+01   3.43631842e+01   3.70626846e+01
   2.75823788e+01   8.86124613e+00  -2.33846298e+00  -2.14727599e+01
  -2.34498451e+01  -1.52403298e+01  -4.80560278e+00   6.55286816e+00
   1.18804057e+01   1.39969494e+01   2.52405730e+01   3.63141669e+01
   4.27737630e+01   3.79305420e+01   2.41617732e+01   1.31468920e+01
   1.44160610e+01   2.08322390e+00  -1.39810624e+01  -2.33717396e+01
  -2.15130072e+01  -1.74289834e+01  -2.15153889e+01  -2.35659871e+01
  -2.48106910e+01  -2.52215295e+01  -2.95206664e+01  -3.28237935e+01
  -2.96181919e+01  -2.52821134e+01  -1.87541748e+01  -1.39342559e+01
  -7.77854235e+00  -1.79264464e+00   2.08210558e+00   7.45025845e+00
   1.16048083e+01   1.43989965e+01   2.20374710e+01   2.81840039e+01
   2.33567554e+01   1.80370180e+01   1.55727657e+01   6.61899527e+00
   7.76386376e+00  -1.41101306e+00  -4.54709163e+00  -1.09775520e+00
   1.69874161e+01   2.61778800e+01   3.27146150e+01   4.39829777e+01
   4.67955534e+01   3.57815110e+01   3.05740334e+01   3.72518833e+01
   4.06298808e+01   3.72943217e+01   2.93231444e+01   1.21453137e+01
   6.76602752e+00   8.71957716e+00   7.37494734e+00   1.67725767e+01
   2.62999379e+01   2.64575176e+01   2.80225143e+01   2.85174841e+01
   3.05442558e+01   1.69238188e+01   6.73829275e+00   2.23251082e+00
   3.41518250e+00],[ -4.61852778e-14  -4.61852778e-14  -4.61852778e-14   6.88135830e+00
   3.56639242e+00   6.53170532e+00   1.31013159e+01   1.52711953e+01
   1.61130000e+01   2.07704375e+01   2.86105190e+01   2.19364275e+01
   1.73880347e+01   2.70839978e+01   3.41362401e+01   3.70607203e+01
   3.98334567e+01   3.58312101e+01   3.32154036e+01   2.05701213e+01
   1.49683650e+01   1.67419509e+01   1.34552593e+01   1.19625272e+01
   1.37621463e+01   1.93823746e+01   2.11679026e+01   2.09656249e+01
   1.97571252e+01   1.89027145e+01   2.46063660e+01   2.62065371e+01
   2.53514062e+01   2.73572999e+01   3.46988781e+01   3.61712851e+01
   3.16273039e+01   2.15949356e+01   2.00105378e+01   1.81894829e+01
   1.64844888e+01   1.74006590e+01   1.46114391e+01   1.44596137e+01
   1.13116361e+01   3.19433122e+00  -1.51960698e+00   1.63903491e+00
   6.20522927e+00   1.72584570e+01   2.09502024e+01   1.84106541e+01
   2.14418839e+01   2.34034744e+01   2.65983831e+01   3.08178646e+01
   3.12850932e+01   3.30969273e+01   3.70593993e+01   3.47447016e+01
   2.56220279e+01   1.81490625e+01   1.25189482e+01   1.02167767e+01
   1.12392526e+01   1.13991017e+01   9.45421302e+00   9.75494351e+00
   1.08875034e+01   2.29961546e+01   2.82811607e+01   2.61892816e+01
   1.93738397e+01   1.15137447e+01   1.57948651e+01   2.20596362e+01
   1.59865101e+01   1.51101816e+01   1.91843204e+01   1.24995003e+01
   5.09258838e+00   6.65921100e+00   6.45379660e+00   5.16073979e+00
   1.00304087e+01   3.00410193e+01   3.98665331e+01   4.02521406e+01
   3.76665051e+01   3.08340375e+01   3.12109852e+01   3.40457130e+01
   2.80159581e+01   2.72956760e+01   3.43052792e+01   3.47753449e+01
   3.18471353e+01   3.53615670e+01   3.02361460e+01   2.34876393e+01
   2.91810254e+01   3.42780872e+01   3.53826343e+01   3.91028243e+01
   4.46778248e+01   5.23501871e+01   5.09605932e+01   4.56646713e+01
   4.47631563e+01   4.81425971e+01   5.10540910e+01   5.70912642e+01
   5.51380934e+01   5.30402822e+01   4.53590798e+01   3.85955662e+01
   3.06355078e+01   3.81521247e+01   4.04911852e+01   3.70866103e+01
   3.26194530e+01   3.83953248e+01   5.42273623e+01   5.68834548e+01
   5.28714328e+01   4.43948377e+01   4.29749210e+01   3.57979100e+01
   2.63668115e+01   2.88170263e+01   3.23362559e+01   2.60205124e+01
   1.65015686e+01   9.88533661e+00   1.71156939e+01   1.10719699e+01
   7.50772068e+00   1.14444701e+01   1.84484828e+01   1.23410693e+01
   2.91715357e+01   4.80706891e+01   5.22656760e+01   4.76203076e+01
   4.07847622e+01   4.13590398e+01   2.78442859e+01   2.24110035e+01
   2.21023402e+01   1.81056486e+01   1.81698484e+01   1.58010935e+01
   1.39033948e+01   1.28890823e+01   2.49829721e+01   3.71049787e+01
   3.21563432e+01   3.28904785e+01   2.84227970e+01   1.99560315e+01
   2.59640343e+01   3.48996805e+01   3.56632311e+01   3.16677271e+01
   1.68739810e+01   1.49032693e+01   1.92398003e+01   2.43987180e+01
   2.93743903e+01   3.80347366e+01   4.56834571e+01   4.56687882e+01
   5.07818119e+01   5.22287914e+01   4.13634120e+01   4.40405711e+01
   4.76600624e+01   3.56312022e+01   2.93845571e+01   3.08303687e+01
   3.12839375e+01   2.74926928e+01   3.10184364e+01   3.73134903e+01
   3.61961648e+01   2.39649844e+01   2.90007549e+01   2.90189245e+01
   2.46692539e+01   2.34340482e+01   2.94580285e+01   2.62887435e+01
   2.93385061e+01   3.35379752e+01   3.44058633e+01   3.75923909e+01
   3.73891523e+01   3.73337640e+01   3.62555148e+01   3.16354038e+01
   3.14117802e+01   3.03960926e+01   2.86709917e+01   2.70089137e+01
   3.17179731e+01   4.07130971e+01   3.95108237e+01   4.28743708e+01
   4.52179896e+01   4.46980641e+01   4.21321893e+01   4.09315467e+01
   3.16469586e+01   2.76743222e+01   1.89771273e+01   8.49630642e+00
   2.62438483e+00   2.61343356e+00   2.90579566e+00   4.58352260e+00
   1.10236857e+01   1.80393607e+01   2.04494073e+01   1.67698871e+01
   9.44150857e+00   1.35046997e+01   1.95002915e+01   2.31066363e+01
   1.69025971e+01   1.24250736e+01   1.34725856e+01   1.81508092e+01
   2.80601929e+01   4.00230516e+01   4.23478454e+01   4.00620801e+01
   4.41833711e+01   4.14863626e+01   3.76372552e+01   3.56797495e+01
   3.22257424e+01   2.55435791e+01   1.96354947e+01   2.39363400e+01
   3.18115954e+01   2.59742068e+01   1.11247179e+01   9.65540629e+00
   1.13035183e+01   9.48467636e+00   5.93688042e+00   1.06338809e+01
   9.98171201e+00   6.77894753e+00   1.27577235e+01   1.19679038e+01
   1.75307791e+01   3.26664277e+01   3.96186801e+01   4.63935332e+01
   5.18516147e+01],[  4.26325641e-14   4.26325641e-14   4.26325641e-14   7.79841285e+00
   4.58892581e+00   7.95764594e+00   1.03753164e+01   7.17759631e+00
   5.52775291e+00   1.26200913e+01   1.68180865e+01   1.31744958e+01
   1.43853549e+01   1.49194641e+01   1.90349532e+01   1.90680128e+01
   2.02290727e+01   1.45077349e+01   1.79661512e+01   2.35045232e+01
   1.96098845e+01   3.96641669e+00  -5.71340735e+00  -8.11369810e+00
  -7.16415709e+00   5.36268671e+00   1.21159104e+01   1.07032746e+01
   1.64648509e+01   1.32648305e+01   6.37173553e+00   4.94680453e+00
  -6.33911766e-01   3.48616221e+00   8.47707550e+00   1.08884202e+01
   1.77199081e+01   3.23996016e+01   4.44184445e+01   4.38064438e+01
   4.10472540e+01   3.78297333e+01   3.50396939e+01   3.37339305e+01
   2.88614724e+01   2.43558191e+01   1.92844652e+01   1.65133281e+01
   1.96345755e+01   1.87290901e+01   1.53987509e+01   6.20974968e+00
   3.13930688e+00   3.40483531e+00  -3.45363070e+00  -2.27346102e+00
  -6.93208494e+00  -1.54847248e+01  -1.63913042e+01  -1.19007378e+01
  -1.29178158e+01  -1.71732754e+01  -1.58285295e+01  -1.03186687e+01
  -1.23824797e+01  -1.60115814e+01  -1.77158983e+01  -2.04982519e+01
  -1.24448748e+01  -6.42182034e+00  -2.14789362e+00   4.97681237e+00
   1.07285296e+01   6.89131911e+00   7.81054472e+00   1.70646977e+01
   6.61462330e+00   2.86464352e+00   4.89803334e+00   7.80651306e+00
   6.18402637e+00   1.99510983e+00   4.71549507e+00   5.88723665e+00
   1.31297499e+01   1.61916618e+01   1.50214400e+01   2.11092822e+01
   1.96308409e+01   1.19308550e+01   1.71294190e+01   2.23503016e+01
   2.72904920e+01   2.16716031e+01   1.37239869e+01   6.08717666e+00
  -4.42771198e+00  -7.20437688e+00  -9.16836630e+00  -1.07908370e+01
  -1.12461567e+01  -1.00606026e+01  -1.70266312e+01  -1.75649572e+01
  -9.61640343e+00  -7.59555509e+00  -1.32883765e+01  -9.80583453e+00
   6.41854536e-03   1.60919598e-01   3.88370255e-01  -4.43758305e+00
  -6.90921652e+00  -6.46625692e+00  -5.45519654e+00   3.07589141e+00
   4.28317279e+00   9.23981953e+00   1.12428226e+01   2.73543888e+00
  -6.25007692e+00  -7.60983363e+00  -1.07380751e+00   4.47792873e+00
   1.14558395e+01   1.08313793e+01   1.92929087e+01   3.12066658e+01
   4.23907914e+01   4.22810596e+01   4.11048621e+01   2.92945000e+01
   2.43721477e+01   1.49509056e+01   1.02531316e+01   9.78192555e+00
   1.83240309e+01   2.14204098e+01   1.50614600e+01   1.26193499e+01
   2.36418428e+01   2.30968632e+01   2.22049622e+01   1.50066439e+01
   9.33383339e+00   1.45674163e+01   1.39207177e+01   1.49087125e+01
   1.86068918e+01   1.23223318e+01   1.58224615e+01   2.45704626e+01
   2.89682467e+01   1.78710062e+01   1.64825416e+01   1.54500931e+01
   1.11161271e+01   8.85157213e+00   9.84917195e+00   4.91751005e+00
   4.97081104e+00   1.36928027e+01   2.26390770e+01   2.90537033e+01
   3.11287433e+01   3.14678727e+01   3.14524530e+01   2.64172715e+01
   1.52500645e+01   1.38740187e+01   1.30133150e+01   4.10656015e+00
   2.20868803e+00   2.85635169e+00  -3.79345456e+00  -3.24645359e+00
   3.35107280e+00   1.53401219e+00  -7.61066008e-01   3.28840201e+00
   6.72872749e+00   2.73311633e+00  -1.22588838e+00  -1.24073275e+01
  -1.56262862e+01  -1.95553437e+01  -9.74049517e+00   1.02561764e+01
   1.71976194e+01   2.48865323e+01   3.03905239e+01   2.40009548e+01
   2.19712052e+01   1.79826813e+01   1.38198409e+01   1.00926300e+01
   6.97960860e+00   1.37690307e+00   2.09934117e+00   1.10318075e+01
   1.74094221e+01   1.67069629e+01   1.60953190e+01   7.70491907e+00
   2.03174529e+00   1.94572758e+00   7.23659589e+00   3.67457819e+00
  -1.49485706e+00   4.77687414e+00   1.31157310e+01   2.01176631e+01
   1.99915428e+01   1.71218142e+01  -2.62184167e+00  -1.12802985e+01
  -1.05435503e+01  -1.02969839e+01  -1.40357467e+01  -1.62358544e+01
  -9.75991205e+00  -5.21181964e+00  -1.03773887e+01  -2.40911481e+01
  -4.28379654e+01  -4.52329012e+01  -4.22062739e+01  -2.92157741e+01
  -1.84267423e+01  -1.63623662e+01  -1.11933120e+01   1.35114707e+00
   4.94004045e+00  -1.24336754e+00   1.30741770e+00   2.63122124e+00
  -7.52277109e-01  -1.89158157e+00  -4.52180900e+00  -3.88775170e+00
   5.84240832e+00   1.73839938e+01   2.34718574e+01   2.70159432e+01
   2.70601475e+01   2.88871572e+01   2.55772312e+01   2.86846005e+01
   3.65239942e+01   3.47918507e+01   3.60892239e+01   4.17908898e+01
   4.50410892e+01   3.95313685e+01   3.67785204e+01   3.07494689e+01
   2.50012839e+01   1.22786881e+01   3.26340069e+00   4.14809363e+00
   9.28748265e+00],[ -7.01660952e-14  -7.01660952e-14  -7.01660952e-14   9.43410079e+00
   6.18565969e+00   3.39410920e+00   1.41378863e+00   2.29707172e+00
   2.67466168e+00   8.20328487e-01   7.94482401e-01   2.02696903e+00
   4.01966056e+00  -8.81498451e+00  -1.61819165e+01  -1.37609711e+01
  -1.31159889e+01  -1.64548685e+01  -9.45679184e+00   1.05348675e+00
   9.11158891e-01  -4.44099160e+00  -1.67389925e+01  -1.34434140e+01
  -9.29223798e+00  -3.47640028e+00  -3.70831311e+00  -6.64650517e+00
  -8.02964848e+00  -1.15585804e+01  -2.19869613e+01  -2.33184777e+01
  -2.47728194e+01  -2.44097921e+01  -2.67360134e+01  -2.61843029e+01
  -1.60243287e+01  -4.73914054e+00  -9.28072935e+00  -1.67716800e+01
  -1.68129868e+01  -1.08270680e+01  -5.83407014e+00  -2.58784175e+00
  -5.36267836e+00  -5.28810690e+00  -2.37011341e+00  -2.00799903e+00
  -6.31643404e+00  -5.17394175e+00  -7.22188675e+00  -1.22224893e+01
  -1.90186094e+01  -1.69118304e+01  -9.80727944e+00  -2.86827354e+00
   2.06967926e+00   3.95148879e-02  -4.34291552e+00   6.10319026e-01
   5.42108404e+00   4.75791526e+00  -6.36018835e-01  -1.54971352e+01
  -2.45700849e+01  -2.50082333e+01  -2.35542135e+01  -2.04742128e+01
  -1.69083390e+01  -2.22240374e+01  -2.27098402e+01  -1.19834907e+01
   2.10471317e-01   1.74826529e+00   6.18767134e+00   8.77133822e+00
  -4.93293830e+00  -6.64326911e+00  -2.11650183e+00   6.24897127e-01
   1.08871637e+00   1.26960163e+00   8.96108147e-01  -5.48507980e+00
  -1.14047009e+01  -2.14627098e+01  -2.89731939e+01  -2.25896078e+01
  -2.56990501e+01  -3.02849498e+01  -2.82752665e+01  -2.21448970e+01
  -1.39600664e+01  -4.59025512e+00   2.57098320e+00   9.78838960e+00
  -1.45976054e+00  -6.00633380e+00  -4.27246753e+00  -3.40716681e+00
  -3.31702801e-01   3.43914402e+00  -3.27649072e+00  -4.25973266e-01
   3.12173778e+00  -7.44875053e+00  -1.45033375e+01  -9.32811028e+00
  -7.63646626e+00  -1.37695117e+01  -2.06306797e+01  -3.23441927e+01
  -3.62633141e+01  -3.75558744e+01  -3.49900901e+01  -2.83742148e+01
  -2.08695582e+01  -2.01983721e+01  -1.81169647e+01  -1.51470064e+01
  -2.16105762e+01  -3.77045072e+01  -4.73360160e+01  -4.71595932e+01
  -4.56702166e+01  -4.03561153e+01  -2.85159646e+01  -2.07839136e+01
  -1.10516741e+01  -8.55405166e+00  -6.17322858e+00  -1.74041449e+00
   6.14633199e+00   5.70745684e+00   7.42128583e+00   6.66541728e+00
   8.24183983e+00   8.34908606e+00   6.06793445e+00  -6.91570151e+00
  -1.74400423e+01  -3.35691772e+01  -4.57448216e+01  -4.91827719e+01
  -4.93854692e+01  -3.38350663e+01  -1.68646728e+01  -7.24238898e+00
  -6.04126026e+00  -3.13045295e+01  -2.97606368e+01  -2.28371682e+01
  -2.10370730e+01  -2.01928448e+01  -2.32317912e+01  -2.68885626e+01
  -2.41500520e+01  -2.48459351e+01  -2.40234322e+01  -2.29701506e+01
  -2.72734807e+01  -2.88735218e+01  -2.50774192e+01  -1.91486300e+01
  -6.61271360e+00   6.10641472e-01   4.78818500e+00   1.91497621e+00
  -6.00732492e+00  -6.01979198e+00  -1.02109735e+01  -2.02877887e+01
  -2.13221270e+01  -2.43000401e+01  -2.97065906e+01  -2.83426348e+01
  -1.97990264e+01  -1.73251949e+01  -2.06601798e+01  -1.77866522e+01
  -1.14059496e+01  -1.29899150e+01  -2.07573089e+01  -2.93311010e+01
  -3.26660358e+01  -3.03643694e+01  -2.48442192e+01  -1.89375605e+01
  -1.58698345e+01  -6.11647096e+00   8.04428292e-01  -2.10160193e+00
  -1.78665313e+00  -1.15442405e+01  -2.10510168e+01  -2.58223403e+01
  -3.06266909e+01  -2.89351401e+01  -2.50241806e+01  -1.74518409e+01
  -8.14543092e+00   2.43509962e+00   9.97562847e+00   5.12730522e+00
  -3.80704545e+00  -3.68981335e+00   1.01513046e+00   5.94261198e+00
   1.45734174e+01   1.87964362e+01   2.57562157e+01   3.31937140e+01
   3.38883075e+01   2.88919470e+01   5.67831971e+00  -3.86905847e+00
  -1.43130599e+01  -1.61399288e+01  -8.95155603e+00  -4.02727919e+00
   6.47081831e+00   1.55901830e+01   1.96260604e+01   1.84937761e+01
   1.20424426e+01   8.74893382e+00   5.17727471e+00   9.69688956e+00
   1.34520505e+01   1.09940982e+01   9.57247424e+00   1.17836084e+01
   8.72571357e+00   5.36987097e+00   3.15845547e+00  -3.75423926e+00
  -1.26571727e+01  -1.73404532e+01  -1.71240556e+01  -1.40767476e+01
  -8.46383453e+00  -1.40144215e+01  -1.63231926e+01  -1.38701995e+01
  -1.35369684e+00   5.99893431e+00   1.48016791e+00  -1.10444302e+01
  -9.23927227e+00  -5.20692855e+00  -1.89508356e+00   4.20936651e+00
   1.09562028e+01   7.84536006e+00   2.62936215e+00   6.27479607e+00
   2.06230584e+01   1.87351400e+01   8.25919072e+00   9.02432872e-01
   5.65359385e+00],[  4.70734562e-14   4.70734562e-14   4.70734562e-14   1.04150061e+01
   9.88376929e+00   9.12496343e+00   9.17758694e+00   1.28136620e+01
   1.49557750e+01   6.90304909e+00   3.20529501e-01   9.07520540e+00
   1.24298457e+01  -6.43379395e-01  -4.44535074e+00  -1.98019390e+00
  -6.80097441e+00  -1.40966421e+01  -1.08214107e+01  -3.35740491e+00
   3.05509442e+00   1.19146636e+01   1.76662319e+01   2.20816658e+01
   2.92651824e+01   3.15151457e+01   2.80716399e+01   2.32338319e+01
   1.17658154e+01   1.23776713e+01  -1.32525370e-01  -4.58186682e+00
  -8.37472658e+00  -1.11112927e+01  -1.37360466e+01  -1.29912727e+01
  -7.77227142e+00  -9.43465598e+00  -1.64829019e+01  -1.32579663e+01
  -3.72094575e+00  -1.85999012e+00  -3.17503732e+00  -2.55424308e+00
   2.96988147e+00   6.02349164e+00   7.88882798e+00   6.79819730e+00
  -5.74588525e-01  -1.71359139e+00  -9.36642963e+00  -1.70623564e+01
  -1.82940757e+01  -2.43731317e+01  -2.42513807e+01  -2.20606971e+01
  -1.64199195e+01  -1.28757549e+01  -1.03605801e+01   4.41915172e-01
   1.27809843e+01   2.01616569e+01   1.75852418e+01   9.28601206e+00
   1.28764224e+01   1.34437874e+01   1.27828624e+01   1.49657858e+01
   1.90045306e+01   2.21906006e+01   1.91260783e+01   1.71687332e+01
   1.85936708e+01   1.71857767e+01   2.01667527e+01   1.26140714e+01
  -2.05527611e+00  -1.65013036e+00   7.05589654e+00   2.97898562e+00
   2.26892382e+00   7.27686722e+00   6.27928669e+00   2.73929446e+00
   3.05234475e+00   6.38554401e+00   3.13323576e+00   8.19007827e+00
  -5.21279973e+00  -1.38532107e+01  -1.96777561e+01  -2.04480256e+01
  -2.48802805e+01  -2.11600862e+01  -8.63957598e+00  -1.78248286e+00
  -2.64064024e+00  -9.54465124e-01  -1.12360175e+01  -1.49227238e+01
  -7.86612714e+00   3.95773642e+00   3.34997483e+00   1.04342208e+00
   5.62014589e+00  -5.86837074e+00  -1.73650265e+01  -1.90481257e+01
  -1.76573139e+01  -2.15107809e+01  -2.40475171e+01  -2.58648019e+01
  -2.45704634e+01  -2.50164036e+01  -2.09801635e+01  -2.02389939e+01
  -1.33720178e+01  -5.69914866e+00  -5.20198103e+00   3.51283041e+00
   3.10786354e+00  -6.06406466e+00  -1.61591852e+01  -1.55311665e+01
  -1.32954260e+01  -1.59088030e+01  -1.84211996e+01  -2.15620508e+01
  -1.89482558e+01  -2.14449748e+01  -2.32116406e+01  -2.16635214e+01
  -1.99250640e+01  -1.56466324e+01  -5.35252755e+00   1.12588237e+00
  -1.73823033e-01   1.41003194e+00   5.62451309e+00   7.53234794e+00
  -4.63862261e+00  -1.89943505e+01  -1.57918270e+01  -7.35048563e+00
  -7.43128426e+00  -6.17885632e+00  -3.05184147e+00  -2.78419313e+00
   1.56260061e+00  -1.02177824e+01  -1.20793686e+01  -2.65984567e+01
  -3.37406017e+01  -2.14576468e+01  -1.21559477e+01  -1.34791492e+01
  -1.43108179e+01  -1.73548100e+01  -2.34518660e+01  -2.73883278e+01
  -2.53545234e+01  -2.83458248e+01  -2.72339367e+01  -2.70727124e+01
  -2.90325673e+01  -3.31781535e+01  -3.50246007e+01  -3.66238691e+01
  -3.50150546e+01  -3.03767543e+01  -3.14554757e+01  -3.39167827e+01
  -3.45139849e+01  -3.67397768e+01  -3.45637527e+01  -3.53598497e+01
  -3.10128734e+01  -1.93311647e+01  -1.92087126e+01  -1.65860369e+01
  -8.23094272e+00  -4.39984397e+00  -1.59182443e+01  -1.15568719e+01
  -2.44144332e+00  -1.32742006e+00  -4.21446524e+00  -2.02029010e+01
  -2.62999168e+01  -2.10549887e+01  -1.00110263e+01  -8.11985084e+00
  -1.03946595e+01  -1.66483111e+01  -2.10154750e+01  -2.19729639e+01
  -2.32559855e+01  -2.18904814e+01  -2.53615215e+01  -2.74443447e+01
  -1.30970065e+01   1.28687687e+00   2.10614432e+00  -5.11681235e+00
  -1.26295591e+01  -1.64211381e+01  -1.44265203e+01  -1.53545408e+01
  -1.45592510e+01  -2.50840939e+01  -2.58645617e+01  -2.55869473e+01
  -2.08900490e+01  -1.68120408e+01  -1.84853728e+01  -2.01297180e+01
  -1.98521550e+01  -1.25904995e+01  -3.41060980e+00  -1.96601106e+00
   2.97862444e-01   8.27215004e-01   2.10063340e+00  -4.57277287e-01
  -4.84150414e+00  -8.54707417e+00  -9.06989434e+00  -8.27388879e+00
  -9.66718463e+00  -6.62580683e+00  -7.86140285e-01   7.18876206e+00
   8.62049779e+00   8.99226097e+00   2.94121000e+00  -5.94955117e+00
  -1.76322437e+01  -2.56004072e+01  -2.66167391e+01  -2.61852315e+01
  -2.43663138e+01  -2.48930185e+01  -2.51830252e+01  -1.99459974e+01
  -3.90307346e+00   1.55959765e+00  -1.80298407e+00  -4.46930134e+00
  -4.33309997e+00   1.23176732e+00   2.52057893e+00  -5.57111353e+00
  -6.06577755e+00  -1.47401993e+00  -1.36054083e+00   1.11130081e+00
   1.51915383e+01   1.65368853e+01   1.91980413e+01   2.38007798e+01
   2.77448499e+01],[ -3.01980663e-14  -3.01980663e-14  -3.01980663e-14   8.96252381e+00
   1.46754560e+01   1.91585536e+01   1.99219464e+01   1.74261934e+01
   1.75339545e+01   9.24221859e+00  -5.58427286e+00   3.92020733e+00
   1.11167517e+01   4.11541437e+00   8.70377621e+00   1.15274555e+01
   5.76970946e+00  -1.33163881e+00   3.68013665e+00   1.34373637e+01
   1.66652461e+01   9.27053965e+00   1.19661659e+01   9.76719572e+00
   1.16795084e+01   8.75405723e+00   6.18209480e+00   2.28495572e+00
  -6.12957727e-01   1.61965428e+00  -1.40614387e+01  -1.71676545e+01
  -1.64370200e+01  -5.28282829e+00   1.08662773e+00  -9.92225572e-01
  -2.42273489e+00  -4.64665229e+00  -9.30594430e+00  -8.95236930e+00
  -5.69570477e+00  -3.02357796e-01  -2.76334805e+00  -3.68348747e+00
   1.16139268e+00   5.51862807e+00   4.53048649e+00   1.81034846e+00
  -3.22691751e+00  -4.55070058e+00  -1.01666075e+01  -2.29541222e+01
  -2.95967384e+01  -3.55705627e+01  -4.98960002e+01  -5.39542481e+01
  -5.07001114e+01  -4.68516150e+01  -4.38366714e+01  -3.40886048e+01
  -1.98166726e+01  -5.63394550e+00   2.03594006e+00   6.73462170e+00
   8.19912552e+00   5.00297350e+00   5.38432405e+00   9.25796356e+00
   8.01341803e+00   3.36088362e+00   2.50691911e+00   4.95565309e+00
   6.10978257e+00   5.70183485e+00   1.06014916e+01   6.36968702e+00
   7.48057752e-01  -1.89901175e+00   8.74441275e+00   5.79993287e+00
   1.02535400e+01   1.24248502e+01   1.34167591e+01   9.09017049e+00
   1.06038816e+01   1.02678024e+01   5.44566351e+00   8.96761703e+00
  -3.83913694e+00  -1.58107415e+01  -1.69293921e+01  -1.30217584e+01
  -1.13623249e+01  -1.25312071e+01  -2.75377214e+00   5.62354549e-01
  -1.32486372e+00  -3.46838878e-01  -2.78343130e+00  -5.30589498e+00
  -6.47742915e+00  -5.16969834e+00  -5.41288639e+00  -5.26303395e+00
   6.52204540e-01  -7.28917606e+00  -1.69966455e+01  -2.70681321e+01
  -3.13307801e+01  -3.87704437e+01  -4.56585289e+01  -4.78695313e+01
  -4.91213380e+01  -3.87970195e+01  -2.58997574e+01  -1.50050793e+01
  -6.59171977e+00   2.45001291e+00  -1.48587391e+00  -6.17416269e+00
  -1.49326690e+01  -2.33726051e+01  -3.97354931e+01  -4.46653446e+01
  -3.83005686e+01  -4.05010149e+01  -3.37874607e+01  -2.75087059e+01
  -2.46965602e+01  -2.23789798e+01  -1.84754539e+01  -1.10723244e+01
  -6.73786459e+00  -7.29982441e+00  -4.05255283e+00  -6.07130302e-01
   6.40457585e-01   8.51047169e-01  -4.64532034e-01   8.12012017e-01
  -3.75166462e+00  -2.07404503e+01  -1.61381031e+01  -6.89820314e+00
  -9.33556003e-01  -1.85773485e+00  -3.07531721e+00   8.38575258e-01
   1.27819973e+01   1.65072232e+01   1.62027803e+01   7.87681045e+00
  -1.82402960e+00  -4.80357067e+00  -4.59574252e+00  -1.51561432e+01
  -2.89971331e+01  -4.02965796e+01  -4.39085682e+01  -5.05324521e+01
  -4.54953819e+01  -4.02005339e+01  -3.12286841e+01  -2.42108269e+01
  -1.72009478e+01  -1.16877938e+01  -1.24062458e+01  -9.37195159e+00
  -3.69387290e+00  -3.32994334e-01   7.52502440e-01   5.45602971e+00
   8.04402426e+00   1.81476750e+00   2.19698384e+00   2.80735834e+00
   3.95250403e+00   1.17478016e+01   1.49578501e+01   1.62984737e+01
   1.57643642e+01   1.43047785e+01  -2.80252021e+00  -7.04024772e+00
  -8.01863373e+00  -7.85617816e+00  -8.91078943e-01   3.86110315e+00
   1.33682846e+00  -3.98980115e+00  -9.79216394e-01   5.38803036e-01
  -1.51238558e+00  -5.51330087e+00  -7.30316605e+00  -8.53880387e+00
  -1.31176486e+01  -1.81080296e+01  -2.55466105e+01  -2.43529939e+01
  -1.69458370e+01  -7.62031103e+00  -1.02353726e+00  -2.89786116e+00
   4.76107974e+00   1.60208334e+01   2.24746785e+01   2.27384078e+01
   2.02802844e+01   1.42529372e+01   1.58473853e+01   9.13709351e+00
  -1.03390953e+00  -2.38326125e+00  -5.18146546e-01  -7.47193911e+00
  -1.48960840e+01  -7.12222200e+00  -1.49915406e+00  -3.35346949e+00
  -5.51373531e+00  -3.33602190e+00  -1.65182891e+00   5.18191102e+00
   1.71061259e+01   1.96802519e+01   1.55597090e+01   1.45922139e+01
   2.39312474e+01   2.98585607e+01   1.66616230e+01   1.40853134e+01
   9.20893114e+00   9.13617230e+00   1.10014256e+01   5.70036963e+00
  -7.62031671e-01  -1.42267111e+00  -4.42165294e+00  -4.49796743e+00
  -4.79959679e+00  -7.63546665e-01   4.14378350e+00   6.13211968e+00
  -2.26725727e+00  -7.14717302e+00  -1.55905429e+00  -6.04527586e+00
  -8.95274423e+00  -6.17277020e+00   5.10788680e-01  -3.06250148e+00
  -1.19892437e+01  -1.68762633e+01  -1.85297217e+01  -1.32208402e+01
   4.31849264e+00   1.15888631e+01   1.48434953e+01   1.15989343e+01
   1.20154827e+01],[  2.84217094e-14   2.84217094e-14   2.84217094e-14   4.42261764e+00
   1.14934005e+01   1.48519569e+01   1.39007954e+01   1.06274313e+01
   7.58924126e+00  -3.28254184e+00  -8.08877682e+00   1.99926778e+00
   6.88736955e+00   5.74377258e+00   1.18339591e+01   1.20809461e+01
   6.35990295e+00  -3.67516067e+00  -5.36650752e+00  -2.43966678e+00
  -3.76976047e+00  -1.76879968e+01  -2.45544056e+01  -2.78385793e+01
  -1.89167733e+01  -1.60276991e+01  -1.09781673e+01  -6.80029697e+00
  -5.12586721e+00  -4.11753833e+00  -4.27074911e+00  -5.52435569e+00
  -6.46144486e+00   9.96064873e-01   6.91842992e+00   4.27451165e+00
   8.39315456e+00   1.78174385e+01   2.76612964e+01   3.00597686e+01
   2.67893321e+01   2.65190553e+01   2.48264742e+01   2.64754168e+01
   2.24088926e+01   2.07198070e+01   2.37493816e+01   2.43044026e+01
   2.16633192e+01   1.96273991e+01   3.02005111e+00  -3.01487489e-01
  -3.71021344e-01   1.20349002e+00   3.80827677e+00   5.49207468e+00
   9.87906923e+00   6.52281896e+00  -7.33960497e+00  -1.69903896e+01
  -1.68344438e+01  -8.38075695e+00  -3.66983961e-01   3.71575106e+00
   6.31904744e+00   5.20329572e+00   5.12290856e+00   4.61641418e+00
   1.69848522e-01  -2.31300558e+00  -2.66107955e+00  -3.35784885e+00
   4.88771421e+00   1.06784367e+01   1.21204671e+01   5.86538593e+00
   1.42851329e+01   1.81153708e+01   2.31768308e+01   1.61781977e+01
   1.52373162e+01   1.29246132e+01   1.64689861e+01   1.31083151e+01
   1.27489863e+01   4.27851398e+00   6.59314895e+00   1.29653349e+01
   4.39814907e+00  -5.77621612e+00  -5.64166406e+00  -1.82415076e+00
   1.58601010e+00   1.10423137e+00   6.19749464e+00   1.04238030e+01
   1.28814507e+01   1.13867354e+01   1.19199434e+01   1.22930616e+01
   1.08103789e+01   7.49491449e+00   1.15258697e+01   1.75630359e+01
   2.26398532e+01   3.00815627e+01   3.03879305e+01   1.44541863e+01
  -3.98416068e+00  -9.40007256e+00  -9.18574110e+00  -4.99032889e+00
   7.90334830e-01   6.61338263e+00   1.14821438e+01   1.47004919e+01
   1.36967727e+01   1.28686285e+01   1.07988564e+01   7.71256118e+00
   3.14759424e+00   3.82561770e+00   1.29178944e+00  -9.34764660e+00
  -1.24030477e+01  -1.36477808e+01  -5.75048431e+00  -1.97614574e+00
  -3.21160188e+00   2.22178419e+00   7.56001805e+00   1.27996752e+01
   1.85316339e+01   1.31944785e+01   1.11653122e+01   8.02030943e+00
   9.05747834e+00   9.72022475e+00   5.73624439e+00   6.54489093e+00
   1.16984341e+01   6.02048849e+00   4.25177034e+00   9.62519471e+00
   1.23848927e+01   5.27320776e+00   7.27241462e+00   1.36014216e+01
   1.40261340e+01   7.35213985e+00   6.52211804e+00   1.38176800e+01
   1.09037583e+01   1.32707674e+01   2.51012414e+01   2.17279215e+01
   1.95666746e+01   2.23974414e+01   2.60142353e+01   1.85095536e+01
   1.62055145e+01   1.01367697e+01   8.26260042e+00   1.17098783e+01
   1.59260703e+01   1.41894003e+01   1.50703227e+01   2.40695941e+01
   2.56292015e+01   2.46968645e+01   2.87033189e+01   3.85259707e+01
   4.69087064e+01   3.62555115e+01   3.01074458e+01   3.46764230e+01
   3.96750494e+01   3.89088104e+01   3.57747181e+01   3.15620498e+01
   2.47089509e+01   2.15181996e+01   9.21206644e+00   7.55912801e+00
   8.73090373e+00   3.12620180e+00   4.81060349e+00   1.50448282e+01
   2.13967657e+01   2.05308394e+01   1.93475013e+01   2.38807746e+01
   2.65517428e+01   1.59418329e+01   6.09900212e+00   8.62053641e+00
   1.01577313e+01   8.38972966e+00   3.06548269e+00  -9.24155707e-01
   2.40070788e-02  -5.26644828e-01  -4.27313082e+00  -8.16706408e+00
  -8.61511953e+00   2.92138148e+00  -4.37823618e-01  -3.79770247e+00
  -6.85209793e+00  -1.26145692e+01  -1.27562351e+01  -1.97440008e+01
  -2.65789336e+01  -2.20822679e+01  -1.83231753e+01  -1.73954830e+01
  -5.79918220e+00   4.91520158e+00   9.81162876e+00   9.50195126e+00
   6.66293546e+00   5.16861718e+00   8.08425145e-01  -1.80453239e+00
   6.16828503e+00   1.25840351e+01   1.41780980e+01   9.60692731e+00
   7.05075438e+00   1.20850627e+01   1.57479836e+01   1.64700686e+01
   1.47626350e+01   2.47236287e+01   3.23871244e+01   2.42455323e+01
   7.75137813e+00   7.74047269e-01   9.14865175e-01   5.96798706e+00
   5.68225929e+00  -1.36476824e+00   9.38134853e-01   6.75482087e+00
   5.67300935e+00   2.49066252e+00   1.57760232e+01   1.82596933e+01
   1.89821401e+01   2.12461252e+01   2.60555971e+01   3.35058653e+01
   2.87027847e+01   1.94106443e+01   1.37486095e+01   1.72328455e+01
   2.31746525e+01   2.60902019e+01   2.19271908e+01   1.89231101e+01
   1.93956785e+01],[  1.50990331e-14   1.50990331e-14   1.50990331e-14  -9.28513463e-01
   5.48102141e+00   1.28064409e+01   1.03273937e+01   1.18989361e+01
   8.31013931e+00  -3.24703894e+00  -6.64396578e+00  -1.43609274e-02
   2.44024424e+00   5.93856023e+00   9.67852995e+00   6.20302428e+00
   2.78270268e+00  -9.09136551e-01  -4.79928557e+00  -5.87047496e+00
  -6.07841126e+00  -1.12546479e+01  -1.06035916e+01  -8.38025839e+00
   4.57686558e-01   3.53766978e+00   3.81864433e+00   4.18216670e+00
   4.42341264e+00   1.95997696e+00   8.16559888e+00   4.64288899e+00
  -3.44325475e+00  -1.32536928e+01  -1.38597355e+01  -1.35332164e+01
  -9.33524943e+00  -4.04005562e+00   2.60539421e+00   6.64612124e-01
  -2.18990530e+00   2.20725014e+00   7.46708759e+00   1.18273520e+01
   8.58599932e+00   1.12065366e+01   1.45321426e+01   1.41672052e+01
   1.46649470e+01   1.22735750e+01  -4.39964414e+00  -2.03734527e-01
   2.01552907e+00  -9.25375312e-01   3.86188570e-01  -2.30164812e+00
  -1.91892617e+00  -7.42891227e+00  -1.71578410e+01  -2.15501244e+01
  -2.73231501e+01  -2.49317947e+01  -1.55629899e+01  -2.99573227e+00
   3.30937535e+00   4.07940549e+00  -6.09056200e-01  -2.98425802e+00
  -4.17461754e+00   3.03135009e-01   3.70573048e+00   3.45850828e-01
   1.35714611e+01   1.70292937e+01   1.34438859e+01   7.65881182e+00
   1.44966377e+01   1.43900355e+01   1.16164733e+01   1.30066681e+01
   1.64057273e+01   1.58121231e+01   1.89019966e+01   1.90239310e+01
   2.21428664e+01   1.39206250e+01   1.77107416e+01   1.53084784e+01
  -4.37223189e+00  -1.27433091e+01  -8.66382311e+00  -5.19928975e+00
  -6.41605050e-01   4.48977373e-01   7.25675921e-02   3.07718520e-01
   9.03000454e+00   2.98602174e+00   4.80850257e+00   7.41250998e+00
   4.40254148e+00  -4.96072296e+00  -3.80130598e+00   3.33122342e+00
   4.39241859e+00   7.53156789e+00   9.14538168e+00  -2.82369120e+00
  -1.71070506e+01  -2.16318135e+01  -2.08273994e+01  -1.71048628e+01
  -1.51271200e+01  -1.77743516e+01  -1.84473566e+01  -1.59400982e+01
  -1.29051345e+01  -1.35394755e+01  -1.02179965e+01  -9.00645889e+00
  -1.16063713e+01  -9.56041631e+00  -7.35629563e+00  -1.24103485e+01
  -1.09173580e+01  -1.28732562e+01  -7.00371464e+00  -4.28822578e+00
  -6.70202269e+00  -8.10178244e+00  -4.72186495e+00  -4.98333940e+00
   1.66987940e+00   3.39219210e+00   6.89253076e-01   3.59259858e+00
   9.21546680e+00   1.15907310e+01   8.85213587e+00   1.72409418e+01
   1.49000973e+01   6.26905595e+00   6.40585064e+00   1.07537180e+01
   9.54445433e+00  -1.30342222e+00   4.67458070e+00   1.38870889e+01
   9.29496687e+00   1.50281639e+00  -4.16700426e+00  -3.12424597e+00
  -7.56369097e+00  -1.80629328e+00   7.87920968e+00   6.64007748e-01
  -2.56886097e+00  -3.68328614e+00  -6.99221338e+00  -8.15710257e+00
  -7.11639114e+00  -1.25299241e+01  -1.41931917e+01  -1.27023269e+01
  -9.46104924e+00  -8.71287738e+00  -4.05783262e+00   5.69040245e-01
   4.85418174e+00   3.95320658e+00   8.36792315e+00   1.95950333e+01
   2.10239802e+01   1.31802208e+01   1.39366409e+01   1.48664764e+01
   1.30672624e+01   1.37588460e+01   7.12371042e+00  -2.87668156e+00
  -1.18127863e+01  -1.55183024e+01  -2.85382021e+01  -3.25899670e+01
  -2.72913799e+01  -2.78177787e+01  -2.75875449e+01  -2.94188959e+01
  -1.81265831e+01  -1.21586033e+01  -1.12635323e+01  -4.27330217e+00
  -5.50636907e-01  -9.69168405e+00  -1.93924828e+01  -1.53984150e+01
  -1.43084317e+01  -1.60754740e+01  -1.57751528e+01  -1.49092814e+01
  -5.58559785e+00  -7.38991861e+00  -9.51508926e+00  -3.04841784e+00
  -6.99711086e+00   1.47786315e+00   6.02464282e+00   4.72739928e+00
   1.12424056e+01   1.71869231e+01   1.99628994e+01   1.39449244e+01
   1.16769294e+01   1.21710746e+01   5.72585880e+00  -1.47406258e+00
  -9.60446667e+00  -1.18933738e+01  -7.99615164e+00  -1.48597422e+01
  -2.10303585e+01  -1.20014448e+01  -4.87023976e+00  -5.17515472e+00
  -2.60739510e+00  -3.48924495e+00  -7.64980264e+00  -1.61862102e+01
  -2.28827147e+01  -1.89977715e+01   5.00355794e-02   6.16687016e+00
   5.99027400e+00   8.38502408e+00   9.39468227e+00   5.75789695e-01
  -1.51461527e+01  -1.94205058e+01  -1.33409725e+01  -7.14642287e+00
  -7.11827370e+00  -1.05841386e+01  -6.44155544e+00  -1.39199566e-01
   6.06598946e+00   6.61058892e+00   1.09170929e+01   8.29364259e+00
   6.09360801e+00   3.72904557e+00   9.21562853e+00   1.69763190e+01
   1.78157168e+01   1.05583522e+01   1.08864994e+01   1.99957998e+01
   1.66276558e+01   1.29468725e+01   1.68354919e+01   1.54183480e+01
   1.81958058e+01],[  7.90478794e-14   7.90478794e-14   7.90478794e-14  -3.35698942e+00
   1.96400653e+00   7.58431398e+00   5.89773346e+00   1.24296960e+01
   1.05087979e+01  -8.10895649e-01  -8.28768545e+00  -5.74369273e+00
   8.41761951e-02   3.57756779e+00   4.05547611e+00  -2.37043023e+00
  -8.30079407e-01   5.48331415e+00   6.95631258e+00   8.64427053e+00
   1.10904013e+01   9.63477823e+00   1.49099895e+01   1.75337390e+01
   1.40860790e+01   1.32376945e+01   1.10803097e+01   1.19526596e+01
   1.40124212e+01   8.57601919e+00   9.21020736e+00   1.13685095e+01
   3.86198270e+00  -1.07459387e+01  -1.58380161e+01  -1.62263636e+01
  -1.90204375e+01  -1.69431237e+01  -1.72928428e+01  -2.03399494e+01
  -1.94389077e+01  -1.45983549e+01  -1.08330859e+01  -5.74507116e+00
  -2.28568322e+00  -8.40865959e-01  -2.98570111e+00  -4.01296387e+00
  -3.44222557e+00  -7.44104973e+00  -1.34556510e+01  -2.18464699e+01
  -3.02806467e+01  -2.67455001e+01  -2.42706000e+01  -2.36336056e+01
  -1.99220921e+01  -1.89340712e+01  -1.77016719e+01  -1.77653318e+01
  -2.22812348e+01  -2.35514497e+01  -1.60949888e+01  -9.55320759e+00
  -1.03788371e+01  -1.02426437e+01  -1.17516690e+01  -1.54778979e+01
  -1.26320365e+01  -1.28560400e+01  -1.27933858e+01  -1.12485761e+01
   2.39548054e+00   4.27515005e+00   6.88803017e+00   3.80175176e+00
   5.28820168e+00   5.54431492e+00   5.08182638e+00   1.19805405e+01
   1.55970373e+01   1.60212765e+01   1.39034875e+01   1.48168721e+01
   1.31591514e+01   3.65875603e+00   6.01370044e+00  -1.05649130e+00
  -1.38700427e+01  -1.98406748e+01  -1.97881888e+01  -1.95939175e+01
  -1.94564013e+01  -8.45573341e+00  -6.50703390e-01  -7.19278487e-01
   6.21667350e+00   4.15967581e+00   6.76571437e+00   8.21494423e+00
   8.62826714e+00  -1.46553597e+00  -3.33739345e+00   4.89425843e+00
   5.35697020e+00   2.10096152e+00   1.00867536e+01   6.89685839e+00
  -9.62278529e+00  -1.99969582e+01  -2.76336193e+01  -3.70690920e+01
  -5.02569628e+01  -5.19479484e+01  -4.85835921e+01  -4.17383177e+01
  -3.32546615e+01  -3.57346264e+01  -3.52694641e+01  -3.53794013e+01
  -4.28630231e+01  -5.22266802e+01  -5.90490411e+01  -5.84019980e+01
  -4.73502408e+01  -4.03640615e+01  -2.44001291e+01  -1.44824887e+01
  -9.69702737e+00  -8.47652145e+00   2.58343113e-01   5.50626992e+00
   1.14911554e+01   1.42469692e+01   7.00727940e+00   5.66652706e+00
   1.15031633e+01   9.93087597e+00   2.52343772e+00   3.49135684e+00
  -1.36428408e+01  -3.69020022e+01  -4.78871128e+01  -5.14303947e+01
  -5.23438754e+01  -4.59078617e+01  -2.84138852e+01  -1.02294640e+01
  -8.88516277e+00  -1.09753892e+01  -9.58617129e+00  -9.34284818e+00
  -1.56183970e+01  -1.38968211e+01  -1.91969331e+01  -3.07208724e+01
  -3.37201029e+01  -3.72448367e+01  -4.24390501e+01  -4.37408926e+01
  -3.75256347e+01  -3.13239551e+01  -2.05390988e+01  -1.84526556e+01
  -1.05312558e+01  -4.53147893e+00   1.98499096e+00   4.76416242e+00
   1.43062162e+01   1.39631510e+01   1.71051377e+01   2.60342342e+01
   1.86373343e+01   1.36511345e+01   2.08516346e+01   1.84844538e+01
   1.15689787e+01   1.78351979e+01   1.61586555e+01   8.67537689e+00
   7.85341353e-01  -8.35615312e+00  -2.42778006e+01  -3.02962777e+01
  -3.22119808e+01  -2.75598886e+01  -2.47951503e+01  -2.82620625e+01
  -1.84193460e+01  -1.12439375e+01  -6.97231428e+00   5.09162721e+00
   1.01588069e+01  -6.06597190e-01  -1.35789506e+01  -1.48614566e+01
  -1.60166576e+01  -2.15739818e+01  -2.32638537e+01  -1.69715310e+01
  -1.40045370e+01  -8.53813107e+00   1.06747036e+00   4.94763012e+00
  -3.09337351e+00  -4.58728699e+00  -4.70211585e+00  -8.75483540e+00
  -6.83796177e+00  -5.61708180e-01   3.71181768e+00   3.80901908e+00
   9.92579571e+00   1.52008717e+01   5.24799998e+00  -1.98057387e+00
  -1.41874533e+00   3.73337690e+00   7.64691072e+00   3.00356139e+00
   6.17564074e+00   7.96736902e+00   5.53209824e+00   2.55359897e+00
   4.89642648e+00   7.44178172e+00   7.81618669e+00  -2.71419127e+00
  -4.52902985e+00  -3.59576575e+00   6.65887817e+00   8.39322631e+00
   2.78430753e+00   9.27152692e-01   1.84377174e-01  -3.97622828e+00
  -8.77570893e+00  -1.27786748e+01  -1.52796744e+01  -1.65814805e+01
  -1.68906192e+01  -1.54903027e+01  -1.22789619e+01  -8.91882870e+00
  -7.30830330e+00  -1.11237698e+01  -1.26518778e+01  -1.29433064e+01
  -1.36045042e+01  -1.94761499e+01  -1.45010653e+01  -8.16542916e+00
  -1.23787778e+01  -1.99230470e+01  -1.67763553e+01  -4.65034461e+00
   4.00291177e+00   1.72692693e+01   2.51410933e+01   1.68501781e+01
   1.41106408e+01],[ -5.50670620e-14  -5.50670620e-14  -5.50670620e-14  -1.25884315e+00
   2.82673717e-01  -4.18544396e+00  -2.88453949e+00   6.09526912e+00
   5.20503633e+00  -4.88232201e+00  -3.20892373e+00  -4.49759368e+00
  -6.26994625e+00  -6.53773423e+00  -3.71881764e+00  -9.25150792e+00
  -4.64773786e+00   2.03665838e+00  -1.56675441e+00  -6.35701984e+00
  -1.39565637e+00   1.02638122e+01   9.49393836e+00   9.83397863e+00
   9.55875684e+00   1.02397308e+01   9.79787180e+00   4.98855366e+00
   2.46778303e+00   1.37821974e+00   2.90020416e+00   3.83268592e+00
   3.63644626e-01  -5.25980632e+00  -5.65065081e+00   5.48681619e-01
  -8.82486197e-01  -2.48716771e+00   3.89025578e+00   1.08811382e+01
   1.32955911e+01   1.02348928e+01   8.90694225e+00   1.63041935e+01
   2.56462734e+01   2.30516104e+01   1.75799396e+01   1.40202741e+01
   1.44006668e+01   7.29763875e+00  -3.53616305e+00  -1.96978331e+01
  -2.72774434e+01  -2.59351309e+01  -1.82002239e+01  -1.48477846e+01
  -1.15281191e+01  -1.05641640e+01  -7.08424957e+00  -6.97504878e+00
  -1.11627902e+01  -1.65213211e+01  -1.21830251e+01  -9.66444081e+00
   3.60249196e-01   3.23528364e+00   7.00394364e-01   1.19725882e+00
   6.04908903e+00   9.56671543e+00   1.05041789e+01   4.28259200e+00
   1.02065229e+01   1.22207732e+01   1.44217231e+01   7.44008350e+00
   5.79282046e+00   8.52036276e+00   1.12321332e+01   1.36141911e+01
   1.01004868e+01   6.90365596e+00   6.97006280e+00   1.00802822e+01
   7.96585584e+00   4.48355096e+00   4.97984734e+00  -5.34222621e+00
  -9.24472215e+00  -1.15173390e+01  -1.12351561e+01  -1.13889259e+01
  -1.19715527e+01  -7.85676827e+00  -3.43044768e+00  -5.18235264e+00
  -1.60662955e+00  -2.61852158e+00  -6.02729726e+00  -3.02502160e+00
  -1.08398291e+00   3.15985224e+00   3.79078804e+00   5.61544325e+00
   7.07851125e+00   1.99598320e+00  -2.22620401e+00  -3.17261959e+00
  -1.29955591e+01  -1.09197927e+01  -3.12346030e+00   1.65292880e+00
   1.20015437e+01   1.26679219e+01   7.34179069e+00   1.92419422e+00
   3.66205854e-01  -4.47986587e+00  -7.70424558e+00  -3.61069391e+00
  -5.56145723e+00  -7.17269537e+00  -7.77460384e+00  -9.76435967e+00
  -8.25058231e+00  -7.57506506e+00  -6.96324373e+00  -6.22647077e+00
  -6.22874688e+00  -1.23700831e+01  -1.33094323e+01  -1.27844650e+01
  -1.29224692e+01  -1.12901743e+01  -9.17241906e+00  -2.59514045e+00
   2.70557400e+00   4.19632353e-01  -4.48747321e+00  -2.33577455e+00
  -8.90110658e+00  -1.46563075e+01  -1.96789875e+01  -1.76737533e+01
  -1.90996839e+01  -1.29876945e+01  -1.57848965e+00  -1.05922207e+00
  -6.88663811e+00   1.40372475e-01   6.36366818e+00   5.58399267e+00
   3.55393709e-01   2.37218937e+00   4.19550511e+00   4.40536619e+00
   9.55174001e+00   1.70426616e+01   1.74445673e+01   1.04201667e+01
   1.13276063e+01   1.20854599e+01   1.50558606e+01   6.39911582e+00
  -1.24640775e+00  -7.98254018e+00  -5.55084631e+00  -5.34797896e+00
  -3.70991973e+00  -7.58157701e+00  -6.57264504e+00  -1.19857796e+00
  -1.67402390e+00  -4.86698581e-01   3.87853157e+00   1.36407333e+00
  -2.93775198e+00   2.19931414e+00   3.30034882e+00   1.53580306e+00
   1.31443227e+00  -1.99963154e-01  -5.40504087e+00   1.02848955e+00
   3.76808475e+00   4.97929243e+00  -3.71145755e-01  -2.77690580e+00
  -7.53887879e+00  -1.16176063e+01  -8.59585237e+00  -1.87755860e+00
  -8.84698492e-01  -1.00136969e+01  -1.02534440e+01  -9.05697455e+00
  -5.52540140e+00  -3.81879244e+00  -5.53994459e+00  -1.93886532e+00
  -2.63976827e+00  -4.76497007e+00   1.27670495e-01  -2.17631666e+00
  -6.76619601e+00  -1.08184962e+01  -1.04629216e+01  -1.63544245e+01
  -1.95513265e+01  -1.74689378e+01  -1.31780259e+01  -6.15960138e+00
   3.14781621e+00   3.39662173e+00  -3.55255825e+00  -3.90849251e+00
  -6.47040119e+00  -4.38821987e+00  -6.64512136e+00  -1.44297931e+01
  -1.20058946e+01  -1.20486688e+01  -1.58327838e+01  -1.94654032e+01
  -2.01415325e+01  -1.82769945e+01  -1.21938614e+01  -5.72337289e+00
  -6.96537737e+00  -3.15544333e+00   6.96447471e+00   5.61623163e+00
   2.40390194e+00   1.66506110e+00   2.46092704e+00   8.57069531e-01
  -8.35460918e+00  -1.41154829e+01  -1.56962225e+01  -1.23047090e+01
  -6.45638212e+00  -8.02663848e-01  -9.05495811e-01  -4.20434584e+00
  -6.16894158e-01   6.51674726e-02   5.60247216e+00   9.85143465e+00
   1.34073920e+01   1.72116505e+01   2.51784709e+01   2.33606851e+01
   9.25751261e+00   3.95091975e+00   2.64097000e+00   4.42752152e+00
   7.35512713e+00   1.17843078e+01   1.12438148e+01   1.18109265e+01
   1.30399362e+01],[  3.81916720e-14   3.81916720e-14   3.81916720e-14   3.67117897e+00
   4.15210780e+00  -2.52259957e+00  -6.21459308e+00  -2.07408223e+00
   1.12967698e+00  -3.73424720e+00   2.48543867e+00  -3.70322460e+00
  -7.22442892e+00  -3.05541481e+00   2.98383845e+00   3.93033703e+00
   5.63337359e+00   7.90484569e+00   1.87400551e+00  -5.31006502e+00
  -2.17970993e+00   1.09487396e+01   6.38473300e+00   4.52071908e+00
   4.02342800e+00   4.89633362e+00   7.78642707e+00  -9.35647313e-01
  -4.53242277e+00  -7.54605413e-02   3.15622089e+00  -5.39422124e-01
   1.02741564e+00   8.35239842e-01   1.42161167e-01   2.49190456e+00
   1.25704837e+00  -5.01828343e+00  -3.88138543e+00   1.77651709e+00
   2.34739412e+00   5.24080996e+00   7.26329444e+00   1.30324198e+01
   1.83633246e+01   2.04636478e+01   1.58599294e+01   9.11470412e+00
   9.79510871e+00   9.00583407e+00   6.38039321e-01  -1.15617523e+00
  -5.45943831e+00  -4.05942370e+00  -2.12837469e+00  -3.17974357e+00
  -3.62682811e+00   2.53319848e+00   8.51584352e+00   1.35370850e+01
   9.81180668e+00  -2.59857785e-01  -7.41748539e+00  -7.43759885e+00
   2.37025718e+00   3.62608319e+00   9.10946859e-01   5.97309405e+00
   3.50765732e+00  -1.05278818e+00   3.84573065e+00   1.22392130e+00
  -4.22418339e-01   1.23583804e+00   2.35494290e+00   3.59625803e+00
  -1.14876150e+00  -3.29841531e+00  -6.77773560e-01  -9.03305185e-01
  -2.77794009e-01  -1.83964898e+00   4.73051534e+00   5.12219906e+00
   6.85053285e+00   1.52720612e+01   1.53424051e+01   2.30458043e+00
  -6.14894939e+00  -9.20461310e+00  -9.49182805e+00  -1.11106556e+01
  -4.99105641e+00  -3.02594287e+00   7.99549516e-01   1.68398571e+00
   1.79110340e+00  -9.34690301e-01  -4.60035199e+00  -2.81252143e+00
  -2.93936595e+00   4.61897700e+00   5.73118403e+00   7.65158157e+00
   6.44287427e+00   4.07960398e-01  -9.92443179e+00  -9.24501781e+00
  -9.80737413e-01   1.78920526e+00   5.93730597e+00   6.67226447e+00
   6.20592166e+00   1.06999709e+01   8.09809880e+00   5.52929209e+00
   5.46335800e+00   6.25773064e+00   6.74467658e+00   4.78462358e+00
   2.81490496e+00   6.20782313e+00   5.48478731e+00   3.97581152e+00
   3.10772818e-01  -3.40228943e+00  -1.14963216e+00  -1.24518892e+00
  -6.01331814e+00  -7.47254297e+00  -6.04331917e+00   8.03727616e-01
   5.66144617e+00   5.22010077e-01  -2.82094957e+00   4.73874647e-01
  -6.57153337e+00  -1.12848037e+01  -9.55024531e+00  -6.71804887e+00
  -5.52374065e-01   6.21923089e+00   1.11088887e+01   1.59192561e+01
   1.70604044e+01   2.12569209e+01   1.75937698e+01   3.73940347e+00
  -1.67723017e+00   1.31737227e+01   1.79153182e+01   1.69371408e+01
   1.26349853e+01   7.92655921e+00   4.11632970e+00   2.57249869e+00
  -2.99941895e+00  -5.85051774e+00  -7.96703095e+00  -1.03958313e+01
  -9.55472654e+00  -3.23760875e+00  -3.74602541e+00  -1.04127697e+01
  -7.98325805e+00  -1.53657670e-01   3.78381254e+00   4.29095964e+00
  -3.56964589e+00  -9.01421574e+00  -2.96059523e+00   5.62266071e+00
   1.11511297e+01   1.72359273e+01   1.44654048e+01   1.06479166e+01
   1.56034280e+01   1.63039964e+01   1.11637967e+01   7.77805190e+00
   8.74708190e+00   9.28164045e+00   2.25585211e+00   2.98403546e+00
   1.72467017e+00  -3.94180773e-01   3.72916683e+00   1.03250488e+01
   8.82282906e-01  -5.66355301e+00  -1.87858439e+00   3.24893873e+00
   6.00558877e+00   4.73364717e+00   3.12686431e+00  -4.70311913e-03
  -4.32472644e+00  -2.21021873e+00  -3.24444953e+00  -1.74149499e+00
  -4.16745128e+00  -4.59300351e+00   1.33597105e+00  -1.96837383e+00
   4.52187345e+00   4.99027019e+00   1.15332884e+01   1.36513067e+01
   8.57020112e+00   2.74069557e+00   6.62775867e-01   3.16406188e+00
   8.82450118e+00   6.98937359e+00   2.86141210e+00   1.89027119e+00
  -6.17010910e+00  -1.11626508e+01  -1.47686780e+01  -2.08319332e+01
  -2.28434318e+01  -1.58896235e+01  -6.96873631e+00  -4.79172153e+00
  -2.99869993e-01   2.28828276e+00  -2.31845061e+00   4.95029828e+00
   8.60202519e+00   9.40722563e+00   3.90390264e+00   1.72912336e+00
   7.15758124e+00   5.89631086e+00   1.11124154e+01   1.21088130e+01
   3.39814989e+00   3.66345480e+00   6.77034243e+00   5.25481538e+00
   3.79372081e+00   6.63081025e+00  -2.61620386e-01  -8.99133301e+00
  -5.95000740e+00  -5.92032433e+00  -5.76630302e-01  -4.37621754e+00
  -6.79717817e+00  -6.37821978e-01   5.87245485e+00   4.56427258e+00
  -8.81315211e-01  -9.24367711e-01   2.41775965e-01  -1.18241228e+00
   1.55560330e+00   6.40153464e+00   1.09595631e+01   1.90929972e+01
   1.90022132e+01],[  1.42996726e-13   1.42996726e-13   1.42996726e-13   8.80455996e+00
   9.34121930e+00   4.11853837e+00  -5.57942385e+00  -6.32667304e+00
   4.35618650e-01  -9.26169466e-01   2.50420411e+00  -2.90482450e+00
  -1.98517166e+00   1.95527456e+00   7.90628745e+00   1.45375532e+01
   1.25088963e+01   1.00530995e+00  -6.57298399e+00  -5.87676183e+00
  -6.14805261e+00  -5.64804028e+00  -7.17808770e+00  -7.26297383e+00
  -1.42109359e+01  -1.57034259e+01  -1.33644108e+01  -1.28448025e+01
  -1.38807683e+01  -1.13331778e+01  -6.53039518e+00  -5.00879333e+00
   2.33429053e+00   3.91623010e+00   1.32794034e+00   1.16295211e+00
  -9.83863648e-01  -9.63791886e-01   3.72421451e+00   8.56286491e+00
   9.71236377e+00   5.84416880e+00   4.43564364e+00   6.93305079e+00
   2.75835613e+00  -9.60311594e-01  -3.15082706e+00  -6.73305321e+00
  -9.62754059e+00  -1.09154579e+01  -8.85859806e+00  -3.79142732e+00
  -5.76139373e-01   4.67604152e+00   1.04692361e+01   1.15037407e+01
   1.13160407e+01   7.34600438e+00   1.81434081e+00   1.96743315e+00
   1.05543559e+00  -7.54241468e+00  -1.56183649e+01  -1.43846164e+01
  -1.28997977e+01  -1.81919735e+01  -1.84980838e+01  -1.64909378e+01
  -1.62576397e+01  -1.42946062e+01  -1.24181383e+01  -7.06157415e+00
  -8.57595514e+00  -5.04281617e+00  -2.49574239e+00   1.00704041e+00
  -5.02064953e+00  -4.81228778e+00  -1.64909394e+00  -5.12814100e+00
  -8.42798236e+00  -4.41630357e+00   5.01773493e+00   1.31840142e+00
   1.50639320e-01   8.47604930e+00   9.18840133e+00   4.13200854e+00
  -1.77536863e+00  -7.77496253e+00  -9.22691387e+00  -1.41282827e+01
  -1.67539370e+01  -1.13204768e+01  -6.79459977e+00  -1.01445610e+01
  -1.46640065e+01  -1.38369950e+01  -1.46421925e+01  -1.29461543e+01
  -1.26967810e+01  -7.91116425e+00  -4.28711601e+00  -1.83328495e+00
   7.53013513e+00   8.55614799e+00   3.58529946e+00   3.25266094e-01
  -4.18589560e+00   6.24679741e-01   5.77009537e+00   3.46600392e+00
  -2.74580568e+00  -2.24308272e+00   7.36806148e-01   3.51366836e-01
  -1.77730545e+00  -2.44565746e+00   4.26421718e+00  -5.76391542e+00
  -1.06341938e+01  -8.85808818e+00  -5.28574853e+00  -1.22762293e+00
  -4.10809434e+00  -9.87830166e+00  -6.15604778e+00  -8.73638461e+00
  -1.55507539e+01  -1.36863287e+01  -5.34680376e+00  -2.63380899e+00
  -7.13211958e+00  -1.37736379e+01  -8.52776466e+00  -6.14300253e+00
  -1.14457350e+01  -1.34077141e+01  -1.04007008e+01  -6.16639454e+00
  -1.91828763e+00  -2.36165505e+00  -8.43556361e+00  -1.90935164e+01
  -2.38177604e+01  -1.29354287e+01  -1.63316529e+01  -1.98340923e+01
  -1.43241318e+01  -8.20947673e+00  -9.72379624e+00  -6.23019873e+00
  -3.46407225e+00  -3.47159882e-01   6.03687161e-01  -8.61483189e-01
  -4.80771322e+00  -9.94849225e+00  -1.33815278e+01  -1.22778074e+01
  -6.55914670e+00   5.10245151e-01  -6.98422457e+00  -1.40582087e+01
  -1.36388915e+01  -1.47454005e+01  -1.63697946e+01  -1.72246122e+01
  -2.55140515e+01  -3.08110808e+01  -2.72018539e+01  -1.62059671e+01
  -1.07137543e+01  -7.60026344e+00  -1.34859926e+01  -1.86588327e+01
  -8.89388434e+00  -5.77975765e+00  -6.59182816e+00  -4.91270363e+00
  -1.89237327e+00  -3.72721572e+00  -1.19083606e+01  -1.47032064e+01
  -1.51389771e+01  -1.83555434e+01  -1.05482101e+01  -6.52215876e+00
  -9.85826433e+00  -7.09419233e+00  -8.11048794e+00  -9.75710715e+00
  -7.48164259e+00  -2.71218226e-01  -2.30729871e+00  -8.02140557e+00
  -6.95489947e+00  -5.75306304e+00  -4.76963395e+00  -3.92436180e+00
  -5.00858877e+00   6.11603892e-01   2.06576527e+00  -3.76763237e+00
  -1.82423952e+00   2.97099571e+00   4.05474977e+00   5.70683193e-01
  -2.64470608e+00  -3.27964541e+00  -5.49776379e+00  -4.79086866e+00
  -3.07478454e+00  -7.30105924e-01  -5.78241389e+00  -8.52962748e+00
  -8.66031429e+00  -7.61637930e+00  -6.41186192e+00   4.11697389e+00
   1.47688988e+01   1.12090536e+01   7.72093901e+00   5.03843817e+00
   4.19337271e+00   3.34418482e+00  -4.11444959e+00  -5.94219110e+00
  -4.59029509e+00  -3.73472767e+00  -6.86665450e+00  -3.24306285e+00
   8.40994602e+00   9.77796550e+00   8.99698932e+00   9.18912437e+00
  -6.88791159e-01  -2.70086368e+00  -6.91935770e+00  -1.11278344e+01
  -1.29694984e+01  -1.10591054e+01  -1.57764856e+01  -1.46445338e+01
  -9.29243667e+00  -8.74583256e+00  -2.30443769e+00   1.70856391e+00
  -1.14406734e+00   9.54971460e-01  -2.76475517e+00  -1.08931134e+01
  -6.75888185e+00  -2.77992933e+00  -1.35287368e+00  -3.76508400e+00
   7.22749461e-01  -1.86315471e-02   5.87802137e+00   1.16666441e+01
   1.01594591e+01],[ -7.28306304e-14  -7.28306304e-14  -7.28306304e-14   1.27185583e+01
   1.07610669e+01   8.07644231e+00   2.54484660e+00  -2.02802212e+00
   5.86463683e-01   2.59775175e+00   1.79982160e+00  -4.39168690e+00
  -5.36395815e+00  -3.83852997e+00  -1.36506030e+00   1.24735136e+00
   8.95196627e-01  -3.78777827e+00  -5.74435003e+00  -5.21325372e+00
  -4.68463219e+00  -3.72966328e+00  -3.55518959e+00  -7.76637260e+00
  -1.23416336e+01  -1.33930068e+01  -1.45142348e+01  -1.28872148e+01
  -1.36231784e+01  -1.24182917e+01  -1.12039715e+01  -9.44448596e+00
  -4.34845030e+00  -6.32350914e+00  -1.10505280e+01  -1.04611924e+01
  -9.29676474e+00  -6.82324584e+00   3.05419687e+00   3.93904765e+00
   4.73215629e+00   8.73408987e+00   1.11278781e+01   1.63027078e+01
   1.55807105e+01   1.24391849e+01   1.25926295e+01   1.15954444e+01
   7.00625599e+00   1.76744095e+00  -2.45990783e+00  -6.37463416e+00
  -9.10280329e+00  -6.01180519e+00  -5.55598674e+00  -8.15042582e+00
  -1.30671681e+01  -2.03361602e+01  -2.62452463e+01  -2.00628283e+01
  -1.27541127e+01  -7.01388428e+00  -3.14834189e+00  -8.87265767e-01
  -3.15248202e+00  -6.72629867e+00  -6.93576951e+00  -2.04409957e-01
  -6.76171841e-01   6.40461116e+00   9.52908035e+00   8.72387947e+00
   7.07905781e+00   9.05550705e+00   7.75483305e+00   5.85823665e+00
  -3.12254448e-01  -3.88154256e-01   3.65710365e+00   2.79541485e+00
  -5.95800414e+00  -3.95744501e+00   5.57977032e+00   6.37329810e-02
   5.65989223e-02   2.33666183e+00   2.06893383e-01  -5.94401766e+00
  -2.79976110e+00  -6.92081333e+00  -7.78139983e+00  -1.10697127e+01
  -1.25934556e+01  -7.03886327e+00  -2.72187696e+00  -3.96791508e+00
  -3.14159370e+00  -1.03385308e+00  -2.43457152e-01   1.12106772e+00
  -2.11996445e+00  -2.39776888e+00  -2.82009618e+00  -3.55098790e+00
   3.16570152e+00   6.69247885e-01  -5.69319807e+00  -9.96854637e+00
   1.37328089e+00   5.70624229e+00   8.11727050e+00   6.74314527e+00
   1.23615904e+01   4.64159908e+00  -2.68876198e+00  -9.46766101e+00
  -1.35870984e+01  -1.57156598e+01  -1.18483622e+01  -1.23267762e+01
  -1.33095103e+01  -1.18361144e+01  -3.22806384e+00   6.25055257e-01
  -3.47873967e+00  -1.21130793e+01  -1.28590921e+01  -1.28841262e+01
  -1.33714009e+01  -1.41576349e+01  -1.19936313e+01  -9.72715891e+00
  -1.52949923e+01  -1.87425282e+01  -1.12306323e+01  -6.81619267e+00
  -1.06144791e+01  -1.22906908e+01  -9.32909598e+00  -7.01139190e+00
  -6.74106698e+00  -8.24035425e+00  -1.19809790e+01  -2.06613823e+01
  -2.69681444e+01  -2.49180632e+01  -2.31311165e+01  -2.47573868e+01
  -1.83011073e+01  -1.51710908e+01  -1.52881405e+01  -5.50934134e+00
  -1.18524932e+00  -1.86016998e+00  -1.37268039e+00  -5.31292168e+00
  -4.84465220e+00  -2.38664118e+00  -2.73104209e+00  -3.49737593e+00
   4.19921316e-01   2.72517316e+00  -5.98193135e+00  -1.18033019e+01
  -1.40393578e+01  -1.64512053e+01  -1.37505441e+01  -1.55341306e+01
  -1.13173567e+01  -1.05849301e+01  -1.15991164e+01  -6.37251911e+00
  -6.60570043e+00  -7.66677192e+00  -1.10347055e+01  -1.49316366e+01
  -9.24369552e+00  -7.16522934e+00  -5.65196868e+00  -4.17546071e+00
  -4.01085927e+00  -8.82121746e+00  -1.64499173e+01  -2.21313014e+01
  -2.55147663e+01  -2.96501129e+01  -2.80586226e+01  -1.86423771e+01
  -1.48360352e+01  -1.22931595e+01  -1.45703241e+01  -1.50037898e+01
  -1.62489362e+01  -8.89675359e+00  -6.64616298e-01   1.14934534e+00
   5.36842972e+00   6.94740517e+00  -5.67639771e-01  -7.68960365e+00
  -1.00220415e+01  -1.20442721e+00   1.04651877e+00   1.22407817e+00
   5.39936333e-01   7.87287818e+00   9.19580140e+00   5.40510394e+00
   6.74554792e+00   4.88109685e-01  -2.24993259e+00  -4.57051312e+00
  -3.76982469e+00  -7.13743838e+00  -1.46496736e+01  -1.70606424e+01
  -2.03382511e+01  -2.09677196e+01  -1.92745197e+01  -1.28320699e+01
  -7.08777865e+00  -6.98847541e+00  -1.28830516e+01  -9.43636324e+00
  -7.72501161e+00  -1.08714149e+01  -1.46272662e+01  -8.53744696e+00
   4.61936453e+00   6.40594418e+00   3.07315862e+00   4.17157778e+00
   1.57933140e+01   2.03419945e+01   1.29577180e+01   8.24999718e+00
  -4.16333357e-02   2.66119350e+00  -8.26761992e+00  -1.04240063e+01
  -8.00675511e+00   1.85052038e+00   8.22120691e+00   6.82581943e+00
   9.02046208e-01  -1.82851886e+00   3.59750819e+00   4.70588788e+00
   6.19421202e-01   3.64350877e+00   6.40399440e+00  -6.60637239e-01
  -2.46631990e+00  -6.55743030e+00  -9.79821322e+00  -1.03324627e+01
  -4.47260851e+00   2.29699087e-01   6.63081231e+00   1.35270357e+01
   9.08515265e+00],[ -7.81597009e-14  -7.81597009e-14  -7.81597009e-14   1.45492934e+01
   1.29903413e+01   1.20937435e+01   1.09666840e+01   1.23334709e-01
  -4.05601453e-01   8.23343771e+00   6.60940861e+00   1.28840835e+00
   9.43120753e-01   3.20555098e+00  -5.75501304e-01  -6.52104310e+00
  -7.84783005e+00  -2.94280003e+00   3.08767975e+00  -1.14818207e+00
   2.16977728e+00   6.27202593e+00   4.88854687e+00  -7.14286353e+00
  -1.55377243e+01  -1.10647658e+01  -2.50493391e+00   1.51791673e+00
   2.33719410e+00   8.61924058e+00   9.27827723e+00   7.41656710e+00
   5.16013784e+00  -1.46235699e+00  -6.91582733e+00  -1.08403778e+01
  -5.22874617e+00  -3.45814979e+00   3.57139926e+00   5.04009973e+00
   3.06133634e+00  -1.43395806e+00  -5.23188475e+00  -2.24610101e-02
   7.28446268e+00   3.94850660e+00   2.11582006e+00   7.87121827e+00
   9.08691559e+00   8.59256865e+00  -9.31640411e-01  -3.00638201e+00
  -1.03553822e+01  -6.98498385e+00  -5.38296545e+00  -3.97277497e+00
  -8.33837914e+00  -8.89104543e+00  -9.30787491e+00  -1.02148385e+01
  -1.18757858e+00   7.68659782e+00   1.24745561e+01   1.65947223e+01
   3.40023471e+00  -2.25098590e-01   3.67138229e-01   2.58170000e+00
  -7.59644512e-01  -5.06763244e+00   7.16995384e-01   3.96278592e+00
   1.95090532e+00   1.66667175e+00   2.88675380e+00   6.23237796e+00
   2.11364143e+00   2.23176584e+00   8.40957651e+00   9.78702568e+00
   2.98378988e+00  -4.45071762e-01   5.22435850e+00   2.73502693e+00
   5.00205280e+00  -9.38717293e-01  -2.73914744e+00  -4.02845045e+00
   6.12874792e+00   3.58814609e+00  -3.08095697e+00  -6.85313720e+00
  -2.06950379e+00  -7.86037294e-01  -3.67607559e+00   1.87253412e-01
   7.09734385e+00   5.84350411e+00   3.62463662e+00   3.26258286e+00
   3.45415658e+00   4.23301090e+00   6.99255404e+00   6.71537545e+00
   1.35138150e+01   2.24146366e+01   1.97133545e+01   5.13800260e+00
   1.25450380e+01   1.35623110e+01   6.45252415e+00  -3.54217080e+00
  -7.19938921e+00  -1.19331810e+01  -1.60764525e+01  -1.97197426e+01
  -1.92333929e+01  -1.78062302e+01  -2.08778641e+01  -9.35992602e+00
  -5.71696922e+00  -8.52669549e+00  -3.41205982e+00   6.25578775e-01
   3.81286946e+00   2.78202310e+00   6.46874159e+00   1.19773272e+01
   1.33347375e+01   6.18391170e+00  -3.69918608e+00  -3.60989861e+00
   4.17110005e-01   8.46383530e-01  -3.41527218e+00  -5.74562913e+00
  -6.98700303e+00  -6.50004675e+00  -9.00184960e+00  -1.10289631e+01
  -8.24338102e+00  -7.73668116e+00  -4.98550581e+00  -6.90950459e+00
  -6.79319952e+00  -9.86813712e+00  -8.16080700e+00  -1.29454474e+01
  -1.29099561e+01  -6.92127761e+00  -6.93537345e+00   2.28341574e+00
   2.45899681e+00  -2.45718091e+00  -6.12042677e+00  -2.22768398e+00
  -1.91052128e+00  -7.28325719e-01  -2.80767910e-01  -3.34945517e+00
  -2.77297998e+00   3.04095642e+00   5.40641494e+00   7.29156687e+00
   1.08936176e+01   8.40372674e+00   7.74335553e+00   2.63006884e+00
   4.76185346e+00   3.67015093e+00  -5.99138477e-01   3.51409350e+00
   3.97530770e-01  -1.72990921e+00  -1.29809545e+00  -7.61572468e+00
  -6.97922605e+00  -1.79298816e+00  -1.27559410e+00   8.13033446e-01
   5.76133037e+00   5.93314443e-01  -5.56625879e+00  -6.23368999e+00
  -8.03584296e+00  -1.31100023e+01  -1.16322874e+01  -3.07827053e+00
  -6.00176045e+00  -6.01888118e+00  -2.30132863e+00  -4.53543768e-01
  -3.63103789e+00  -7.98443657e-01   5.95485914e+00   1.51130870e+01
   1.90847935e+01   1.55977899e+01   6.14775563e+00  -1.53239873e+00
  -6.28424437e+00   2.20088779e+00   2.11258058e+00   2.52317851e+00
  -1.68862148e+00   1.18865928e+00  -3.87883862e+00  -7.61007602e+00
  -4.58867348e-01  -3.02968026e+00  -1.13602361e+00  -1.18886939e+00
  -2.02696906e+00  -5.40255074e+00  -1.58654914e+01  -2.06356990e+01
  -1.39901767e+01  -3.20710685e+00   1.65063062e+00  -1.76025122e+00
  -1.34985221e+01  -7.74350923e+00  -3.43058662e+00  -1.20021868e+00
   1.12443222e+00   1.86643952e+00   6.42484673e-01  -5.48140817e+00
  -4.69244500e-01  -2.98453366e+00  -4.44274642e+00  -2.30491192e+00
   5.70739794e+00  -5.10968745e-01  -5.38246687e+00  -5.70097334e+00
  -9.00162941e+00  -2.95522155e-02  -2.10410467e+00  -3.84158585e+00
  -4.24316226e+00   1.70554371e+00   2.38143061e+00  -1.54627737e+00
  -4.28704171e+00  -9.49571788e+00  -2.21601894e+00   1.47978273e+00
   7.37298216e-01   8.19450086e+00   1.52733694e+01   1.66552478e+01
   7.16931837e+00   1.98318501e+00   5.04581738e-02  -2.90949400e+00
  -5.44784625e-01   4.15539166e+00   5.91197660e+00   8.07932829e+00
  -2.81189953e-01],[  1.59872116e-14   1.59872116e-14   1.59872116e-14   1.29796454e+01
   1.39482550e+01   7.88863581e+00   1.03009993e+01   1.41927838e+00
  -2.15534443e-01   7.38726268e+00   1.20273404e+00   2.00190300e+00
   4.37878944e+00   2.25822805e+00  -7.21502323e-02  -4.46604180e+00
  -4.57356026e+00  -2.75460843e+00   2.31497391e+00   1.06365856e+00
   5.91579798e+00   6.22742247e+00   6.29282029e+00   6.82948529e+00
   7.61559823e+00   8.39731733e+00   7.82950848e+00   6.21322048e+00
   2.52994451e+00   4.87310353e+00   7.47593162e-01   6.68854668e-02
  -3.04645679e-01  -1.84291846e+00   1.13535459e+00   1.71104830e+00
  -2.55753267e+00  -2.43688361e+00   1.28002192e+00   5.55646312e+00
   6.68030265e+00   5.18211814e+00   4.10660860e+00   1.38430612e+01
   2.04229321e+01   1.35499630e+01   1.26461348e+01   1.81267816e+01
   1.29923173e+01   8.94391576e+00   5.17536085e-01  -2.93043269e-02
  -2.30888824e+00  -3.80418987e+00   2.01047737e+00   1.05162771e+01
   1.63754003e+01   1.65969592e+01   1.11927691e+01   3.06133274e+00
   1.97709996e+00  -1.19235160e+00   1.05018268e+00   8.38144936e+00
   1.48973858e-01  -2.27685371e+00  -2.83153394e+00  -6.83793549e+00
  -3.11640260e+00   1.63283811e-01   5.11402794e+00   5.27478365e+00
   3.48896868e+00   5.81941042e+00   8.44187344e+00   9.06461177e+00
   5.94687849e+00   5.69650353e+00   8.25646369e+00   1.13651089e+01
   6.44126905e+00   3.63398934e+00   7.45636732e+00   1.16684088e+01
   1.15693661e+01  -2.96219109e+00  -2.88136357e+00   5.52064692e+00
   9.06520588e+00   7.85510826e+00   7.54704201e+00   5.02564550e+00
   2.11849043e+00   1.26509464e+00  -1.44321317e+00   1.63976152e+00
   5.01732554e+00  -3.04598294e-01   2.44436023e+00   5.95629475e+00
   5.01801485e+00   3.63103084e+00  -2.74835392e+00  -1.15289877e+01
  -4.62131076e+00   6.20139755e+00   8.94771145e+00  -1.54765848e+00
  -6.87741831e-01   7.25238314e+00   6.04852492e+00   3.02209305e+00
   5.85222383e+00   5.56807821e+00   7.47573114e+00   5.39938088e+00
   1.56548623e+00   4.13664216e+00   1.03533206e+00   3.24565389e-01
  -6.91149926e-01  -1.42739890e+00   3.47359472e+00   5.13843361e+00
   1.03466457e+01   9.73166925e+00   9.76704344e+00   1.03646614e+01
   8.14627522e+00   5.33080980e+00   5.21336296e+00   1.32309961e-01
   2.63525985e+00   3.54838708e+00  -4.95256466e+00  -7.56814071e+00
  -4.33269854e+00  -3.66133015e+00  -9.13335041e+00  -7.17655881e+00
   2.09434144e+00   3.15948398e+00   1.81543781e+00  -5.46612606e-01
   5.34038898e-01   1.06434944e+00   2.57455040e+00   1.89524911e+00
  -1.34289685e-01   1.80511758e-01  -9.08429850e-01  -1.64282656e+00
  -3.10977331e+00  -8.90186170e-01   4.25260688e+00   1.49273034e+01
   2.01108161e+01   1.67534144e+01   1.59145198e+01   1.49838976e+01
   1.63858848e+01   1.19388229e+01   1.05571588e+01   1.57482500e+01
   1.81621018e+01   1.59712983e+01   1.34947677e+01   1.45428170e+01
   1.39671338e+01   8.17100470e+00  -1.21132072e+00   3.33187452e+00
   5.08505072e+00   6.64401623e+00   4.30830684e+00  -2.93772370e+00
  -2.98789304e+00   6.09455226e-01  -2.18756729e+00   4.33015305e-01
   6.07682777e+00   4.50485950e+00   2.71348317e-01  -2.50469477e-01
  -3.99705517e-02   2.14507222e+00   2.13123219e+00  -4.43105117e+00
  -5.48533138e+00   3.28138767e-01   6.12845746e+00   2.57890386e+00
  -2.36883650e+00  -4.07356843e+00  -4.66742635e-01   1.28488850e+00
   6.16616961e+00   4.51870144e+00   8.38226117e+00   1.07270883e+01
   9.64567028e+00   2.60310417e-01  -8.11376264e-01   4.46168262e+00
   6.99367272e+00   1.07813019e+01   6.58709568e+00   4.42027228e+00
   1.11475637e+01   1.25201537e+01   1.35744414e+01   1.25534508e+01
   9.54271621e+00   9.59679661e+00   1.46529857e+00  -4.27417424e+00
  -4.68821005e+00  -1.29407771e+00   1.51902637e+00  -4.25883635e+00
  -8.81386329e+00  -3.65400502e+00   2.37330354e+00   1.10828452e+00
   1.92348687e+00   7.92578012e-01  -7.14709104e-02  -4.61679341e+00
  -9.36956747e+00  -9.20656284e+00  -4.45125382e+00  -3.96822018e-01
   1.48209294e+00  -2.79545092e+00   9.43220347e-01   3.11287325e+00
  -6.78187104e+00  -2.86616381e+00   9.71307565e-01   1.65569183e+00
   1.48074043e+00   1.98575478e+00   1.26427629e+00   5.20339803e-01
   4.75353923e-01   8.89227161e-01   1.08341110e+00   8.12291086e-01
   6.01740715e+00   1.99143408e+01   2.49827229e+01   1.99287555e+01
   1.31134817e+01   1.76715957e+01   1.81890459e+01   1.21363556e+01
   2.34648435e+00  -3.34609625e+00   3.58848424e-01   6.81395562e+00
   4.91277328e+00],[  3.99680289e-14   3.99680289e-14   3.99680289e-14   7.72819625e+00
   9.40498851e+00   5.68608326e+00   1.11097661e+01   7.70741966e+00
   2.47720135e+00   8.77373761e-02  -7.81531770e+00  -5.72053979e+00
  -2.52597893e+00  -5.18077742e+00  -6.82151997e+00  -8.68372033e+00
  -5.04002051e+00  -3.29308048e+00  -2.60967716e+00  -5.33126575e+00
  -1.32788720e+00  -9.45873723e-01  -7.76175429e+00  -7.13282816e+00
   6.25010843e-01  -4.47306735e-01  -1.83733381e+00  -4.80371699e+00
  -4.93315453e+00  -3.76437632e+00  -1.31961935e+01  -1.48297492e+01
  -1.27182679e+01  -5.69603750e+00  -1.54717650e+00  -4.17449193e-01
  -6.14134487e+00  -2.21299208e+00  -4.19660051e+00  -3.66173222e+00
   3.09903214e+00   4.67361437e+00   3.48307517e+00   6.47700972e+00
   5.18531353e+00   6.53949457e+00   1.08665705e+01   1.04632009e+01
   5.62336694e+00   3.11046574e+00  -5.30019812e+00  -9.48681338e+00
  -8.42476840e+00  -4.03031670e+00  -2.86153749e+00  -2.09656225e-01
   4.79708538e+00   1.00100688e+01   6.84059861e+00   2.39910793e-02
  -5.41510252e+00  -6.60165293e+00  -2.94820368e+00  -3.27143180e+00
  -2.78036397e+00  -1.18893750e+00  -1.75744811e+00  -4.49091080e+00
  -2.41914246e+00  -3.54681851e+00  -3.58796696e+00  -3.77683823e+00
  -7.99223137e-01   7.28548730e+00   5.99654261e+00   2.75623784e+00
   6.75420865e+00   8.27449495e+00   7.47817790e+00   8.47069503e+00
   4.09987570e+00   4.88393448e+00   9.73456559e+00   1.34330154e+01
   1.81894262e+01   6.87654797e+00   4.58314709e+00   9.08054469e+00
   4.29513239e+00  -2.23228897e+00   6.06787406e-01  -3.11548324e-01
  -2.31770339e+00  -6.64256150e+00  -9.96954824e-01   4.60861901e-01
   4.53228043e+00   2.82514167e+00   5.92419151e+00   8.57382160e+00
   9.14995374e+00   1.54282869e+01   1.28276436e+01   1.10517400e+01
   1.47305808e+01   1.74140493e+01   1.22727170e+01   4.15881449e+00
   3.86815190e-01  -3.32276708e-02  -3.78909424e+00  -5.06938893e+00
   1.20894631e+00   3.29231238e+00   1.79510462e+00   1.09037763e+00
   2.39978512e+00   6.61077924e+00   7.53821484e+00  -5.57847175e+00
  -1.07101077e+01  -1.42521268e+01  -1.96871551e+01  -2.26163471e+01
  -2.23795346e+01  -2.11861588e+01  -1.53502103e+01  -1.07261977e+01
  -3.92128326e+00   4.87378460e+00   1.53740208e+01   8.32793646e+00
   3.84822403e+00   4.25813136e+00   1.06586544e+00   1.51003072e+00
   2.01786907e+00  -1.90208583e+00  -5.41878722e+00  -5.41633632e+00
   9.20296639e-03  -2.84475508e+00  -4.23963437e+00  -1.78401465e+00
   6.55685762e-02   1.89053320e+00   5.98099736e+00   6.61370591e+00
   6.69397553e+00   3.40371960e+00   5.97495882e+00   3.28429441e+00
   1.84842205e+00  -1.21780127e-01   1.07712235e+00  -5.23874318e+00
  -5.02368685e+00  -8.33972372e+00  -9.31949719e+00  -8.65606715e+00
  -7.53446454e+00  -1.47192930e+01  -1.95938013e+01  -1.17951515e+01
  -1.01201098e+01  -6.91276718e+00  -5.63585246e+00   3.49029921e+00
   8.78553805e+00   4.18412140e+00   2.59150830e+00   6.35935384e+00
   6.94132893e+00   1.28039374e+01   1.29852595e+01   7.66370187e+00
   7.14022663e+00   6.44863757e+00   6.34160132e+00   5.72812736e+00
   3.79232636e+00   1.81014748e+00  -2.22343154e+00  -6.59129437e+00
  -7.24884359e+00  -2.41672522e+00  -5.67873234e+00  -6.91419995e+00
   1.90352091e+00   6.47489997e+00   5.33184914e+00   1.75182954e+00
   5.55447589e-02  -6.09324772e+00  -5.34052683e+00  -6.53347463e+00
  -6.95291332e+00  -9.32421664e+00  -1.07628439e+01  -1.00856120e+01
  -6.50918597e+00  -1.14257257e+01  -7.21254446e+00   1.95044239e+00
   5.90203117e+00   1.46174237e+00   3.96522590e+00   2.57797938e+00
   2.40613911e-01   5.32193172e-01  -4.06623715e+00  -6.41230819e+00
  -4.76850598e+00  -2.40732179e+00  -9.58812120e+00  -6.60319423e+00
  -3.32879637e+00  -4.13099800e+00  -1.03414914e+01  -1.84130342e+01
  -1.27760952e+01  -9.23482234e+00  -5.84754271e+00  -1.08163782e+01
  -1.08429998e+01  -9.61582695e+00  -3.73848364e+00  -8.95178550e-01
  -2.79226618e+00  -1.45157128e+00   8.96579039e-01   4.09737942e+00
   2.73380076e+00   2.40810216e-01   5.63257306e+00   1.05946431e+01
  -2.42166316e+00  -6.69495049e+00  -9.61100362e+00  -1.11842597e+01
  -1.11812080e+01  -1.02923047e+01  -3.93974993e+00   1.53975528e+00
  -2.81151867e+00  -1.42300418e+00  -3.38459527e+00  -1.52572239e+00
   7.95383586e-01   3.44102814e+00   5.20092254e+00   7.48466205e-01
  -4.71546391e+00  -7.85570885e-01  -1.24314122e+00  -4.15752820e+00
  -1.00417966e+01  -6.72518674e+00  -3.87269535e+00   5.25628219e+00
   3.02970267e+00]