[-833.88800466 -824.97868698 -798.79597587 -723.47477152 -647.0692975
 -592.75051695 -510.58892288 -492.50024296 -517.44026217 -519.5037947
 -520.75578624 -529.47151549 -530.08015068 -519.6374541  -516.99881438
 -515.22229706 -516.65104294 -524.21956324 -544.19076293 -571.61576775
 -585.55438962 -579.92583249 -574.45912314 -540.52814063 -512.79296998
 -496.66299471 -498.01836196 -529.23967118 -587.1959353  -617.54301926
 -633.21453211 -636.4147977  -638.73441331 -638.64775135 -634.1870555
 -631.83577901 -634.65610547 -635.03129616 -615.60060552 -547.62632127
 -460.84075754 -466.1802686  -542.46792928 -560.84286103 -554.22876629
 -555.64403334 -566.74288268 -580.26503687 -608.04078427 -622.85919822
 -634.27529195 -643.25827519 -647.96183484 -655.91841221 -654.66085975
 -645.60151363 -603.76369309 -567.1084113  -560.75034707 -573.19974486
 -580.2897413  -571.23221909 -566.44267604 -576.25070368 -597.49888293
 -626.72534912 -641.37351456 -648.90638325 -650.57528695 -641.3320708
 -624.28660517 -573.43596051 -489.09753896 -448.79067936 -446.37092983
 -443.96920313 -442.94136739 -457.20466451 -461.22216923 -458.15257422
 -450.74522178 -457.36943519 -469.48593629 -460.78118592 -460.27281209
 -463.00927025 -480.71654592 -492.93361972 -499.02727119 -518.89916519
 -539.05198941 -529.51375628 -494.68345583 -475.7187721  -471.78844458
 -474.11292782 -475.77408221 -487.30269396 -515.16156021 -548.24069097
 -581.45829762 -579.92222845 -560.38567598 -544.36237467 -527.19562845
 -516.9056944  -510.29097758 -497.60865118 -488.67386049 -491.7030881
 -489.97163224 -487.99261212 -500.645183   -504.31277118 -509.36270703
 -521.87135488 -533.80329297 -534.11750161 -539.9117953  -548.76427004
 -579.08892179 -582.23423994 -572.16501614 -558.24266615 -547.9061724
 -539.23228881 -525.78554512 -510.86533805 -498.26149846 -493.95675181
 -498.26201505 -501.55032478 -482.07203475 -470.19924036 -476.19382315
 -474.24311975 -487.03915112 -506.11996101 -518.0378804  -518.84256326
 -504.0549052  -487.83603827 -488.91166782 -490.67645445 -500.13363694
 -509.55846859 -519.17701507 -532.81851346 -549.49633839 -565.13496028
 -569.76960944 -570.03390405 -563.3507494  -554.73231301 -554.26458404
 -542.54187638 -536.89580079 -541.78851671 -563.54644161 -595.53641697
 -608.34300811 -598.92309202 -579.62988161 -553.14466505 -537.55256413
 -528.56021481 -533.62513873 -541.66338632 -556.115316   -563.63374328
 -546.33350358 -510.76387549 -469.11798202 -444.97394971 -456.47560202
 -494.48452745 -498.60061017 -491.90645446 -493.5517203  -490.06779234
 -492.95067006 -490.2096548  -489.45542007 -485.62816417 -484.31099667
 -487.57445748 -498.58088365 -501.16147431 -511.63657836 -495.07229005
 -473.88820908 -460.26320064 -457.32515634 -459.95170396 -470.23881273
 -476.60105488 -483.97174891 -479.63806411 -483.37408691 -490.02369116
 -508.44048376 -518.4172474  -507.86228859 -510.9654553  -524.36069054
 -541.2112217  -568.18443037 -588.85590079 -605.43971916 -608.25626748
 -616.18938658 -615.0064855  -603.59361495 -561.9170189  -537.31385072
 -523.81545263 -517.34181403 -519.34849601 -537.07005319 -572.29251695
 -620.69714733 -641.77965514 -653.0015062  -654.95694865 -652.94735652
 -648.42068758 -642.99839448 -631.69601898 -599.7669825  -513.51071192
 -461.35719893 -454.15624596 -457.98095518 -454.94203681 -454.6652568
 -438.99766801 -447.51376785 -471.98979244 -489.28079127 -478.46160819
 -469.3041615  -474.49376583 -483.70871822 -491.74161723 -502.15584875
 -499.37239877 -491.67371001 -484.21373729 -469.73032042 -463.15921891
 -472.38237042 -473.76461031 -483.3783708  -500.3779396  -531.00955316
 -557.00753661 -566.15537548 -572.54753103 -590.39302696 -623.30990423
 -649.98921309],[  1.42938580e-01   4.44732120e+00   1.06439778e+01   7.57445782e+01
   1.18849822e+02   1.27634592e+02   1.52042422e+02   1.62850524e+02
   1.67977326e+02   1.84938571e+02   1.85873502e+02   1.74807604e+02
   1.74361606e+02   1.75072287e+02   1.72163358e+02   1.70726398e+02
   1.68178075e+02   1.63977735e+02   1.61195145e+02   1.61335439e+02
   1.60241072e+02   1.63493812e+02   1.60700564e+02   1.64801761e+02
   1.67818610e+02   1.73045947e+02   1.85130860e+02   1.83431015e+02
   1.55170319e+02   1.31282757e+02   1.14819829e+02   1.07187771e+02
   1.06575484e+02   1.04483846e+02   1.03467317e+02   1.03492955e+02
   9.75917466e+01   8.96789128e+01   9.34091278e+01   1.10641626e+02
   1.48306333e+02   1.57927283e+02   1.53900541e+02   1.62860669e+02
   1.80913293e+02   1.86445779e+02   1.81007290e+02   1.76414211e+02
   1.68738749e+02   1.65508030e+02   1.54051263e+02   1.41096376e+02
   1.33816369e+02   1.24717243e+02   1.20678471e+02   1.15917611e+02
   1.16522261e+02   1.28044186e+02   1.32177514e+02   1.24262093e+02
   1.23581203e+02   1.34858354e+02   1.42191148e+02   1.46114156e+02
   1.48766637e+02   1.35619560e+02   1.21972691e+02   1.17724830e+02
   1.17154802e+02   1.09472683e+02   1.10838046e+02   1.26036880e+02
   1.74445093e+02   2.06918270e+02   2.10912586e+02   2.13997367e+02
   2.16615550e+02   1.98480896e+02   1.99297874e+02   2.02321268e+02
   2.07087011e+02   1.92845381e+02   1.80104316e+02   1.79916140e+02
   1.77682421e+02   1.79584260e+02   1.70925414e+02   1.53000642e+02
   1.45898135e+02   1.30934805e+02   1.06685845e+02   8.88370287e+01
   7.35487309e+01   5.96913903e+01   5.66638141e+01   5.62704678e+01
   6.18389898e+01   7.19627535e+01   8.03291983e+01   9.37879325e+01
   1.08791322e+02   1.21527227e+02   1.43525941e+02   1.56493346e+02
   1.62093914e+02   1.50138670e+02   1.35633139e+02   1.11609286e+02
   8.17592676e+01   5.68202881e+01   4.98514799e+01   4.71911792e+01
   3.89834766e+01   5.15141628e+01   7.20958990e+01   9.97264507e+01
   1.34300420e+02   1.64455103e+02   1.70557519e+02   1.65697686e+02
   1.51830117e+02   1.62025373e+02   1.68739681e+02   1.71370404e+02
   1.71483990e+02   1.75455811e+02   1.84097040e+02   1.93176001e+02
   1.98439694e+02   1.86620399e+02   1.69469004e+02   1.62130430e+02
   1.62042350e+02   1.34081072e+02   8.09323647e+01   4.87760345e+01
   2.33192938e+01  -1.71064067e+00  -1.65825253e+01  -1.58709981e+01
   2.83265164e+00   2.57854316e+01   4.14085169e+01   5.87279660e+01
   9.36734906e+01   1.38308108e+02   1.59407388e+02   1.68762447e+02
   1.72739438e+02   1.64517969e+02   1.58002155e+02   1.52875898e+02
   1.55937709e+02   1.62269622e+02   1.65101565e+02   1.70132925e+02
   1.70572400e+02   1.68066218e+02   1.59602143e+02   1.41858397e+02
   1.28010231e+02   1.08575971e+02   9.62917982e+01   8.59564312e+01
   7.46240146e+01   6.86069013e+01   6.00426129e+01   5.47408969e+01
   5.20588804e+01   5.33453249e+01   5.60005252e+01   5.76611764e+01
   7.76250637e+01   1.12383700e+02   1.38917599e+02   1.51408406e+02
   1.85169579e+02   1.97745825e+02   1.93382480e+02   1.88846363e+02
   1.79530891e+02   1.76571115e+02   1.73971740e+02   1.65343976e+02
   1.58614450e+02   1.60353034e+02   1.54321332e+02   1.56593893e+02
   1.47115056e+02   1.40157527e+02   1.21938425e+02   9.26085236e+01
   6.14839128e+01   3.81205304e+01   1.97143102e+01   9.02502261e+00
  -2.03394693e+00   4.13165093e+00   1.12686285e+01   3.01564543e+01
   6.06273284e+01   1.07995068e+02   1.55367020e+02   1.70353608e+02
   1.74843596e+02   1.70698383e+02   1.53987799e+02   1.49138047e+02
   1.46429005e+02   1.48154661e+02   1.38270669e+02   1.34972756e+02
   1.28145593e+02   1.35960634e+02   1.44023139e+02   1.50545572e+02
   1.48903961e+02   1.46521909e+02   1.37318932e+02   1.30347656e+02
   1.22134531e+02   1.15608966e+02   1.09787771e+02   1.13040560e+02
   1.17928694e+02   1.12010376e+02   9.80100585e+01   9.60928520e+01
   8.57726087e+01   1.00528483e+02   9.63924419e+01   8.86544673e+01
   9.85575331e+01   1.24786874e+02   1.46452627e+02   1.73753733e+02
   1.92635812e+02   1.89665191e+02   1.81389397e+02   1.91180633e+02
   1.91889786e+02   1.84880097e+02   1.75238831e+02   1.65322793e+02
   1.57046002e+02   1.54516635e+02   1.57404859e+02   1.59056440e+02
   1.74234146e+02   1.84433702e+02   1.87229605e+02   1.88226184e+02
   1.85728789e+02   1.81433154e+02   1.68743383e+02   1.51408746e+02
   1.49245613e+02   1.50474722e+02   1.43432896e+02   1.33309427e+02
   1.20914034e+02],[  1.07910721e-01  -2.54106616e+00  -1.16360125e+01   2.09219069e+01
   2.20907807e+01  -2.71347089e+00  -4.40786434e+01  -4.78298440e+01
  -1.54996714e+01   2.07355923e+01   3.14793419e+01   2.90739093e+01
   3.36182797e+01   3.51538198e+01   3.03315579e+01   2.36879472e+01
   2.26903424e+01   2.37007498e+01   3.10442165e+01   3.61290529e+01
   3.68447214e+01   3.98972585e+01   3.64680069e+01   1.73098543e+01
   1.01454514e+01   6.50779525e+00   1.29128088e+01   2.38276305e+01
   2.72933481e+01   1.89647380e+01   1.29685974e+01   7.10428747e+00
   5.30118288e+00   4.11380059e+00   3.18065253e+00   2.83810940e+00
  -2.48341209e+00  -1.26281330e+01  -2.35873222e+01  -5.53642858e+01
  -7.50184661e+01  -6.50280490e+01  -1.72131868e+01   1.61393353e+01
   3.52086618e+01   4.60787793e+01   5.05358733e+01   4.83681646e+01
   5.35914414e+01   5.20228107e+01   4.71345082e+01   3.69164557e+01
   2.84685954e+01   2.66778032e+01   2.13692740e+01   6.77890494e+00
  -4.63891370e+01  -6.51596080e+01  -6.07046108e+01  -4.78482156e+01
  -2.38506424e+01  -8.13644702e+00  -6.15436998e+00  -4.12741230e+00
   7.41934517e+00   2.17200609e+01   1.06116516e+01   8.09140904e+00
   1.81248352e+01   9.45572194e+00  -9.31493683e-01  -3.45880761e+01
  -4.29419180e+01  -2.01565216e+01   3.28464481e+00   6.16238482e+00
   6.38047096e+00   2.57233171e+00   6.27684561e+00   6.53248723e+00
   4.67707022e+00  -8.64759770e+00  -1.91190016e+01  -2.94101704e+01
  -3.44594168e+01  -2.93525353e+01  -3.26362668e+01  -3.97534233e+01
  -4.45032167e+01  -4.63877754e+01  -4.09101511e+01  -5.40380838e+01
  -8.73454193e+01  -9.92253428e+01  -9.37261136e+01  -9.16453998e+01
  -8.98564368e+01  -8.10960514e+01  -6.56882403e+01  -4.02457543e+01
  -1.50020228e+01   8.56235991e-01   1.24739576e+01   1.49341722e+01
   1.52246440e+01   1.32033139e+01   1.69728853e+00  -1.77777609e+01
  -2.98530318e+01  -3.43208961e+01  -3.40689793e+01  -4.71818334e+01
  -6.32845869e+01  -6.65764269e+01  -6.49382955e+01  -4.97893591e+01
  -1.68713240e+01   1.33086781e+01   2.43169821e+01   2.21705604e+01
   2.05467537e+01   3.00896798e+01   3.02507997e+01   2.08779928e+01
   1.17750583e+01   6.66429354e+00   8.60960124e+00   5.29554779e+00
   7.03073834e+00  -3.75881514e-01  -5.44174597e+00  -6.59105634e+00
  -1.95946823e+01  -3.92897961e+01  -6.12352652e+01  -7.25404689e+01
  -7.39462754e+01  -7.31404496e+01  -7.92441049e+01  -8.38308919e+01
  -8.76955008e+01  -8.95078504e+01  -8.80352312e+01  -8.89865448e+01
  -6.18645655e+01  -1.84922336e+01  -5.13417307e+00  -1.00425568e-01
   2.82068578e+00   7.41903106e+00   1.29737566e+01   1.64920106e+01
   1.36018021e+01   1.29623844e+01   1.46220196e+01   1.05390301e+01
   1.05536902e+01   1.29359178e+01   2.34623154e+01   2.55083346e+01
   2.15653975e+01   2.36667306e+00  -9.79122211e+00  -1.52911191e+01
  -2.39053408e+01  -2.24276861e+01  -1.92134365e+01  -1.30105408e+01
  -1.14316123e+01  -2.05043256e+01  -3.05541569e+01  -4.27252754e+01
  -5.66443340e+01  -5.37391019e+01  -3.70230241e+01  -1.94019895e+01
   1.59044258e+01   2.31448482e+01   1.26159024e+01   2.80333071e+00
  -4.12005433e+00  -6.56022440e+00  -4.06335061e+00  -3.54925095e+00
  -3.46069127e+00   2.48181700e+00   5.01493729e+00   7.64952021e+00
   3.89852176e+00  -1.68701448e+01  -3.83110186e+01  -5.90349352e+01
  -6.38732882e+01  -5.95640046e+01  -5.57095902e+01  -5.35774108e+01
  -5.49948348e+01  -5.91775349e+01  -7.00218052e+01  -7.31623940e+01
  -7.16667294e+01  -4.51234589e+01   2.84125814e+00   1.90596885e+01
   2.41572192e+01   2.69028856e+01   2.18827842e+01   2.56248041e+01
   2.78347259e+01   2.53106514e+01   2.38004501e+01   2.48554534e+01
   2.11642100e+01   1.77541554e+01   1.83056213e+01   1.63704072e+01
   7.60652699e+00   4.35556720e+00  -3.87093135e-02   3.67115216e+00
   9.67208383e+00   1.05724458e+01   1.19315655e+01   1.14616155e+01
   1.19104512e+01   8.24343509e+00   1.48802529e+00   3.56572444e+00
  -9.25887407e+00  -2.88392784e+01  -5.10260282e+01  -6.98215201e+01
  -7.97756242e+01  -7.42343067e+01  -7.21639075e+01  -6.39922599e+01
  -5.08230670e+01  -3.35484808e+01  -2.11400506e+01  -1.57698143e+01
  -1.64607488e+01  -1.69223245e+01  -2.49279809e+01  -2.86661596e+01
  -2.88540505e+01  -3.20411532e+01  -3.51926674e+01  -3.94026651e+01
  -2.98333077e+01  -2.84854286e+01  -3.44044686e+01  -3.68253277e+01
  -2.74542931e+01  -1.68920787e+01  -1.26428004e+01  -1.23049518e+01
  -8.22672145e+00  -1.57680872e+00   6.36601321e+00   1.88590799e+01
   2.78220125e+01],[  6.00175254e-02   2.42072628e+00   9.00990140e+00   3.36381440e+01
   3.85986352e+01   3.91392363e+01   2.75013251e+01   2.59681301e+01
   2.97523831e+01   3.73056357e+01   4.32248248e+01   3.99052001e+01
   3.04175830e+01   3.53973654e+01   3.27208499e+01   2.92236817e+01
   3.65260568e+01   4.85826949e+01   5.70209608e+01   5.75707895e+01
   6.35657293e+01   6.81319192e+01   6.97093629e+01   6.70889417e+01
   6.66255658e+01   6.18672297e+01   5.35272026e+01   4.47307079e+01
   5.13524844e+01   5.79093152e+01   5.71045531e+01   4.66103997e+01
   4.08374948e+01   4.41192794e+01   5.00033705e+01   5.20787287e+01
   4.79772954e+01   4.67921462e+01   4.25870490e+01   4.52222888e+01
   4.87564434e+01   4.60751634e+01   4.83483931e+01   6.70279991e+01
   8.06326347e+01   9.54342029e+01   1.05379771e+02   1.01317894e+02
   8.97842156e+01   7.76753386e+01   6.80206111e+01   5.34947559e+01
   4.13519745e+01   4.08972144e+01   4.60296838e+01   4.71649269e+01
   2.45948603e+01   2.43534070e+01   3.24122857e+01   4.70599507e+01
   7.10548711e+01   8.59195351e+01   8.03718041e+01   6.63200702e+01
   5.71519730e+01   6.38272990e+01   5.20851027e+01   3.81542267e+01
   4.12947617e+01   4.96019856e+01   5.26758921e+01   4.07478378e+01
   4.21618268e+01   5.64692446e+01   6.95313786e+01   5.87840976e+01
   5.41870135e+01   5.64155081e+01   4.72566583e+01   4.34545131e+01
   3.87678812e+01   3.70213278e+01   3.40163039e+01   2.69676005e+01
   2.18014760e+01   2.40925685e+01   2.36986512e+01   2.13716839e+01
   9.06377806e+00   6.92171787e+00   2.78642649e+01   4.78860197e+01
   5.76082622e+01   7.29271042e+01   8.96175315e+01   9.64612431e+01
   9.52086471e+01   8.65979862e+01   7.14533058e+01   6.54256752e+01
   6.02175292e+01   6.73531746e+01   7.61644390e+01   8.13077640e+01
   8.64573545e+01   9.38688030e+01   9.86353973e+01   1.12291824e+02
   1.29138548e+02   1.33925882e+02   1.34923025e+02   1.33599539e+02
   1.26715338e+02   1.07117444e+02   8.63791810e+01   6.60908968e+01
   6.02524780e+01   5.91936257e+01   6.32397255e+01   6.04004225e+01
   5.55988953e+01   4.87344648e+01   4.71735107e+01   4.21216910e+01
   3.37092056e+01   2.59459404e+01   2.65246931e+01   1.84337648e+01
   1.87624316e+01   3.04489818e+01   4.48503627e+01   5.29478218e+01
   5.88357867e+01   8.33689805e+01   1.23844581e+02   1.40896202e+02
   1.54994649e+02   1.79870256e+02   1.83028581e+02   1.77383383e+02
   1.56402045e+02   1.37632626e+02   1.20359651e+02   1.01360206e+02
   9.69437936e+01   9.13464835e+01   8.26185865e+01   7.63598073e+01
   7.65052971e+01   7.66003039e+01   7.84020175e+01   8.22598623e+01
   8.16549147e+01   7.38490417e+01   6.66055724e+01   5.74423641e+01
   5.30934414e+01   4.25996540e+01   3.73432729e+01   4.32090827e+01
   4.88065199e+01   4.00953083e+01   4.04889786e+01   4.22551451e+01
   4.12233397e+01   4.35359728e+01   4.33459526e+01   3.88434561e+01
   3.32790850e+01   2.90164284e+01   3.49377115e+01   4.48349462e+01
   4.39602054e+01   3.91988711e+01   3.80972415e+01   3.71342509e+01
   4.83749213e+01   4.57409139e+01   4.01619497e+01   4.03374842e+01
   4.36015800e+01   4.26033781e+01   4.94895988e+01   6.47797433e+01
   6.83745936e+01   7.17597657e+01   7.96991702e+01   7.86850948e+01
   8.02723299e+01   8.16327134e+01   9.39442611e+01   1.05325539e+02
   1.24262638e+02   1.33660424e+02   1.33432589e+02   1.33549821e+02
   1.35824059e+02   1.31819493e+02   1.19243299e+02   1.06846185e+02
   8.57816423e+01   7.18374657e+01   8.15872937e+01   8.01827619e+01
   7.15617095e+01   6.65096573e+01   5.59141193e+01   4.85721155e+01
   4.37406144e+01   3.53296547e+01   3.23631026e+01   3.13532764e+01
   3.40774624e+01   5.10144889e+01   5.37835183e+01   4.51565018e+01
   3.58306908e+01   3.26380714e+01   3.04961781e+01   2.90629998e+01
   2.94876080e+01   2.90322272e+01   2.89970295e+01   2.62739898e+01
   2.15834493e+01   2.80160571e+01   3.78700350e+01   4.83552292e+01
   6.21562756e+01   7.58114249e+01   9.06097015e+01   8.77813993e+01
   6.28015554e+01   4.70685469e+01   3.61183104e+01   3.79277981e+01
   3.85878001e+01   3.15905739e+01   2.55454037e+01   2.00121897e+01
   2.12441918e+01   2.44769102e+01   2.06602265e+01   1.60965046e+01
   1.10666805e+01   1.02012031e+01   7.41680305e+00   1.89502978e+00
   8.25481920e+00   9.63650163e+00   5.58863210e+00   4.45370114e+00
   1.54949763e+01   2.38329973e+01   2.66417173e+01   3.66983672e+01
   4.67484251e+01   5.25106836e+01   5.30659210e+01   5.06149611e+01
   5.20834885e+01],[  1.19822049e-02   3.07888934e+00   4.96527410e+00   1.36279457e+01
   9.52604139e+00   1.13326447e+01   1.48970370e+00  -5.96614016e+00
  -1.22023107e+01  -1.67453805e+01  -1.13300724e+01  -1.09595114e+01
  -1.65583994e+01  -1.36340505e+01  -1.57856936e+01  -1.78110472e+01
  -1.67075168e+01  -1.22036652e+01  -4.23039342e+00   9.49816675e+00
   1.97256743e+01   1.66402884e+01   1.48282951e+01   5.70932702e+00
  -9.07732320e+00  -2.35767035e+01  -2.86925517e+01  -2.54722274e+01
  -3.19909292e+00   1.23419538e+01   1.53970091e+01   1.61842408e+01
   1.28888608e+01   6.92698472e+00   3.88522193e+00   3.10136850e+00
   3.83432537e+00   6.46407653e+00  -2.15256703e+00  -8.29902198e-01
  -1.19416422e+01  -1.16502598e+01  -5.45014243e+00  -5.73053706e+00
  -3.62515036e+00   4.05175965e+00   1.06890932e+01   1.64571824e+01
   1.94461831e+01   2.76814431e+01   2.74721670e+01   2.52200081e+01
   1.97149400e+01   1.53506010e+01   2.12321579e+01   2.77239116e+01
   3.68358883e+01   3.86184543e+01   3.75168889e+01   3.15737343e+01
   2.54114324e+01   2.53882642e+01   3.00973805e+01   3.28534450e+01
   3.67709044e+01   3.09475979e+01   2.73314481e+01   1.93386680e+01
   1.19510108e+01   1.21052132e+01   9.18156515e+00   9.97638299e-01
  -8.75454522e+00  -2.74753503e+01  -4.63550171e+01  -6.27143643e+01
  -6.30394480e+01  -5.80271778e+01  -6.67381113e+01  -6.74343962e+01
  -6.82632859e+01  -5.81204909e+01  -4.71745010e+01  -4.93485909e+01
  -5.34904389e+01  -4.66789564e+01  -3.28422405e+01  -2.33937263e+01
  -2.58476460e+01  -1.86760832e+01  -9.82888348e+00  -1.73059156e+01
  -2.90901919e+01  -2.55025745e+01  -1.88328712e+01  -1.50765430e+01
  -1.00253990e+01  -5.50057818e+00  -1.08769437e+01  -5.47567042e+00
   3.75894505e+00  -1.96322667e+00   5.15137805e+00   5.48063254e+00
   2.56691285e+00   5.52742039e+00   6.60657563e+00   6.33241266e+00
  -4.88331193e+00  -1.92293725e+01  -2.88624145e+01  -2.55084057e+01
  -1.80660872e+01  -1.93805303e+01  -1.39973094e+01  -1.37040681e+01
  -7.15061567e+00  -1.36639500e+00   1.06683618e+01   1.76772120e+01
   2.74207958e+01   1.69866506e+01   8.17376342e+00   5.02925221e+00
   3.25808672e+00   1.06452240e+00  -8.68060097e-01  -3.15703083e+00
  -9.70912200e+00  -4.80365382e+00   5.04101279e+00   3.57002959e+00
  -2.49071773e+00  -1.00136726e+00   5.74588255e+00  -5.80983723e+00
  -5.89423483e+00   1.11615342e+01   1.11158016e+01   9.34305508e+00
  -5.11939053e+00  -1.53513647e+01  -1.38342113e+01  -7.23129555e+00
   1.20455325e+01   1.64719910e+01   2.64292826e+01   3.65864849e+01
   4.44830842e+01   4.61310596e+01   4.55903052e+01   4.92044452e+01
   5.40489261e+01   4.73227174e+01   4.00779784e+01   3.48235160e+01
   3.24387552e+01   1.76070655e+01   1.08076313e+01   1.86680574e+01
   2.27774100e+01   2.06430034e+01   2.05591241e+01   1.04709878e+01
   2.98007693e+00  -1.00067041e+01  -2.09616775e+01  -2.06395566e+01
  -1.41881179e+01  -8.54168859e+00  -4.64110441e+00  -5.28870903e+00
  -5.86948176e+00  -8.59186768e+00  -2.24279947e+00   8.50552238e+00
   1.32277957e+01   9.75940403e+00   6.97224392e+00   6.56037300e+00
   7.34714650e+00   3.51587286e+00   5.11893815e+00   1.59269153e+01
   2.33649313e+01   2.75271703e+01   2.74026203e+01   2.28670522e+01
   1.87368245e+01   1.11617662e+01   3.91737639e+00  -8.63825502e+00
  -9.98387966e+00  -1.51467057e+01  -2.21850647e+01  -2.37222004e+01
  -2.01852903e+01  -2.55617894e+01  -2.68057176e+01  -1.88704282e+01
  -1.92493701e+01  -1.77467420e+01  -1.25398905e+01  -1.46324959e+01
  -1.72742615e+01  -1.48361618e+01  -1.51209682e+01  -1.52761427e+01
  -1.38481998e+01  -1.10721462e+01  -7.59090596e+00  -9.59235402e+00
  -1.81254117e+01  -1.56370260e+01  -2.08217903e+01  -2.77776020e+01
  -2.97829626e+01  -3.03463968e+01  -2.53756777e+01  -1.52137415e+01
   4.27325321e-01   6.03993481e+00   6.73520387e+00   7.14415733e+00
   5.44059599e-01  -3.85251186e+00  -2.81307743e-01   6.16264788e+00
  -6.09557558e+00  -3.26222424e+01  -4.05690886e+01  -3.70311819e+01
  -3.65990044e+01  -3.00823314e+01  -3.02538522e+01  -3.18441396e+01
  -2.81686721e+01  -2.95744837e+01  -3.50926974e+01  -3.19357632e+01
  -2.41305518e+01  -2.00561791e+01  -1.76575242e+01  -2.27489536e+01
  -2.83340252e+01  -2.69250426e+01  -2.46687649e+01  -2.57926184e+01
  -2.65370662e+01  -2.99782547e+01  -2.91249632e+01  -4.04134095e+01
  -4.06519407e+01  -3.22091029e+01  -2.30120528e+01  -1.19126216e+01
  -8.41900401e-01   6.82565074e+00   1.57635958e+01   2.32932726e+01
   1.92854494e+01],[ -2.35527299e-02  -1.15359615e-01   2.79697739e+00   1.47760738e+01
   2.24825974e+01   3.35298663e+01   3.42983979e+01   3.19905690e+01
   3.54405828e+01   4.21246484e+01   4.96806398e+01   5.52483995e+01
   6.62928946e+01   7.20523386e+01   7.24769855e+01   7.22718467e+01
   6.74780031e+01   5.89988221e+01   4.93753397e+01   5.00984691e+01
   5.66617996e+01   4.77466699e+01   4.41699504e+01   3.81485322e+01
   3.83001516e+01   3.56307492e+01   3.06339974e+01   2.78549054e+01
   2.52462836e+01   2.40954258e+01   2.03389051e+01   2.69175028e+01
   2.66404857e+01   1.81748505e+01   1.47882270e+01   1.35025687e+01
   1.94584974e+01   2.67145564e+01   2.38594159e+01   3.25508978e+01
   2.99571484e+01   2.66758135e+01   1.38356597e+01  -7.59248444e-01
  -1.00567733e+01  -1.57736549e+01  -2.01198889e+01  -1.95683330e+01
  -1.32479671e+01   6.50340937e-01   1.53977818e+01   2.49688993e+01
   2.17291823e+01   1.93791658e+01   2.05893933e+01   2.48741002e+01
   4.02815047e+01   4.59975376e+01   4.99058353e+01   4.32171719e+01
   3.31720496e+01   3.03645626e+01   4.04841548e+01   4.38188765e+01
   3.99619856e+01   2.27989839e+01   2.26776871e+01   2.30922144e+01
   2.38314014e+01   2.44830363e+01   2.34346670e+01   1.42942447e+01
   7.34159161e+00  -6.37394488e+00  -1.43539148e+01  -2.12563045e+01
  -1.78313992e+01  -6.66581990e+00  -1.03962675e+01  -1.20135709e+01
  -9.70782300e+00   1.86801728e+00   1.15345383e+01   1.79893802e+01
   2.11193276e+01   1.33172265e+01   8.98241171e+00   2.16621502e+01
   3.14799731e+01   3.97245065e+01   4.70316012e+01   4.01148440e+01
   3.97839476e+01   5.07608526e+01   5.08508532e+01   4.69015653e+01
   4.69325317e+01   4.88527877e+01   4.62447467e+01   4.45014303e+01
   4.28423933e+01   3.32043701e+01   4.26321070e+01   4.44280359e+01
   4.33935790e+01   5.36373883e+01   5.17075150e+01   5.45839364e+01
   5.23073885e+01   4.90228235e+01   4.91765937e+01   4.65087462e+01
   4.65532998e+01   4.32058763e+01   4.83191527e+01   4.47561252e+01
   4.20103183e+01   4.81155226e+01   4.26928011e+01   3.14206375e+01
   2.80026244e+01   2.58801656e+01   3.05441446e+01   3.61028518e+01
   3.88763251e+01   4.08874263e+01   4.11225928e+01   4.86996192e+01
   5.23059533e+01   5.41795601e+01   5.77036469e+01   5.69594658e+01
   4.84461049e+01   3.65387290e+01   2.95806337e+01   3.03494682e+01
   3.43398497e+01   4.09233761e+01   4.49368310e+01   3.80166385e+01
   3.14029271e+01   2.81581644e+01   2.82314593e+01   3.10857540e+01
   3.91397768e+01   3.60575724e+01   3.47280625e+01   3.51800110e+01
   2.73737889e+01   3.06363416e+01   4.11133314e+01   4.99414805e+01
   4.70496413e+01   5.05120193e+01   5.29250487e+01   5.77907636e+01
   6.17529532e+01   5.22732290e+01   4.44466540e+01   3.75238613e+01
   3.23219670e+01   4.07563419e+01   4.15240961e+01   4.21446323e+01
   4.65484829e+01   5.31751077e+01   5.14274336e+01   5.19659360e+01
   4.95638777e+01   4.39803497e+01   4.60617626e+01   5.34472724e+01
   4.91322397e+01   3.58370788e+01   3.16466942e+01   3.19665171e+01
   3.68838868e+01   4.04729191e+01   4.04884899e+01   4.11886767e+01
   4.42511686e+01   4.21940719e+01   4.22620230e+01   4.84002321e+01
   6.38130623e+01   7.17483522e+01   7.06737127e+01   6.35686132e+01
   5.48359185e+01   4.34438737e+01   3.54604126e+01   3.06543132e+01
   3.70547715e+01   3.35386451e+01   2.71286313e+01   2.49711604e+01
   2.87514950e+01   2.05742876e+01   1.40585010e+01   2.28126002e+01
   1.59272887e+01   1.62058085e+01   1.32904279e+01   1.14087447e+01
   8.15196484e+00   1.04519599e+01   1.30818637e+01   1.07784793e+01
   3.61859900e+00   4.38605132e+00   1.28330019e+01   1.33216003e+01
   1.43277729e+01   1.52173040e+01   1.66275034e+01   1.72131964e+01
   1.79660899e+01   2.08961655e+01   2.11018038e+01   2.43120840e+01
   2.57258858e+01   2.35144437e+01   2.78474368e+01   2.47423432e+01
   1.75475212e+01   1.69101194e+01   2.46523297e+01   2.56375590e+01
   2.39024489e+01   1.97709218e+01   1.78188665e+01   1.46065470e+01
   1.49995598e+01   1.36793514e+01   6.59474178e-01  -1.02826403e+01
  -1.40486587e+01  -9.83423284e+00   4.18346109e+00   1.86802857e+01
   2.44600570e+01   3.26419692e+01   3.99974014e+01   3.71197911e+01
   3.58727777e+01   3.51068494e+01   3.15635564e+01   2.77200599e+01
   1.89187164e+01   1.27447354e+01   1.09030351e+01  -6.43660358e-01
  -9.00450590e+00  -6.31821480e+00  -4.67368112e+00  -6.67717507e-01
   3.81425831e+00   6.47992348e+00   1.46267023e+01   2.33417292e+01
   2.01132533e+01],[ -3.74617802e-02   1.35787381e+00   6.85385152e+00   1.93842157e+01
   2.14517110e+01   1.90695170e+01   1.49664711e+01   1.75326553e+01
   2.64631825e+01   2.21708718e+01   7.08046314e+00  -5.14533423e-01
  -3.63793427e+00  -8.97399923e+00  -7.47684420e+00  -7.77355917e+00
  -3.00626656e+00   3.45222023e+00   4.78675181e+00   9.82634289e+00
   1.87620017e+01   1.73079829e+01   1.77336038e+01   1.81536398e+01
   1.10508844e+01   6.72422722e+00   5.32447387e+00   7.98936329e+00
   1.62107823e+01   2.03003582e+01   1.88689042e+01   1.78482281e+01
   2.03131266e+01   1.86488213e+01   2.06873183e+01   1.76117345e+01
   2.04351165e+01   2.69313771e+01   1.90543377e+01   1.62459765e+01
   1.89798362e+01   2.08859354e+01   2.08605299e+01   1.86448421e+01
   1.55083309e+01   1.12653791e+01   1.41377305e+01   2.11402066e+01
   2.60811619e+01   3.22307559e+01   3.16417490e+01   3.11984044e+01
   2.45509988e+01   2.09187142e+01   1.75833835e+01   1.90627048e+01
   2.64695428e+01   3.36652904e+01   4.06993121e+01   4.16765660e+01
   4.50656859e+01   4.62146131e+01   4.61115771e+01   4.75977151e+01
   4.01047502e+01   2.93757057e+01   3.42452983e+01   2.72913689e+01
   2.46952854e+01   2.55596535e+01   2.38826711e+01   1.85379839e+01
   1.08153694e+01   4.27040350e+00  -2.09046107e+00  -5.43536213e-01
   1.86266635e+00   2.58345976e+00   5.00775075e-01  -2.06463367e+00
  -3.68598148e+00  -2.34111563e+00  -9.08916805e-01   2.84332329e+00
   8.76513145e+00   2.60410477e+00   4.81615995e+00   8.25142675e+00
   1.20617185e+01   1.06005962e+01   1.10331489e+01   2.56588838e+01
   3.33767870e+01   3.21397480e+01   2.41635638e+01   2.01162156e+01
   2.05703197e+01   1.99134409e+01   2.80201478e+01   3.24894709e+01
   3.02885936e+01   3.04669117e+01   3.66797073e+01   3.90956942e+01
   3.67070649e+01   3.27298111e+01   2.99174378e+01   3.24750203e+01
   3.08735385e+01   2.70969411e+01   2.63944111e+01   2.63018517e+01
   2.87523008e+01   2.80736264e+01   3.81141704e+01   3.65758215e+01
   3.81893638e+01   4.27554408e+01   2.99340915e+01   2.01218091e+01
   1.89648982e+01   2.05810446e+01   2.24096896e+01   1.69375926e+01
   8.64521777e+00   7.70086983e+00   7.48158679e+00   9.09079174e+00
   9.71423959e+00   4.99835405e+00  -1.95057518e+00   2.67578076e+00
   5.84399223e+00   7.07940647e+00   7.57425272e+00   9.82919158e+00
   1.33395025e+01   7.52975394e+00   1.32921976e+01   8.05802339e+00
   1.20027314e+01   1.54625875e+01   1.42914821e+01   1.55063166e+01
   2.44822650e+01   2.01358063e+01   1.20888744e+01   1.18265622e+01
   1.38944898e+01   1.50850749e+01   1.55128496e+01   1.33023246e+01
   5.15318770e+00   4.24376095e+00   5.80671956e+00   1.78933719e+00
  -9.84483064e+00  -1.35871814e+01  -4.46248529e+00   1.04544579e+01
   1.69199473e+01   1.73447254e+01   1.02579855e+01   8.15816683e+00
  -5.14986108e-01  -5.11400011e+00  -7.76661534e+00  -6.21869070e+00
  -5.68880759e+00  -6.22965484e+00  -9.98910725e+00  -9.56862674e+00
  -1.56982375e+01  -2.36103395e+01  -1.92457456e+01  -1.20416707e+01
  -1.16131253e+01  -1.14269726e+01  -9.41621976e+00  -9.09672234e+00
  -8.77603508e+00  -1.20581300e+01  -1.40828968e+01  -1.64737382e+01
  -1.63365125e+01  -1.41629212e+01  -4.17500767e+00   8.52022481e-02
   7.95352552e+00   1.79709481e+01   1.92858172e+01   1.68277991e+01
   1.87174816e+01   1.21057130e+01   7.93947775e+00   5.23508808e+00
   4.90505632e+00   8.64638668e+00   8.36735826e+00   1.60814617e+01
   1.95656308e+01   2.18816401e+01   5.66952912e+00   5.47039048e+00
   5.34067732e+00  -3.84304818e+00  -4.23834848e+00  -4.88106452e+00
  -8.13036129e+00  -1.00416880e+01  -8.08991521e+00  -8.51637109e+00
  -4.11451876e+00  -1.33443131e+01  -1.58477809e+01  -1.16140164e+01
  -1.20701295e+01  -1.13184559e+01  -1.37908874e+01  -6.30449939e+00
   1.49406182e+01   1.83109855e+01   2.10551910e+01   2.21655225e+01
   1.86685397e+01   1.95505763e+01   1.97408819e+01   1.27397648e+01
   1.85122803e+01   9.46881460e+00   4.72588644e+00   9.02406016e+00
   1.40708043e+01   1.45788511e+01   1.37909384e+01   1.19254611e+01
   1.41032400e+01   6.70436838e+00   1.03401773e+01   1.29577585e+01
   5.28111321e+00   9.61415703e+00   1.63071070e+01   1.27533601e+01
   8.83311213e+00   6.59960191e+00   2.82824351e+00   4.05365009e+00
   1.56165365e+00   4.25168559e+00   7.35088473e+00   4.43152330e+00
  -4.65254006e+00  -7.44889328e+00  -3.24732285e+00   6.91283502e+00
   1.38850137e+01   1.45353468e+01   1.59485010e+01   1.57103534e+01
   1.43014986e+01],[ -2.66150932e-02   1.94329196e+00   2.49346139e+00   1.56767079e+01
   1.81076566e+01   1.62903012e+01   1.63259963e+00  -5.97614254e-01
   1.26641486e+01   1.77400651e+01   3.06322559e+00  -4.56736941e+00
  -5.87653199e+00  -1.14352456e+01  -1.11684891e+01  -1.45853006e+01
  -1.50112394e+01  -1.08995084e+01  -2.48528630e+00  -5.77745155e+00
  -1.61303054e+01  -1.00111738e+01  -1.60452516e+00   1.64378830e+00
  -6.47065330e+00  -1.08331092e+01  -1.01320820e+01  -4.45601079e+00
   1.72427277e+00   6.18114273e+00   7.92722211e+00   1.17302014e+01
   1.82072785e+01   2.06374856e+01   1.82953479e+01   1.32654510e+01
   1.71871403e+01   2.15435215e+01   1.10852482e+01  -8.35002502e+00
  -1.22379183e+01  -8.91911344e+00   1.75211244e+00  -7.61762605e-01
  -6.56820014e+00  -1.21896692e+01  -1.14488561e+01  -1.95776651e+00
   8.23115945e+00   1.24089654e+01   7.99920136e+00   8.52045567e+00
   7.95449648e+00   9.14594632e+00   6.29972167e+00   3.54031381e+00
  -5.14349040e-01  -7.28892197e+00  -1.19175557e+01  -1.35753790e+01
  -8.89577091e+00  -9.29060815e+00  -1.17200496e+01  -1.58862648e+00
   7.98009817e+00   1.50269286e+01   2.39130421e+01   1.71941673e+01
   1.25076005e+01   1.42029740e+01   1.08102323e+01   4.31151098e+00
  -5.66748294e+00  -1.92777582e+01  -2.56362874e+01  -1.12466572e+01
  -6.53116453e+00  -4.33013323e+00   3.90218121e+00   9.13362001e+00
   7.86502328e+00   5.18892434e+00   2.68630033e+00   4.36419405e+00
   8.47519311e-01  -1.66960238e+00   6.05741702e+00   1.30880995e+01
   1.37302508e+01   8.73131126e+00   3.35863124e+00   1.05565762e+01
   4.90309997e+00   5.78982339e-01  -4.57047432e+00  -4.70864580e+00
  -2.09392243e+00  -5.41038262e+00  -5.65634246e+00  -6.11253152e+00
  -9.89993109e+00  -9.44482964e+00  -1.82349050e+01  -2.52085334e+01
  -2.43840924e+01  -1.51033442e+01  -3.00813814e+00   1.71036689e+00
   1.14353266e+01   1.96284269e+01   1.60584287e+01   8.95937767e+00
   3.20150782e+00   7.27134433e+00   7.70944185e+00  -2.77724234e+00
  -1.93518325e+00   2.75214321e+00   5.26137737e+00   8.83534807e+00
   1.48865769e+01   1.90373759e+01   1.28096637e+01   7.01975699e+00
   7.35156756e+00   7.37270663e+00   3.65511209e+00  -1.74212488e+00
  -8.59110761e+00  -1.41734456e+01  -1.73392497e+01  -1.76722154e+01
  -1.83612734e+01  -8.35662126e+00  -3.26249677e+00  -1.05377540e+00
   3.84947685e+00  -1.29692476e+01  -1.60415921e+01  -1.55709743e+01
  -6.37029112e+00  -2.15640242e+00  -2.21762125e-01  -1.51033450e+00
   7.01047834e-01  -6.37975963e+00  -1.47365972e+01  -1.79289210e+01
  -1.83397464e+01  -1.41337327e+01  -1.05133506e+01  -5.78336118e+00
  -2.26701197e+00  -3.78187575e+00  -6.06632139e+00  -1.29695632e+01
  -2.07645045e+01  -1.53575619e+01  -8.52888751e-01   1.29475948e+01
   2.09580361e+01   2.97097432e+01   2.74603592e+01   3.56370760e+01
   3.53064037e+01   3.59632977e+01   3.18610383e+01   3.41590916e+01
   3.54607274e+01   3.42045579e+01   3.44634914e+01   4.00816786e+01
   3.69105558e+01   2.18728572e+01   1.34522563e+01   8.15643196e+00
  -6.32456025e+00  -1.28004740e+01  -1.37257679e+01  -1.28836359e+01
  -1.82836212e+01  -1.89756735e+01  -2.46162044e+01  -2.85135309e+01
  -2.96866217e+01  -2.64522084e+01  -2.38423264e+01  -1.77738237e+01
  -3.52716335e+00   2.48489749e+00   5.71043430e+00   1.30713953e+01
   1.64444003e+01   1.62328721e+01   2.11563964e+01   2.25068851e+01
   2.64119078e+01   3.54403798e+01   3.68053243e+01   3.84840017e+01
   3.80960859e+01   2.90222897e+01   9.57348733e+00   6.00319001e+00
   4.71692546e+00  -6.01023319e+00  -5.06238536e+00  -7.92757461e+00
  -1.29648349e+01  -1.24622805e+01  -6.62480746e+00   2.74761146e+00
   9.86902617e+00   1.28542389e+01   1.30831376e+01   1.79838521e+01
   1.58966016e+01   1.25973738e+01   1.41830400e+01   1.48724273e+01
   2.11448587e+01   2.25278626e+01   1.72276047e+01   1.74389316e+01
   1.48961316e+01   1.17163801e+01   1.26004442e+01   7.42954890e+00
   8.10583284e+00  -8.82943760e+00  -1.39801743e+01  -7.62128653e+00
  -1.69523223e+00   7.26553614e+00   2.21213543e+01   2.48577401e+01
   1.99143376e+01   1.01127690e+01   6.70438176e+00   8.53240559e+00
   1.51851204e+01   1.53555097e+01   1.92047674e+01   2.30205830e+01
   1.79572359e+01   1.15579867e+01   8.60716178e+00   1.14899910e+01
   1.05038562e+01   7.61078750e+00   3.68842642e+00  -2.12592920e+00
  -7.78358160e+00  -1.20929142e+01  -8.89751616e+00   1.28710243e-01
  -5.72606186e+00  -6.05777749e+00   3.28359512e+00   8.54491294e+00
   6.93913952e+00],[  5.27487271e-03   1.33453561e+00   1.60123038e-01   1.40151716e+01
   1.05872694e+01   1.31783044e+01   5.91070534e+00   4.41940645e+00
   9.83314804e+00   2.43059806e+01   2.86369431e+01   3.15554921e+01
   3.19264226e+01   2.37604190e+01   1.77360938e+01   1.98831771e+01
   1.94351497e+01   1.95246577e+01   2.74219569e+01   3.15679387e+01
   2.78071255e+01   2.48546209e+01   2.35385847e+01   1.80126169e+01
   2.29401699e+01   3.36138553e+01   4.03480134e+01   3.71393513e+01
   2.02628036e+01   1.93843979e+01   1.20670225e+01   9.88928794e+00
   1.81342122e+01   2.48874241e+01   2.16235413e+01   1.83384886e+01
   2.54312088e+01   2.71317004e+01   2.31141587e+01   1.16791075e+01
   1.28919947e+01   1.37123797e+01   1.73867242e+01   1.33497376e+01
   1.35245478e+01   1.51784001e+01   5.05700811e+00   6.63634077e+00
   1.11899805e+01   6.27959951e+00   9.54192670e+00   9.86871100e+00
   6.72689126e+00   1.41471055e+01   1.45711397e+01   1.40915346e+01
   9.83730083e+00  -1.36565912e+00  -4.56942932e+00   1.13513208e-01
   5.13991269e+00   6.21252108e+00   2.29307016e+00   1.44136504e-01
   3.60975649e+00   1.41799511e+01   1.91923830e+01   1.40873283e+01
   1.30834217e+01   1.85531644e+01   2.16847402e+01   2.27065300e+01
   1.41954010e+01   9.58647210e+00   2.46421692e+01   3.07974278e+01
   3.10866470e+01   3.76608231e+01   4.21082442e+01   4.35120938e+01
   3.96973182e+01   4.03965870e+01   3.87788695e+01   4.34768479e+01
   3.78322977e+01   2.29497045e+01   7.86520766e+00  -4.74210769e+00
  -5.22114769e+00  -1.77591385e+00  -7.25609891e+00  -1.26883939e+01
  -1.22041784e+01  -1.01680679e+01  -7.77965486e+00  -9.68387760e-01
  -4.01803246e-01  -4.65784853e+00  -9.88213924e+00  -1.14177901e+01
  -5.04296165e+00  -8.19910302e-01  -9.18094955e+00  -7.94398100e+00
  -1.00933135e+01  -7.61729679e+00  -5.66797609e+00  -7.14857379e+00
   4.79559296e+00   1.02246335e+01   7.17123025e+00  -2.51964318e+00
  -9.25346390e+00  -3.88959893e+00  -6.02441862e+00  -9.74547653e+00
  -1.24282548e+01  -1.08320276e+01  -1.31680779e+01  -1.18948450e+01
  -6.89955580e+00   4.37863826e+00   1.18918596e+01   2.11993372e+01
   2.87255753e+01   2.63754027e+01   1.93027625e+01   1.20073333e+01
   4.65454429e+00   2.40545061e+00   1.33166867e-01  -3.46129090e+00
  -5.89662878e-01  -6.36989137e+00  -8.60483304e+00  -8.27780592e+00
  -6.95457902e+00  -1.86213087e+01  -1.56062991e+01  -1.23425002e+01
  -4.80380458e+00   2.45844994e+00   4.28624987e+00   2.70710230e+00
  -9.08966699e-01  -4.63993630e+00  -1.98194313e+00   1.40379593e+00
   8.89510911e+00   1.05791698e+01   1.18739646e+01   1.42475400e+01
   1.62649022e+01   1.79906802e+01   2.02668959e+01   1.43370418e+01
   1.45866193e+01   1.32361827e+01   8.86591901e+00   6.61789726e+00
   5.18311027e+00   4.76330690e+00  -6.79381768e+00  -7.62910841e+00
  -2.47409522e+00   1.00164536e+01   1.13638343e+01   5.03098452e+00
   3.89986282e+00   4.75191355e+00   1.11601277e+01   4.47973142e+00
  -5.09849682e+00  -1.41973164e+01  -1.39289176e+01  -1.31119965e+01
  -1.95086380e+01  -1.98733284e+01  -1.46667144e+01  -6.36060357e+00
  -2.41134084e+00   1.40321405e+00  -3.27414294e+00  -4.68604833e+00
  -4.13591944e+00   4.04252012e+00   3.16688957e+00  -1.75815556e+00
   1.95904851e+00  -6.05866239e+00  -1.41957950e+01  -8.39222793e+00
  -7.31779105e+00  -5.37908542e+00  -4.28761380e+00  -8.20734919e+00
  -1.28060332e+01  -9.25983961e+00  -8.19874714e+00  -4.76959930e+00
   1.10948964e+01   1.82378728e+01   1.20725382e+01   1.54456395e+01
   2.62303720e+01   3.34004080e+01   3.75191583e+01   3.29846374e+01
   2.65191253e+01   2.48782186e+01   2.03076757e+01   1.91313547e+01
   1.50815943e+01   1.57884297e+01   1.81246496e+01   1.56587199e+01
   1.15414111e+01   1.20061635e+01   1.61722694e+01   1.70308205e+01
   1.34341645e+01   1.81496572e+01   1.63075303e+01   1.32864435e+01
   1.67737686e+01   1.64171704e+01   1.84514634e+01   1.24189069e+01
   9.95990455e+00   8.66959952e+00   3.67787782e+00   4.12946737e-01
  -2.84485389e+00  -8.37481707e-01   1.27770216e+01   2.35089613e+01
   2.66117436e+01   1.97567164e+01   1.50205777e+01   1.45121913e+01
   1.96435530e+01   1.80420413e+01   2.62528363e+01   2.32320742e+01
   1.59387039e+01   1.06529668e+01   7.91228387e+00   4.03104253e+00
   7.03047335e-01   5.60907028e+00   1.20439630e+01   1.13442806e+01
   1.12297100e+01   1.09906083e+01   1.16614974e+01   1.34200259e+01
   5.63300259e+00   4.64537278e+00   6.75514500e+00   1.40789791e+01
   1.74703674e+01],[  0.04866895   1.57227762   1.23597091  16.12669757   9.01260174
  12.99239093   5.25618137  -6.34945912 -18.92194474 -15.08703293
 -12.0295078   -9.71581756 -10.81490563 -10.14618128 -12.43020117
  -9.61848775  -5.32695706  -2.18142828  -3.28264996  -0.73441795
  -0.62176374  -1.50356718  -5.24657678 -10.52915124 -12.06319336
 -17.48161124 -13.91354435  -8.39241476  -4.24877311   3.28492805
   9.06400283  11.01760064  15.64019463  15.81812337  15.44828327
  11.45125339  16.05417923  14.93160587   9.29446574   0.65606622
  -0.91735083  -0.79307945   8.84448826  16.77444276  20.83804259
  19.86566516  13.03779784  16.56090042  23.978113    18.37980155
  14.92607713  11.85389082  10.25846572  13.82916906   6.92085956
  11.20459965  16.97060122   7.41669994   5.73089035  11.82189297
  14.82900841   9.43660895   9.27977995   5.57528241   4.67330058
  13.51882975  11.02942819   6.54872924   9.22789009  10.24835115
   3.69993846   3.45334366 -10.86334856  -8.03741003   5.49220068
  10.79286446   7.75935398   3.16547075   1.82853414   4.64665263
  -1.52525251   1.92337201   1.78836889   4.84653824   6.43671825
   7.33369769  -0.32630805  -9.64001274  -1.62019329  14.17451369
  15.98276088   6.40841807  14.61529971  17.51055342  17.30524927
  16.7440218   13.21036377   9.68309313   6.76366142   0.98381012
   4.50831528   8.52756339   2.20377007   1.78055683  -6.75768257
  -6.17961145  -7.98260318  -5.18048037   0.36327974   7.3828821
   7.28368837  -3.45054694 -10.4838457   -9.1246529   -5.87633218
  -4.19090619  -6.79139228  -8.43826301  -8.91380386   0.54330851
   4.8559951    2.97209058   4.66010848   3.15973677   1.14907755
   0.47400421  -1.76934932  -5.54619703 -10.6830496   -6.6219206
  -6.58271895  -8.3639213   -3.16185306  -2.86859176  -3.74702334
 -11.00289094 -12.37371881 -10.20544113  -1.53699392   2.20702622
   3.45959093   3.87452686   5.16328997   5.41404414   0.14493669
   1.07197395   4.94633618   6.88251546  11.9253766   10.51371644
   6.21771658   6.20607939   8.30602913   2.82283774   0.27801101
  -7.21019848  -8.98200964  -8.47049604  -8.39455332  -0.26287186
   7.23231774  10.97514704  14.31308236  17.16427215  18.86033718
  14.0700526   18.10089398  17.58775817  16.36687257  21.67853372
  26.63375907  13.65447104   5.32231343   0.03067779  -2.29662843
  -4.99141577 -15.00426546 -13.98787716 -10.5993004   -2.30684176
   2.36386425   5.91496745   4.60557231  13.77055121  17.60453877
  13.08464665   6.93075995   6.82322393   8.08182816  11.61182861
   7.90994655   9.34691317  13.74693051  18.90696324  21.66555795
  20.6931216    9.40811684   1.29564714  -4.19251154  -9.33152291
  -5.56873733 -11.60690852 -16.60162626 -13.39816308  -3.43415808
   2.82129769   9.83044665  16.06197212  25.2230628   28.61730401
  22.74902369  19.72347554  15.04597221   1.75472184  -2.06737923
  -0.05144603   6.24863011   5.74447126   7.55717949   4.40374485
  -2.02222126   8.36707925   6.98488419   3.35923204   7.90058456
   6.00728989   5.90138981   6.52479881   4.19081915   7.67367676
   2.34286806   1.102763     2.44957336  -3.31414896 -12.43936696
 -12.28851539 -11.5175177   -3.68834956  -7.45085057  -9.43238502
  -3.41462028  -1.3853171    4.71463311  -3.13733379  -6.61762804
  -3.03973692   2.29847088   5.963166     4.86641451  10.81551308
  12.52635672   2.38005972  -2.33173221  -0.90910084  -1.32653489
  -2.7048283   -4.49758774  -1.54499965   1.9591583    9.90546431
  13.11272478],[  9.08028203e-02  -6.83194886e-01  -2.69905584e+00   1.06535568e+01
   6.76842867e+00   7.35729767e+00   4.55834000e-01  -6.56039514e+00
  -1.53755776e+01  -1.83468271e+01  -2.13248325e+01  -1.93329420e+01
  -1.25612871e+01  -4.39789813e+00  -5.01005420e+00  -5.76145350e+00
  -7.75601593e+00  -5.21622172e+00  -1.15804190e+01  -1.55638818e+01
  -1.38222261e+01  -1.05533844e+01  -9.35283843e+00  -5.05109395e+00
  -1.06311174e+01  -1.98906623e+01  -1.99897800e+01  -1.12685639e+01
   1.10151572e+00   9.27214775e+00   1.66146797e+01   1.32381943e+01
   1.21463949e+01   9.72592368e+00   1.45842309e+01   1.41505212e+01
   1.40773817e+01   1.79786590e+01   2.10120157e+01   2.30497909e+01
   2.09503826e+01   1.53519251e+01   1.36419394e+01   2.15223243e+01
   1.92881033e+01   1.04928982e+01   1.02508716e+01   1.23947375e+01
   1.79323509e+01   1.37932949e+01   1.01082367e+01   7.71345502e+00
   1.04560205e+01   1.37107922e+01   6.11451167e+00   1.06370354e+01
   2.25296188e+01   1.65623429e+01   1.64666651e+01   2.21977223e+01
   2.11841340e+01   1.08660756e+01   1.19206703e+01   1.24009135e+01
   1.47373296e+01   1.58150676e+01   9.74396254e+00   1.00830290e+01
   1.61804455e+01   1.79542078e+01   1.46057682e+01   1.56478131e+01
   5.99137729e+00  -7.76989932e+00  -2.07835075e+01  -5.09481626e+00
  -3.54238364e-02  -6.94430671e+00  -7.15069302e+00  -1.92671134e+00
  -2.44117313e+00  -2.52752625e+00  -5.42881042e+00   2.48725833e+00
   6.11061208e+00   9.29634007e+00   1.02371844e+01   8.08468502e+00
   1.25670778e+01   1.77952341e+01   2.58230425e+01   2.87648544e+01
   4.55312207e+01   5.08666297e+01   5.17406729e+01   4.61014533e+01
   4.22348505e+01   4.05498184e+01   3.39193313e+01   2.24594005e+01
   1.82225777e+01   1.71214138e+01   1.20451786e+01   4.33583761e+00
  -1.70358977e+00  -1.12676640e+00   3.09367979e+00   1.52895042e+01
   2.26172480e+01   3.05172090e+01   2.87885860e+01   2.90551369e+01
   3.20953457e+01   3.10511462e+01   3.12516827e+01   2.68956194e+01
   1.59950670e+01   5.68679008e+00   6.65701063e+00   5.68514684e+00
   4.45227189e+00  -4.01595689e+00  -4.33130727e+00  -1.43402903e+00
   1.55705422e+00   2.40967120e+00  -6.45713475e-01  -3.28430058e+00
  -3.67870616e-01   7.79867862e+00   1.35188385e+01   1.88475368e+01
   1.80911569e+01   2.55184759e+01   3.37640832e+01   3.38524428e+01
   2.92405420e+01   3.95243739e+01   5.39417923e+01   6.15019906e+01
   6.07370406e+01   5.42369506e+01   4.99276608e+01   3.94739974e+01
   2.12514599e+01   1.52260441e+01   8.42923983e+00   2.44135623e+00
  -1.66913248e+00  -4.44537934e+00  -3.34885867e+00   8.68810768e-02
   5.15167690e+00   5.91640168e+00   2.50835981e+00   4.14903213e+00
   1.84339323e+00  -1.15331614e+00  -8.67486503e+00  -3.92211705e+00
  -7.57268368e-01   7.79870320e+00   9.80475451e+00   1.14297497e+01
   1.98683168e+01   2.21020356e+01   2.71495711e+01   2.40580787e+01
   1.79588856e+01   2.30524733e+01   2.40646703e+01   1.77708036e+01
   1.24443894e+01   1.02533880e+01   8.84802430e+00   1.09513688e+01
  -7.28808730e+00  -9.76218002e+00  -4.75361384e+00   4.31285093e+00
   1.09831740e+01   1.51557791e+01   1.11201928e+01   1.15115710e+01
   1.43087443e+01   4.33513855e+00  -2.93670689e+00   2.25929857e+00
   8.79806783e+00   2.09587993e+01   3.04754203e+01   3.50761168e+01
   3.77567116e+01   3.21900534e+01   3.24395290e+01   3.38842305e+01
   3.48823756e+01   2.96639860e+01   2.79569937e+01   3.00998163e+01
   3.48986423e+01   2.49384379e+01   4.65710756e+00  -4.51392871e+00
  -5.01437110e+00  -2.75624784e+00   7.31505076e+00   1.58243214e+01
   2.61064070e+01   2.52045813e+01   2.28945858e+01   2.42936295e+01
   2.35680099e+01   1.24495390e+01   3.02415550e+00   9.49096000e-01
  -3.46782615e+00  -1.08845732e+01  -5.13455457e+00   5.17210470e-01
  -5.36996677e-01   1.00499379e+01   1.08407492e+01   1.34608186e+01
   1.16592046e+01   1.50095870e+01   1.67119048e+01   1.41419196e+01
   1.05441075e+01   1.45500039e+01   9.26573803e+00   8.04340154e+00
   1.54695838e+01   7.86251902e+00   2.41545005e+00   7.91957142e+00
   4.85396519e+00   6.64463011e-01  -8.48714557e+00  -1.91986104e+01
  -1.65063955e+01  -9.19581590e+00  -4.34313368e+00  -7.01273170e+00
  -3.75472153e+00  -2.05183922e+00  -3.66342517e+00  -5.70283501e+00
  -1.25004416e+01  -1.08060294e+01  -1.06048064e+01  -1.39282761e+01
  -9.12613479e+00  -1.23766806e+01  -1.89822008e+01  -1.53539008e+01
  -1.96310973e+01  -1.48265751e+01  -4.13500225e+00   4.55580509e+00
   2.64552919e+00],[  0.11916663  -1.32314647  -3.65364808  13.00379998   8.87067993
   1.14978525  -2.27531427  -7.8209027  -15.36541799 -26.52969075
 -30.96372302 -23.35230873 -24.18307819 -22.77173254 -18.10309527
 -13.85132631  -7.79937789  -1.76779785  -3.509529    -2.63815338
  -2.67215904  -9.58576822  -8.32482573  -3.93484159  -3.99793977
   1.84099698  -1.52235863  -6.01719396  -0.6770257    7.96885139
  11.69324096   8.67972114   9.40603683   6.90985533   8.1245068
   7.4427033    7.31220566   7.45106056   5.876623     0.19733071
  -9.34705626 -12.24347119  -4.92442518   4.16709998   4.83342984
   3.32074262  12.20349492  13.62747873  10.77641093   6.03535193
   3.95452957   4.72623228   7.55011148  10.58128177   5.99109401
   7.87292745   9.4397226    6.63433111   7.74086474   9.46993671
  10.32103293  10.46663189   8.42737502   9.03620515  12.89483832
   5.46093496   7.6179869    9.1919483   11.74719921  16.07044606
  13.54236211  10.86286457   0.22897821 -16.09766237 -28.38042563
 -22.88124514 -15.4692957  -11.35016234  -7.19165724  -5.51138674
   0.87509362   1.40342279  -3.95246123  -0.81049387   0.22272816
   8.9496287   13.91608924   2.52606305   2.40565186  -1.08219466
  -0.13227683   6.89450422   7.87772866   8.36963752  10.66626234
   8.19896909   6.51062727   5.00972076   4.51012437   6.86977973
   7.33334018   2.61496422   1.83489934  -9.09513488 -17.75852685
 -17.04051307  -9.86632405  -6.38806154  -2.44111588  -1.86727012
  -4.68930491   2.65911178  12.59277     11.85304355  16.21325851
  13.32145037   2.46149327  -4.08917396  -5.72469319  -5.00002156
   2.53497836  -4.63443662  -5.98667025   1.03520777  12.99193983
  14.10310124   9.20477065   5.46617326   6.61045898   4.337404
   1.87105252   2.56870507  -3.0750264   -4.5493298    1.61849821
   5.78571736   0.41044095   9.3295209   23.93757528  35.08692218
  37.30332362  26.09999104  17.34548235  10.64822908  -2.84177688
 -17.45434737 -24.88316917 -22.4922954  -17.47001177 -22.31453454
 -24.7370075  -28.06785421 -27.86281744 -19.61427185 -11.50821546
  -3.64655828  -3.70136185  -5.45450076  -9.53572167  -7.70389358
  -2.76938981   1.38574058   5.23165077  10.59948891  17.52519618
  13.60892985  11.06625439  18.52723911  24.29355814  24.9471522
  18.48218081  17.66101963  13.2445628    9.65450773   9.96623714
  11.34174925  -4.0224516   -8.03339849  -2.46508848  -3.65576093
  -2.37525217   2.79871846  -4.32512635  -9.93116203 -14.90500924
 -27.25355664 -30.46360427 -28.49125947 -23.09097445 -11.47970287
  -7.51727631  -6.98388404  -3.76470932   0.06949031  10.44401171
  24.23030025  36.4450509   36.329216    30.05114659  23.04033904
  18.30175575   1.62467383 -14.40440837 -21.13789821 -23.2759627
 -18.23224364  -9.69669798  -0.44285074   7.89210599   8.84910267
  11.11686859  10.46647162   5.87458849  -2.79436706  -8.38582882
  -7.31812985  -8.30973759 -14.91062797 -16.66339585  -8.4369587
   3.27581565  11.21558199  12.4701296   13.51159297   6.07544737
   8.10032348  11.3133284   12.42099832  15.9155261   11.28952675
   7.93065246   9.45610143  11.35322396   5.77780545   2.93728286
   6.31807062   2.84710474  -2.90715041   3.48803703   0.44805187
  -6.84311472  -5.06134726  -4.78517688  -6.5389311   -2.34134238
   3.76713669   8.6139091    8.26389848   4.76914157   8.98762818
  12.17926737  10.56730409  15.54721894  11.57720003   4.3580882
   2.36165701  -0.4787344    1.00484561   2.45586901   2.2800818
  -1.44294588],[  1.24916133e-01   6.05095381e-01  -7.31541278e-01   1.50312664e+01
   1.04526499e+01   9.28281567e+00   7.98701014e+00   4.26638240e+00
   2.29243809e-01  -1.10672037e+01  -1.64690353e+01  -1.45525661e+01
  -1.57889607e+01  -1.35636546e+01  -4.36609720e+00  -1.19016501e+00
   9.74063881e+00   1.56555829e+01   1.22085536e+01   8.22494419e+00
   7.54725874e+00   3.76269622e+00   3.46054766e+00   9.65969394e+00
   1.83864935e+01   2.39171868e+01   1.50334588e+01   9.30467704e+00
   7.80556168e+00   7.36341274e+00   1.10106102e+01   1.17072596e+01
   1.20636447e+01   1.40129039e+01   1.52033395e+01   1.44336693e+01
   1.54685737e+01   1.02010068e+01   8.40650051e+00  -4.21872796e+00
  -1.77887952e+01  -1.94803932e+01  -5.98951163e+00  -1.47148757e+00
  -8.27039750e+00  -1.52093301e+01  -1.32102520e+01  -1.61771302e+01
  -1.82467993e+01  -1.55757280e+01  -1.19410752e+01  -7.61846443e+00
   8.02452033e-01   4.61478605e+00   6.26915459e-01   2.11010208e+00
   8.31357323e-01   4.02223174e-02  -9.16377423e+00  -1.50336363e+01
  -9.09361660e+00  -7.42305421e+00  -6.69286478e+00  -2.27485262e+00
   2.06158365e+00  -3.29311873e-01   2.63367955e+00   3.00781727e+00
   5.24168935e+00   1.21360552e+01   6.85386043e+00   8.78545625e-01
  -4.36214307e+00   2.14644712e+00   1.68926286e+01   1.39011958e+01
   1.07278215e+01   1.07938769e+01   1.49708790e+01   1.84258953e+01
   1.95047398e+01   2.40075072e+01   1.80319414e+01   1.53024467e+01
   1.53653275e+01   1.85615945e+01   1.89286579e+01   1.58721443e+01
   1.57923068e+01   1.15806785e+01   8.65539253e+00   1.56494957e+01
   1.79361045e+01   1.81767197e+01   1.79795870e+01   1.61847120e+01
   1.86520454e+01   1.37782747e+01   1.04622030e+01   1.19806402e+01
   1.21622090e+01   8.43541455e+00   7.15191429e+00   1.54466393e+00
  -5.11419264e+00   4.43865529e-01   6.06130404e+00   9.96118897e+00
   1.08974232e+01   1.57969341e+01   1.61185565e+01   2.06186957e+01
   2.97073472e+01   3.21244113e+01   2.78478570e+01   1.83112844e+01
   8.69617125e+00   2.62915301e+00   2.41403770e+00  -8.44035485e-01
  -1.07333298e+00  -1.75397964e+00  -1.19837182e+00  -3.63030537e-01
   6.05071464e+00   1.19473807e+01   9.64149601e+00   4.64043870e+00
   1.59671231e+00  -2.46912773e+00  -4.22257092e+00   2.30483417e+00
   4.60412770e-01  -3.09207220e-01   1.98240156e+00   6.91146540e+00
   7.86178610e+00   1.67562334e+01   2.66199986e+01   3.34742764e+01
   3.43482285e+01   1.83978053e+01   9.10581475e+00   8.62596412e+00
  -1.96636371e+00  -1.17513573e+01  -1.64517460e+01  -1.30420452e+01
  -1.25051835e+01  -1.51898049e+01  -1.27069863e+01  -1.41709090e+01
  -1.67013587e+01  -1.45101849e+01  -1.09795929e+01  -8.35726114e+00
  -3.55567074e+00   9.89741441e+00   1.03230818e+01   1.52496226e+00
   2.65339573e+00  -2.01084249e+00   5.59387759e-01   6.66209432e+00
   1.47906805e+01   1.22686857e+01   1.62746603e+01   1.60013249e+01
   1.11312808e+01   1.66458468e+01   1.27447135e+01   1.84269539e+01
   2.00092754e+01   2.15294895e+01   1.70533405e+01   1.14417373e+01
   1.46116095e+01   1.79221728e+01   2.19249990e+01   1.78925162e+01
   1.07058053e+01   6.00244748e+00  -1.12850193e+00   2.37253538e+00
   1.53411298e+00  -8.55063193e+00  -9.66901364e+00  -7.38478209e+00
  -4.93260657e+00   5.72420640e-01  -3.84037345e+00   2.62043798e-01
   1.86071482e+00  -8.13798861e-03   6.61906511e+00   1.43544116e+01
   2.38509530e+01   2.76800800e+01   2.67002073e+01   2.23604494e+01
   1.95427577e+01   1.06270239e+01   1.82654748e+00   3.05110972e-01
  -7.55570514e+00  -7.63964260e+00  -1.02198671e+00   3.13232138e+00
   1.92332816e+00   3.89998201e+00   1.13724537e+01   1.43762074e+01
   1.44913586e+01   1.16077964e+01   1.83366495e+00   2.72561493e+00
   1.20236498e+01   1.26316751e+01   1.76062998e+01   1.99618734e+01
   2.05581658e+01   2.19314269e+01   1.83642449e+01   7.77104448e+00
  -1.93461863e-01   3.77884006e+00   1.20753160e+01   1.13441332e+01
   9.59881047e+00   3.40276836e+00   3.74510388e+00   3.98110308e+00
   2.06323770e+00   5.03014986e+00   1.02018903e+00  -8.12889230e+00
  -6.62775547e+00  -1.90488310e+00   4.12722931e+00   1.07905131e+01
   1.16043449e+01   1.23037219e+01   1.07292824e+01   1.64885931e+01
   2.12642375e+01   2.06168250e+01   2.31143967e+01   1.75908301e+01
   1.32991117e+01   1.75708109e+01   2.77837727e+01   2.35750207e+01
   2.37415629e+01   2.23101364e+01   1.54714955e+01   4.30947795e+00
  -2.29592608e+00  -4.35492158e-02  -3.17662656e-01  -1.24049164e+00
  -5.54113715e-01],[  0.10528706  -0.84393002  -3.03962386   6.26060196  -5.39278185
 -10.95642152 -10.71073733  -4.39660841   6.84752064   3.0439311
   4.22851172  11.96795885  22.48633645  19.2168508   13.57853865
   4.00957115  -0.57607709  -1.12139013   4.32073968   8.10805789
  11.45441896  14.57326469   7.22106656  -0.53844041   0.02765708
   9.56945994  12.30976794  17.87376687  16.22066852  12.31000807
   8.80857033   7.0733421    7.5467584   14.59997637  18.92386242
  16.1511834    9.5496953    1.4213564    7.14550528   3.76232365
  -2.94709929  -3.94662061   1.90569956   0.81459065  -3.46630111
  -6.61272944 -12.41482613 -10.51840923 -10.11735394  -9.36930753
  -4.12716858  -2.14694732   4.07876577   4.1872431    2.0360839
   5.79932236  10.66287821  13.12702753   0.39234586   1.97678874
   9.96041935   3.05800466  -4.61377536  -7.29868055  -6.31693507
  -2.85962694  -1.08746596   4.60376018   7.84377924  11.1113441
   6.78293229   8.01758691   7.04536119  10.84358706  16.61637519
   9.71344457   2.37554874  -7.37982692  -6.52638731  -4.1760687
  -9.25685513  -8.14969841  -8.71161888  -6.57733817  -0.38527104
   1.83822712   1.34725931  -4.34886624  -3.60899044  -2.65250529
  -1.80786616  -2.12622291   3.68679655  -3.23577967  -4.65449841
  -2.23990886   0.04604319   1.2388834   -0.71277199  -3.07300947
  -0.79780435  -1.75617299  -5.52095041   0.85898194  -0.40984386
  -5.97338034  -8.21428588  -8.04955221  -7.68684375  -6.87180559
 -10.03087607  -8.03006235  -0.74362625   8.45702241   5.20853831
   3.69755101  -3.49201517 -12.15145416  -3.92210548   3.2785767
   2.72399008   2.92895428   2.84957621   3.13472646   1.04061908
   0.41738711  -4.16229615  -9.2695068   -8.39254534 -10.79463037
 -13.41831514  -7.35213619  -2.38627144  -0.18006726  -3.34696866
  -8.67911642 -13.34987834  -8.0462047   -0.20912328   4.57009892
   3.15955586  -5.42404762  -7.54023295  -0.99241651  -5.35692423
  -3.58784732  -2.04042599   3.2299744   10.81210311  12.3187173
  14.31456697   7.87108622   3.19960934  -0.5161804   -4.06331262
  -5.00522638  -4.39356087   3.51401185   5.68254749   7.38543569
  -0.08034216  -3.84159253   2.3673258    1.3496305    9.69294639
  17.85660545  19.11650236  18.63525853  20.94758719  26.39474422
  20.7386263   12.5469908    5.85060141   8.1838723    9.60874693
   1.51981465   2.18947643   6.18258887   8.26330773   5.08788054
   4.09024501   0.55549174  -4.62994298  -2.78094136  -1.60627037
  -0.87132922   0.04870708  -4.41636992  -7.31052496  -8.62546824
 -11.67062016 -10.80434618 -13.71159871 -14.19045663  -8.87317391
 -10.20723245  -8.59109815  -1.95173164   6.10170257   8.72379418
   6.41842745   6.77445831   3.20021982   5.99122914   8.07900014
   7.3828795   11.11127433   8.85228256   2.35963094   0.15936391
   4.68290202   6.95118081   7.14401911   2.38788666  -7.80740419
  -4.78820937   5.15632977   7.66989396  11.43121348   9.85133252
  12.69819717  13.99765987  16.49116182   9.26570388   4.59671692
   9.71139382  14.0141463   15.75705043   9.28019008  -3.57541599
  -7.74232834  -7.47496152  -4.14633646  -4.06224693  -2.16317401
  -3.3176779    4.46451997   3.82249499  -7.01045133  -4.7555262
  -5.26712564  -5.30681031  -6.52086478  -5.77214708  -3.57247038
  -5.16209976  -1.43773288  -4.18171152 -10.49745893  -9.58006096
  -1.36156421  -1.21144443  -2.28015481  -2.11679034  -0.51351365
  -0.30571401  -0.08223168  -0.9296035   -0.53542686  -3.20488962
   1.40998943],[  6.43560397e-02  -1.48895512e+00  -2.14770969e+00   4.34502852e+00
   5.88569940e+00   7.29228870e+00   1.33277038e+01   1.35954887e+01
   1.25630503e+01   5.33387815e+00   2.31510531e+00   1.03011651e+01
   1.80878737e+01   2.00899820e+01   1.51037159e+01   7.84981824e+00
   3.73181415e+00   2.16601586e+00   1.62101611e+00   7.07078878e-01
  -2.06932359e-01   3.03990435e+00  -1.64023061e+00  -1.26950101e+01
  -1.22394976e+01  -4.53712595e+00  -1.67166515e-01   3.26069441e+00
   8.08134348e+00   9.94795123e+00   5.94713985e+00   5.26399136e+00
   1.37038701e+01   1.88764920e+01   1.68012077e+01   1.52417516e+01
   6.45505168e+00  -1.95111775e+00  -1.41892314e+00   3.70040981e-01
   1.95568068e+00   1.44606234e+00  -9.70602969e-01  -9.41669803e+00
  -1.31840131e+01  -1.33233327e+01  -1.03003533e+01   2.56171049e-03
   2.56124862e+00   1.41023756e+00   8.86935641e-01   5.74989095e-01
  -7.20822428e-02  -3.39587106e+00  -2.78382466e-01   2.48812970e+00
   6.52292454e+00   8.20114428e+00   2.32695428e+00   5.32020233e+00
   7.27260112e+00  -1.90685397e+00  -1.05350807e+01  -1.42931129e+01
  -1.28821028e+01  -3.53511306e+00   5.26773099e-01   1.56692432e+00
   2.94038737e+00   5.40494745e+00  -1.37704562e+00  -3.09333670e+00
  -8.36705636e+00  -9.89762360e+00  -1.61009826e+01  -1.32154928e+01
  -1.07457956e+01  -1.03782625e+01  -8.38217828e+00  -7.11401198e+00
  -6.55351717e+00  -5.83372330e+00  -5.59577724e+00  -3.35090257e+00
   2.46851740e+00   4.07517681e+00   3.24764324e-01   8.92814720e-01
   7.63256249e+00   9.68357202e+00   1.45942392e+01   1.19133380e+01
   1.41524719e+01   9.07282520e+00   7.55254513e+00   1.38809914e+01
   8.92179344e+00   4.87658011e+00   6.41513659e+00   2.27212135e+00
  -3.48196210e+00  -6.41361205e+00  -1.63443827e+01  -1.71421793e+01
  -1.95968214e+01  -1.51421923e+01  -1.32000197e+01  -1.42064553e+01
  -6.63634126e+00  -1.77239850e+00   1.03246408e+00  -2.33578617e+00
  -4.83824846e+00   1.34216619e+00   3.92985576e+00   2.83541436e+00
  -6.18262042e+00  -9.58312654e+00  -3.60514874e+00   1.30330125e+01
   2.15896846e+01   1.87440557e+01   1.36987204e+01   1.02356402e+01
   2.90967630e+00  -3.22030263e+00  -6.09679087e+00  -8.74908026e+00
  -4.17036034e+00  -1.91504784e-01   1.87857726e+00   2.72910408e+00
   9.60225765e+00   1.31770023e+01   1.27215562e+01   1.10116045e+01
   8.32220581e+00   7.65621484e+00   8.62009014e+00   1.15480681e+01
   5.14414784e+00   7.07459917e+00   6.30561688e+00   8.62738318e+00
   3.82725405e+00  -5.04705586e+00  -6.48852251e+00  -6.84182815e+00
  -2.91844513e+00   2.68290566e+00   2.46506148e+00  -1.22049971e+00
  -1.84757511e-01  -4.76742148e+00  -6.92493315e+00  -6.90291338e+00
  -5.41490961e+00  -5.13433523e+00  -2.97454540e+00   4.47920413e+00
   4.00263482e-01   2.58760661e+00   1.45828659e+01   1.01663501e+01
   6.68945416e+00   6.94387281e+00  -2.26801357e+00   5.52041632e+00
   1.30206249e+01   1.07634546e+01   1.16877824e+01   1.44040566e+01
   1.63574140e+01   1.13544332e+01   4.20049587e+00  -6.94104497e-01
   1.91888141e+00   5.71276677e+00   9.81500089e+00   4.02693727e+00
   4.84767306e+00   1.10724270e+01   1.02616352e+01   8.19014703e+00
   7.92711526e+00   1.03944366e+01   1.25284906e+01   7.39901961e+00
  -1.46060700e-01  -2.60439995e+00   6.94643484e+00   1.06290939e+01
   6.44177324e+00   4.48478842e+00   5.07122572e+00   2.45922317e+00
  -9.91411649e-01   2.26746108e+00   7.81742605e+00   1.26163076e+01
   1.04587630e+01   3.57287865e+00  -1.11169451e-01   1.29710227e+00
   7.65276519e+00   5.29318328e+00   2.92838771e+00   1.33953803e+00
   7.59523635e-01   2.89298748e+00   1.05549519e+01   1.50078418e+01
   1.21928470e+01   5.42051091e+00   2.19334579e+00   1.68409918e+01
   2.79442564e+01   2.62783679e+01   1.99575638e+01   1.24392822e+01
   1.46899539e+01   9.64163736e+00   1.09128201e+01   3.29936378e+00
   2.50256058e+00   2.19966148e+00  -2.04031887e+00   7.77687500e+00
   1.15313781e+01   4.09053587e+00   1.59423680e+00   9.40432877e-01
   2.87898391e+00  -2.87483414e+00  -1.09964631e+01  -1.55716496e+01
  -1.17872867e+01  -8.00031331e+00  -1.18587241e+00   1.48313961e+01
   1.38752709e+01   1.15160110e+01   8.91959509e+00   9.40706491e+00
   1.03434961e+01   6.05570913e+00   8.94633337e+00   8.94991129e+00
   2.35413024e+00  -9.94209407e-02   4.27830019e+00   8.48441513e-01
  -8.50957677e+00  -4.97073607e+00   5.40652119e+00   1.01071065e+01
   1.51937674e+01   9.51368879e+00   8.52674580e+00   1.61499569e+00
   7.27491986e-01],[  1.19408496e-02   1.22355236e+00   2.65270733e-01  -6.91274422e+00
   3.46172291e-01   6.81042602e+00   9.74741702e+00   1.04707927e+01
   6.57752446e+00   2.21469372e+00  -5.06742061e-01   1.41411124e+00
   2.36428093e+00   1.96460370e+00   1.49747487e+00  -4.13507876e+00
  -3.91579622e+00   9.01200628e-01  -6.14804863e+00  -1.24849518e+01
  -6.67180680e+00  -8.90849565e+00  -1.12204803e+01  -8.38558008e+00
  -5.64226625e+00  -4.46029087e+00   3.57912502e-01   3.86736615e+00
   8.19768727e+00   1.21548737e+01   8.89189216e+00  -9.07987241e-01
   5.11302414e+00   7.64594889e+00   6.00839716e+00   1.16162371e+01
   6.38289882e+00   4.53151286e+00   6.38810970e+00   7.63454645e+00
   1.16752143e+01   9.73556404e+00   7.66797696e+00  -7.02074093e+00
  -2.00656670e+01  -2.78614164e+01  -2.97998619e+01  -2.98930572e+01
  -2.82877427e+01  -2.00785123e+01  -1.18680702e+01  -8.99581146e+00
  -6.20707075e+00  -3.18222271e+00   5.25384939e-01  -1.16228690e+00
   9.74783731e+00   7.33394828e+00   2.41529878e+00   3.31273621e+00
  -2.36507342e+00  -7.33014440e+00  -7.20186287e+00  -7.25325630e+00
  -8.31960021e+00   3.29348320e+00   2.85075550e+00  -2.25214571e+00
   3.08582899e+00   9.85602874e+00   9.73902319e+00   8.15485475e+00
   4.21060260e+00   8.80389108e+00   1.09568767e+01   1.24988110e+01
   1.56172015e+01   2.01622528e+01   2.13271061e+01   2.08586097e+01
   1.58016361e+01   1.19759078e+01   5.80743472e+00   4.16561637e+00
  -1.10967771e+00  -1.08676354e+01  -1.05476662e+01   7.38950861e+00
   1.27706996e+01   1.32484268e+00   4.62499116e+00   5.97633908e+00
   6.14286270e+00   7.10843361e+00   9.91251939e+00   1.69598768e+01
   1.37116949e+01   8.18988947e+00   5.78601609e+00   3.29226090e+00
   4.99089017e+00   7.04395306e+00   1.42526515e+00   3.12766145e-01
  -4.82238253e+00  -6.51835658e+00  -1.38627712e+01  -1.64797253e+01
  -1.30944979e+01  -8.13316355e+00  -2.46860402e+00  -5.49739590e+00
  -8.14289882e+00  -7.86872053e+00  -4.48807092e+00  -1.45238563e+00
  -5.19463518e+00  -9.11230663e+00  -1.39078735e+01  -1.48877885e+01
  -1.04339696e+01  -3.41519971e+00  -5.90890859e+00  -7.29307668e+00
  -1.00864229e+01  -1.11619904e+01  -1.07927724e+01  -1.27881827e+01
  -1.15893889e+01  -1.08105778e+01  -3.99164862e+00  -9.87653325e-01
  -3.96096770e-01  -1.27442201e-02   5.68458378e+00   1.26232236e+01
   1.21592233e+01   1.44137015e+01   1.44437536e+01   1.72667238e+01
   9.10124760e+00   1.81034371e+01   1.76599159e+01   7.36388630e+00
  -2.25615744e+00  -7.89696214e+00  -6.04528850e+00  -1.09496985e+01
  -1.33197136e+01  -1.10301348e+01  -1.16492447e+01  -7.03096260e+00
  -4.18454410e+00  -3.57587108e+00  -1.72569306e+00   5.77559277e+00
   8.91762892e+00   6.81872380e+00   3.77329307e+00   8.80444883e-01
  -1.55975169e+00  -2.20999516e+00  -2.72415131e+00   4.93991924e+00
   5.78155655e+00   9.55669581e+00   1.29780470e+01   2.29672956e+01
   2.08001087e+01   1.21655515e+01   1.20822161e+01   8.58342137e+00
   5.53084131e+00   2.87842375e+00  -4.78097905e+00  -8.91948308e+00
  -1.15174274e+01  -6.01839510e+00   3.85248133e+00   7.31648831e-01
   3.71054333e+00   7.81767109e+00   1.06446923e+01   8.17494445e+00
   8.66068349e+00   5.70117478e+00   5.86908725e+00   8.54501872e-01
  -5.71888437e+00  -6.07204127e+00   1.12025256e+00   7.93805603e+00
   1.20155101e+01   1.49131011e+01   1.59567653e+01   1.42724134e+01
   1.13924794e+01   5.98017297e+00   3.69809879e+00   7.61983048e+00
   1.26201252e+01   1.29308310e+01   4.94600538e+00   3.24811157e+00
   9.10665698e+00   1.59467293e+01   2.07691776e+01   1.89993832e+01
   1.71037490e+01   8.41711466e+00   9.06666359e+00   9.21553150e+00
   1.02350901e+01   5.43910275e+00   6.29363899e-01   8.91780910e+00
   1.31605510e+01   8.22491290e+00   4.84158100e+00   1.41456101e+00
   7.06153980e+00   9.91386413e+00   1.14468384e+01   2.72989245e+00
   3.10251414e+00   9.05159446e+00   4.31568162e+00   1.00430744e+01
   1.32694613e+01   1.09350587e+01   5.69797133e+00   4.72334273e-01
   7.43783592e-01   9.12564200e-01  -3.32187446e+00  -1.33590791e+01
  -1.03702082e+01  -1.42316284e+01  -1.69568148e+01  -8.83825739e+00
  -1.15816586e+01  -1.06817612e+01  -9.81120008e+00  -5.42021072e+00
  -3.01531074e+00  -7.46652089e+00  -1.11633830e+01  -1.53193463e+01
  -2.11369008e+01  -1.68448993e+01  -8.75418778e+00  -3.41843232e+00
  -8.16235586e+00  -5.46289798e+00  -1.23470337e+00  -1.82621553e+00
  -7.60683045e-01  -1.63688671e+00   5.64315477e+00   7.87478598e+00
   2.97861198e+00],[ -3.90608505e-02   8.21830592e-01   3.07495816e+00  -1.34576426e+00
   2.34563060e+00   2.80415375e+00   2.95802862e+00   4.79216685e-01
  -1.27571276e-01  -7.74267563e+00  -6.02395141e+00  -4.25881374e+00
  -1.10692999e+01  -1.89402697e+01  -1.95745301e+01  -2.10937790e+01
  -2.52279971e+01  -2.65882343e+01  -2.14907452e+01  -1.54732376e+01
  -1.72207734e+01  -2.29181163e+01  -2.11158040e+01  -2.16942823e+01
  -2.75651399e+01  -2.61589249e+01  -1.95896462e+01  -1.41055365e+01
  -7.13861523e+00   1.26058569e+00   9.88988231e-01  -1.63446829e+00
   1.53151415e+00   2.43891064e+00   9.74627105e-01   1.11957081e+00
  -3.15809393e+00  -3.99367869e+00  -8.11384561e-01  -3.31824775e+00
   2.31411293e+00   1.61217966e+00   3.08239244e+00  -6.78949751e+00
  -1.31180256e+01  -1.40566220e+01  -1.67353617e+01  -1.38818639e+01
  -8.04679372e+00  -3.16630009e+00  -1.60949692e+00  -5.30714050e+00
  -2.56455165e+00   5.08286863e+00   2.03981455e+00  -1.27009683e+00
   6.72197595e+00   4.18767913e+00  -9.13153821e-01   2.29724653e-01
  -5.06859053e+00  -3.26442527e+00  -3.17419440e+00  -3.66300130e+00
  -3.58373213e+00  -2.45925207e+00  -8.80957061e-01   1.24199510e+00
   7.82279059e+00   9.14803854e+00   7.73018292e+00   6.26049487e+00
  -9.68612040e-01  -2.52110277e+00  -6.68680220e+00  -1.83533935e+01
  -2.17645212e+01  -2.28228067e+01  -1.95581197e+01  -1.67750655e+01
  -2.11133346e+01  -2.14951410e+01  -1.88005731e+01  -2.10038522e+01
  -2.27805046e+01  -1.76258783e+01  -7.00392979e+00   8.48098530e+00
   1.44237201e+01   8.44629499e+00   1.01117206e+01   9.15037997e+00
   6.69703671e+00   8.95584700e+00   1.56494723e+01   1.70592142e+01
   1.99455057e+01   1.96170694e+01   1.14772008e+01   7.32661736e+00
   9.09922728e+00   3.94429321e+00   5.95162745e-01  -1.32179667e+00
  -1.01565651e-01  -1.38985585e+00  -4.75367490e+00  -6.07214455e+00
  -2.27024718e+00   6.13079757e-02   3.49497827e+00   2.83359221e-03
  -3.24618707e+00  -6.98637368e+00  -6.37865157e+00  -7.29029236e-02
   1.37541731e+00  -4.97001074e+00  -7.20239607e+00  -3.83448998e+00
   1.05988603e+00   6.12947749e-01  -5.76336469e+00  -9.92935991e+00
  -1.34981481e+01  -1.31785439e+01  -1.22164622e+01  -5.32551585e+00
  -5.37722182e+00  -9.96531206e+00  -6.15860235e+00  -1.02511066e+01
  -1.02011372e+01  -3.82655217e+00   6.92172393e+00   1.21274884e+01
   1.34083280e+01   1.38030534e+01   7.70637705e+00   7.83397595e+00
   7.15126935e+00   1.53205990e+01   1.91730907e+01   1.46280322e+01
   3.89870467e+00  -6.58926380e+00  -9.92012226e+00  -1.29949006e+01
  -1.33495973e+01  -1.21703573e+01  -1.31120612e+01  -8.16199205e+00
  -9.29107716e+00  -1.20274847e+01  -1.40626387e+01  -3.11006302e-01
   2.76666515e+00   2.67988480e+00   2.69948372e+00   2.30162657e+00
   5.05365801e+00   3.34599881e+00   2.54028046e+00   1.01340183e+01
   6.38430533e+00   4.80827104e+00   7.25290999e+00   1.76473150e+01
   1.57875101e+01   1.40686849e+01   2.02726490e+01   1.86730053e+01
   1.68592310e+01   1.74422648e+01   1.13695424e+01   1.93303790e+00
   7.65320033e-01   3.26956421e-01   5.41425104e+00   4.45946309e+00
   2.33082147e+00  -2.28057156e+00  -2.41222899e+00  -7.19929655e+00
  -1.00533336e+01  -7.59872221e+00  -1.13581253e+01  -1.68154236e+01
  -1.38120805e+01  -3.28692146e+00   5.14007718e+00   1.42523806e+01
   1.53524202e+01   1.55512951e+01   1.22434553e+01   1.84945066e+01
   1.84573600e+01   7.30168038e+00   2.86413786e+00   6.68648352e+00
   7.15863001e+00  -4.54091172e-02  -2.55649620e+00  -7.19568123e+00
  -4.87231059e+00   2.04459721e+00   7.26735600e+00   4.47128998e+00
   9.95095070e+00   1.04969266e+00   6.57468256e-01   1.06334259e+00
   3.40426048e+00  -2.39443576e+00  -3.68483416e+00   3.22588105e+00
   3.77270983e+00  -3.93485268e+00  -8.43868660e+00  -7.48108743e+00
   1.26826368e+00   7.53888539e+00   8.83086197e+00   6.24744145e+00
   2.12868470e+00   6.38272276e+00   1.30672032e+00   2.54217542e+00
   3.65457529e+00   7.54983811e+00   5.27292654e+00   5.90768136e+00
   6.19309697e+00   2.92380879e+00   7.72998057e-01  -1.00177925e+01
  -3.72995721e+00   1.65788755e-01  -5.30059031e+00  -7.40530440e+00
  -1.17503556e+01  -1.48063960e+01  -1.87808197e+01  -1.58013597e+01
  -1.45289381e+01  -1.29702564e+01  -1.10573300e+01  -8.38995717e+00
  -1.27909910e+01  -1.64173301e+01  -1.30840807e+01  -6.98216086e+00
  -1.28293707e+01  -1.17057654e+01  -1.28422719e+00   6.26508970e+00
   9.70381032e+00   6.76703704e+00   1.18310736e+01   1.42840212e+01
   1.13925110e+01],[ -7.61703262e-02  -4.92112275e-01  -2.93673286e-01   1.84331665e+00
   2.57030128e+00   2.60753865e+00   9.01577250e+00   6.76643289e+00
   2.63290589e+00  -6.18223763e+00  -8.76993325e+00  -1.03913532e+01
  -9.11604009e+00  -8.15102198e+00  -1.22594735e+01  -8.93295802e+00
  -4.71077744e+00  -7.33731225e+00  -6.45669325e+00  -2.02782929e+00
  -2.43333856e+00  -4.44384589e+00  -1.59556439e+00  -1.84140488e+00
   1.71254636e+00  -6.41124413e-01  -2.51910745e+00   5.93997169e-01
   2.68882148e+00   1.13176767e+00  -3.70045328e+00  -6.94358683e-01
   3.60350661e+00   6.26152268e+00   6.43984825e+00   7.22584220e+00
   7.43758796e+00   3.12444588e+00   1.02009437e+01   2.35623830e+01
   3.78072941e+01   3.41905123e+01   1.67280336e+01   2.73366514e+00
  -2.00941411e+00   2.23492519e+00   9.62720990e+00   1.53016035e+01
   1.92411162e+01   1.45181985e+01   6.00641787e+00   4.88730505e-06
  -6.54433421e-01   4.64159488e+00   3.72695648e+00   4.93201034e+00
   8.73529076e-02  -5.53085808e-01  -4.54353067e-01   1.92423782e-01
  -4.27541484e+00  -6.59845848e+00  -5.59864763e+00  -5.14657354e+00
  -3.09429649e+00  -3.16683934e+00  -2.92775945e+00  -3.71938808e+00
   9.22764088e-01   3.92557480e+00   4.55716965e+00   6.54319681e+00
   3.72795891e+00  -4.61770351e+00  -8.31093078e+00  -5.58273572e+00
  -7.74869926e+00  -8.31432471e+00  -9.51932460e+00  -3.84553807e+00
   1.48529664e+00   8.83710852e+00   1.46974849e+01   1.24386301e+01
   1.42815901e+01   1.62800874e+01   9.04531750e+00   1.09471446e+01
   1.09317690e+01   1.04461152e+01   3.61294656e+00   6.24951933e+00
   1.34634191e+01   2.05292159e+01   2.66139556e+01   2.44667148e+01
   2.79817225e+01   2.95670141e+01   2.62040354e+01   2.12811660e+01
   1.90539614e+01   1.00791585e+01   3.92176911e+00  -2.24381894e+00
   3.01560225e-01   1.11562610e+00   3.09590798e+00   6.62787151e+00
   1.34021721e+01   1.54738837e+01   1.41584949e+01   1.13930809e+01
   1.82848085e+01   1.63792779e+01   1.31130448e+01   1.87208224e+01
   2.15235308e+01   1.44800894e+01   6.30367513e+00   6.70265281e+00
   9.98396740e+00   5.78674896e-01  -6.31048060e+00  -6.63507600e+00
  -7.38635413e+00  -1.55139913e+00   2.55102951e+00   9.04815408e+00
   6.93597588e+00   7.57315840e+00   1.13763728e+01   1.11588386e+01
   1.70412598e+01   1.46379988e+01   1.37347662e+01   1.68709007e+01
   1.93674642e+01   1.24544734e+01   1.66980892e+00  -1.09777757e+00
   6.90695126e+00   1.09245326e+01   1.22565793e+01   1.86823692e+01
   9.89980810e+00  -2.28049583e+00  -5.46870861e+00  -4.05197203e+00
  -7.06915391e+00  -4.60525837e+00  -1.18284047e+00   2.93882110e+00
  -6.52239687e-01  -7.16075656e+00  -1.03367973e+01  -2.65510153e+00
  -3.69043643e-01   1.83756412e+00   3.33385187e+00   1.93107964e+00
   2.44006454e+00  -4.73019762e-01  -5.04427121e+00   1.02061714e+00
   3.33837877e+00   7.55874631e+00   7.41854344e+00   1.23489900e+01
   1.39536587e+01   1.59962447e+01   1.39207670e+01   1.33745837e+01
   1.48207502e+01   2.30388926e+01   1.84764778e+01   1.41228150e+01
   8.76547031e+00   1.05447688e+01   1.22007242e+01   1.57077267e+01
   1.01095592e+01   5.95399020e+00   9.71037480e+00   1.80097295e+00
  -5.53090641e+00  -1.63071189e+00  -5.60750045e+00  -7.85393563e+00
  -3.27785319e+00  -3.96950891e-01   6.19198946e+00   7.06097741e+00
   2.29896526e+00   2.64302558e+00   3.57792369e+00   1.29725706e+01
   1.64959401e+01   1.02351694e+01   1.19806177e+01   1.49200662e+01
   1.28248156e+01   9.51852867e+00   1.31487786e+01   1.13726830e+01
   1.40933643e+01   1.34160832e+01   1.02584102e+01   7.74813280e+00
   1.45220754e+01   1.24169870e+01   8.84780496e+00   9.01795471e+00
   5.81624245e+00  -7.85338237e-01  -1.04213373e+00   4.87006865e+00
   4.96055063e-02  -4.13650589e+00  -5.63122796e+00   1.38914708e+00
   3.27932960e+00   2.81360325e+00   4.67634126e+00   3.97984426e+00
   3.05660453e+00   5.31832242e+00   1.98549280e+00   1.82592138e+00
   4.80524701e+00   1.71284586e+01   1.98981135e+01   1.84895193e+01
   1.15132621e+01   6.25236642e+00   2.90293844e-01  -9.86328477e+00
  -7.43372684e+00   2.11188950e+00   5.17145389e+00   3.21874169e+00
  -3.37634141e-01  -2.01619730e+00   7.22189468e-01   6.67811564e+00
   7.10129111e+00   6.11085154e+00   7.53664378e+00   8.26896359e+00
   8.62549026e+00   1.33101143e+00  -3.08822636e+00   2.26960245e+00
  -8.51286107e-01  -3.80940574e+00   9.49859419e-01   5.47445987e+00
   6.99284818e+00   3.65399495e+00   7.23425449e+00   1.01027503e+01
   1.47452904e+01],[ -0.09071236   1.1472559   -2.55174133  -1.07389298  -4.03098139
  -4.86394235  -1.22189255  -1.24999109   0.14431102   5.09504748
   6.967858    13.26342171  19.24164699  19.48779794  12.2685146
   7.65140641  13.84762328  14.87733784   7.20058959  -7.31499719
  -9.88045379 -10.1619167  -12.41655885  -3.7600369    0.62347816
  -1.82387013  -4.58720595  -0.74471355   1.08833153  -4.36144468
  -5.27714369  -1.13395901   5.34588453   3.39443485   3.88047648
   2.49014481   3.30735781   2.02448731  10.39105377  20.45105956
  25.92103253  24.31097039  12.03060313   0.34994015  -5.05387706
   0.87956436   4.92847074   0.02739738 -10.53336135 -12.28626873
  -7.79919651  -1.37399067  -0.69704474  -5.03325168   0.39719217
   5.75906561   1.98162136   5.61683313  10.76679758  10.81991847
  -0.27885739 -10.48992893  -8.12714505  -7.79797416  -7.98473206
  -1.54947656  -3.5260294   -1.85212895   3.99384285   4.83918775
   7.80200903  10.76643216   9.95453599   1.54423413   2.21913968
   8.48661203   8.66053336  15.16025825  12.94748585  13.13364974
  10.80921895   8.60184505   9.5299909    6.41618474   7.14307751
  16.45664569  17.43269536  10.63023154   2.60937863  -0.98274942
  -6.22663079  -1.79892696  -0.086194     3.54356044   6.10244998
  -0.83026143  -3.33474288   6.79289859   9.05472979   6.3655226
   8.99619634   9.72677882   6.46497367   4.74027252  -0.84331731
  -0.89881057  -0.96738842  -1.1551113    3.53718947   4.33698871
   1.1461611    1.84439001  13.08337392   9.33470728   3.78429118
   9.35467879  11.81142568  13.65532505  10.91082569   5.10558681
   1.68253978  -6.25541295  -6.61685362  -4.12127677   6.57860736
  11.62099908  15.14812071  13.66539535   6.05795437   3.18716656
   0.88561061   1.78071083  -1.71775709  -5.33519382 -11.02795298
 -11.41911362  -5.35294733 -13.73406082 -21.60907611 -18.1390108
 -12.58210862 -18.26456245 -19.27192946  -7.7758166   -9.1801669
  -6.26770474  -3.06056866   0.6170019    3.31411649  -0.09929469
  -1.79297333   3.74658631   1.16321495   0.60096471   7.23237005
   6.47987329  -1.01156857   3.0193475    4.29155947   3.19736656
   1.47941679   6.34576379   1.01453158  -3.78948496   4.44233247
  13.97003251  15.85088994  17.39989471  20.34421037  22.3071304
  14.26727557  15.63054606  16.05989555  26.89378438  25.60828722
  20.3486343   11.94233273  11.92859975  10.21595468   9.85056136
   8.58923215   6.94776585  13.06335221  14.71184168  14.3655825   10.894043
   8.34529911   6.93898579   4.9298007   -0.97288147  -2.96356639
  -7.73378945 -13.28972074 -10.57725874  -5.26403301  -0.83688455
   3.33950745  -0.38363991  -1.43750648   3.37214631   1.40144309
  -5.16614115  -5.12022401  -1.95735246   6.28858565   9.8629558
   9.3066667   13.80166129  16.58369823  13.20014953  10.76309085
   9.40111503  10.97476388   8.35779321   5.89932415   4.76221834
   3.17222695   2.90714809  -0.67851045   0.43401573  -0.55271288
  -0.08983135   5.49827215   7.54302027   2.75557576   7.551586
   7.12367404   2.32688662   4.93509757  10.34999533  15.06833769
  11.74180006   3.9779987    7.23915198   6.96746369   1.49872469
  -1.51746251   2.17550891  -7.14163894 -13.05606387  -9.95382533
  -5.76984026  -1.75273834  -2.140318     1.46824659   2.73422379
   2.31049746   1.33897081   3.89634573   2.59847521  -2.77247311
   4.11697707   8.51681989   7.92877813   1.45883703  -4.09648875
   0.30584958   0.92977172   1.08630687   4.08356384   8.51190013],[ -8.01649280e-02   1.13255850e+00   2.88658088e+00   1.82657274e+00
   3.93415608e+00   5.49796374e+00   5.38155529e+00   5.03731132e+00
   2.86408703e+00   3.40887321e+00   1.13414180e+00  -4.63168316e+00
  -1.46313311e+01  -1.55803482e+01  -1.99024901e+01  -1.76155453e+01
  -1.25843304e+01  -1.46809598e+01  -2.06804166e+01  -2.89349665e+01
  -2.51950744e+01  -2.06380761e+01  -1.72661916e+01  -1.13959617e+01
  -1.05477106e+01  -8.89050504e+00  -1.05373762e+01  -1.42266031e+01
  -1.37031879e+01  -1.06335906e+01  -6.37057968e+00  -4.16118066e+00
   3.14337429e+00   8.22268429e-01  -1.18874086e+00  -5.54990065e+00
  -3.72211197e+00  -1.28594440e+00   7.30695749e-01  -4.55459093e-01
  -4.68823409e+00  -3.99793817e+00  -8.59433338e-01  -3.08875218e+00
  -6.08685922e+00  -1.03825086e+00  -4.82974685e-01  -4.12052345e+00
  -1.04322156e+01  -1.13462569e+01  -8.54046833e+00  -8.78668384e-01
  -2.45140641e+00  -9.12716313e+00  -2.56321994e-01   4.18457776e+00
   2.06950574e+00   6.29782821e+00   8.34476796e+00   8.23716901e+00
  -2.34322253e+00  -8.63987688e+00  -8.54204017e+00  -1.03006222e+01
  -7.04743534e+00  -6.02162021e+00  -5.57466613e+00   1.11712918e+00
   3.84096692e+00  -2.08893500e+00   1.98251488e+00  -1.15027499e+00
  -4.87164324e+00  -1.27016684e+01  -1.90982509e+01  -2.10547797e+01
  -1.82074554e+01  -8.86933974e+00  -6.40370629e+00  -8.01166185e+00
  -1.15459057e+01  -1.21032778e+01  -8.26065335e+00  -6.04705854e+00
   2.92824405e+00   2.79179965e+00  -5.71135358e-01  -2.87184597e+00
   9.12204484e-01   3.84768049e+00   3.13005645e+00   8.70055090e+00
   7.59588711e+00   3.90231207e+00  -3.36504456e-02  -5.16403440e+00
  -7.97128568e+00  -2.90311607e+00  -2.21284614e+00   3.31774935e-01
  -2.35189103e-01  -3.28414269e+00  -7.37242293e+00  -1.02225239e+01
  -1.47958054e+01  -7.96181925e+00  -3.66760138e+00  -1.51482940e+00
  -4.82593438e+00  -6.82446213e+00  -7.39997593e-01   8.96698429e+00
   1.60739996e+01   1.02624352e+01   3.90397759e+00   2.57316385e+00
  -8.75980314e-01   5.33937318e+00   1.17139077e+01   9.97234358e+00
   6.07670920e+00  -9.78877315e-01  -1.78799161e+00   9.16989732e-01
   2.56767314e+00  -3.63587636e+00  -9.06320151e+00  -1.38593673e+01
  -1.65293214e+01  -1.32690337e+01  -1.61030307e+01  -1.06622016e+01
  -1.32514632e+01  -1.11939670e+01  -1.22447743e+01  -8.36907564e+00
   3.82519695e+00  -5.60520906e+00  -1.08672421e+01  -6.45426384e+00
  -3.80464296e+00  -7.24130894e+00  -5.03598870e+00   2.65879103e+00
  -2.15504968e-01  -3.45267036e-01  -2.57194315e+00  -3.10037925e+00
  -2.22755376e+00  -5.79268712e+00  -8.37925341e+00  -4.52743554e+00
  -2.43036699e+00  -1.00301603e+00  -2.66366045e-01  -2.35557311e+00
  -8.46484339e+00  -9.10185799e+00  -5.93725094e+00  -1.52622110e+00
  -3.35465387e+00   5.56679087e+00   7.72327713e+00  -1.90982917e+00
  -4.96952141e+00  -7.40326409e+00   2.23047400e+00   5.97804916e+00
   2.63195496e+00   5.96036478e+00   4.99871017e-01   5.83347992e+00
   8.95176765e+00   1.38484355e+01   7.35898510e+00   1.92386944e+00
   2.97037183e+00  -3.73162293e+00  -6.84083205e+00  -1.02938009e+01
  -6.84097147e+00  -1.42647045e+01  -1.51356673e+01  -1.21620795e+01
  -9.12115500e+00  -7.59504202e+00  -6.27054134e+00   9.11731453e-01
   4.31986764e+00   4.49311567e+00   3.63752672e+00   3.47240117e+00
  -2.60933335e+00  -8.94041898e+00  -6.99474029e+00  -8.96235263e+00
  -6.39596496e+00  -1.36993943e+00  -2.01632376e+00   1.13527573e+00
   1.00977959e+01   5.00803259e+00  -4.33167089e+00  -7.53717105e+00
  -9.05109172e+00  -1.10463933e+01  -1.09652942e+01  -6.26081933e+00
  -4.02422944e+00  -4.89673550e+00   1.00629705e+00   3.02939193e+00
   3.12510842e+00   6.82714184e+00   5.97502483e+00  -1.03507500e+00
  -7.01110370e+00  -9.75210376e+00  -7.78366276e+00   1.49722769e+00
   2.47439694e+00  -4.50912249e+00  -1.17443226e+00   4.97777167e+00
  -2.27163251e+00   3.21489337e+00   4.15980911e+00  -4.58030521e+00
  -8.47429755e+00  -5.60169419e+00  -3.16281000e+00  -7.01720444e+00
  -8.29504669e+00   2.60720111e+00   4.39280880e+00  -1.76122534e+00
  -4.44207040e+00  -8.83140441e-01  -2.36513841e+00  -4.14012531e+00
  -3.76078556e+00  -1.23412514e-02   2.76161729e+00   7.37977788e+00
   1.41732410e+01   1.22226725e+01   5.05341582e+00   3.92771070e+00
  -1.68279410e-01  -7.25782288e+00  -9.50615771e+00  -2.82935774e+00
  -2.43475281e+00   3.34154843e+00   8.36010516e-01  -9.99231110e+00
  -5.85787726e+00  -1.80662418e+00  -1.97589390e+00  -6.81390676e-01
   5.86071393e-01]